node	size	children
0	54	15	16	17	18	19	20	21	22	23	24	25	26	27	28
1	33	15
2	11	16
3	46	17
4	52	18
5	62	19
6	15	20
7	77	21
8	20	22
9	79	23
10	20	24
11	84	25
12	69	26
13	77	27
14	77	28
15	71	29	30	31	32	33	34	35	36	37	38	39	40	41
16	63	29
17	31	30
18	97	31
19	46	32
20	44	33
21	53	34
22	35	35
23	17	36
24	89	37
25	58	38
26	30	39
27	49	40
28	97	41
29	82	42	43	44	45	46	47	48	49	50	51	52	53
30	11	42
31	98	43
32	98	44
33	60	45
34	13	46
35	39	47
36	91	48
37	13	49
38	58	50
39	94	51
40	100	52
41	93	53
42	16	54	55	56	57	58	59	60	61	62	63	64
43	33	54
44	60	55
45	73	56
46	98	57
47	16	58
48	57	59
49	25	60
50	67	61
51	29	62
52	73	63
53	36	64
54	51	65	66	67	68	69	70	71	72	73	74
55	100	65
56	67	66
57	73	67
58	63	68
59	44	69
60	92	70
61	77	71
62	14	72
63	93	73
64	35	74
65	97	75	76	77	78	79	80	81	82	83
66	96	75
67	15	76
68	91	77
69	45	78
70	51	79
71	19	80
72	66	81
73	40	82
74	35	83
75	25	84	85	86	87	88	89	90	91
76	27	84
77	68	85
78	52	86
79	45	87
80	42	88
81	30	89
82	63	90
83	34	91
84	17	92	93	94	95	96	97	98
85	42	92
86	98	93
87	33	94
88	99	95
89	51	96
90	73	97
91	12	98
92	58	99	100	101	102	103	104
93	35	99
94	38	100
95	47	101
96	84	102
97	64	103
98	72	104
99	34	105	106	107	108	109
100	24	105
101	22	106
102	92	107
103	16	108
104	84	109
105	95	110	111	112	113
106	96	110
107	47	111
108	76	112
109	62	113
110	65	114	115	116
111	93	114
112	48	115
113	17	116
114	94	117	118
115	89	117
116	88	118
117	60	119
118	14	119
119	24
