node	size	children
0	86	10	11	12	13	14	15	16	17	18
1	23	10
2	39	11
3	56	12
4	26	13
5	73	14
6	13	15
7	88	16
8	63	17
9	39	18
10	71	19	20	21	22	23	24	25	26
11	30	19
12	11	20
13	74	21
14	56	22
15	83	23
16	30	24
17	41	25
18	68	26
19	18	27	28	29	30	31	32	33
20	25	27
21	95	28
22	72	29
23	46	30
24	45	31
25	57	32
26	95	33
27	86	34	35	36	37	38	39
28	22	34
29	71	35
30	41	36
31	76	37
32	20	38
33	29	39
34	94	40	41	42	43	44
35	59	40
36	89	41
37	73	42
38	33	43
39	30	44
40	70	45	46	47	48
41	25	45
42	84	46
43	99	47
44	60	48
45	57	49	50	51
46	58	49
47	33	50
48	32	51
49	100	52	53
50	18	52
51	97	53
52	91	54
53	60	54
54	91
