node	size	children
0	94	15	16	17	18	19	20	21	22	23	24	25	26	27	28
1	61	15
2	88	16
3	31	17
4	49	18
5	71	19
6	78	20
7	77	21
8	78	22
9	31	23
10	19	24
11	44	25
12	92	26
13	58	27
14	55	28
15	55	29	30	31	32	33	34	35	36	37	38	39	40	41
16	85	29
17	45	30
18	39	31
19	37	32
20	91	33
21	19	34
22	45	35
23	14	36
24	10	37
25	97	38
26	92	39
27	87	40
28	18	41
29	42	42	43	44	45	46	47	48	49	50	51	52	53
30	39	42
31	97	43
32	96	44
33	71	45
34	96	46
35	53	47
36	62	48
37	54	49
38	67	50
39	17	51
40	50	52
41	18	53
42	36	54	55	56	57	58	59	60	61	62	63	64
43	64	54
44	39	55
45	60	56
46	71	57
47	29	58
48	78	59
49	96	60
50	82	61
51	81	62
52	81	63
53	20	64
54	18	65	66	67	68	69	70	71	72	73	74
55	94	65
56	54	66
57	98	67
58	15	68
59	100	69
60	60	70
61	15	71
62	50	72
63	77	73
64	90	74
65	59	75	76	77	78	79	80	81	82	83
66	41	75
67	74	76
68	20	77
69	98	78
70	23	79
71	72	80
72	79	81
73	86	82
74	66	83
75	88	84	85	86	87	88	89	90	91
76	19	84
77	86	85
78	17	86
79	48	87
80	73	88
81	30	89
82	16	90
83	46	91
84	84	92	93	94	95	96	97	98
85	91	92
86	74	93
87	23	94
88	17	95
89	56	96
90	17	97
91	31	98
92	99	99	100	101	102	103	104
93	62	99
94	44	100
95	88	101
96	43	102
97	90	103
98	83	104
99	31	105	106	107	108	109
100	96	105
101	92	106
102	99	107
103	63	108
104	78	109
105	41	110	111	112	113
106	44	110
107	74	111
108	17	112
109	53	113
110	80	114	115	116
111	44	114
112	60	115
113	74	116
114	48	117	118
115	32	117
116	92	118
117	40	119
118	20	119
119	49
