node	size	children
0	99	10	11	12	13	14	15	16	17	18
1	63	10
2	52	11
3	14	12
4	88	13
5	65	14
6	71	15
7	25	16
8	50	17
9	15	18
10	11	19	20	21	22	23	24	25	26
11	96	19
12	95	20
13	97	21
14	61	22
15	83	23
16	45	24
17	37	25
18	11	26
19	18	27	28	29	30	31	32	33
20	31	27
21	72	28
22	31	29
23	50	30
24	72	31
25	21	32
26	65	33
27	55	34	35	36	37	38	39
28	85	34
29	13	35
30	25	36
31	92	37
32	45	38
33	33	39
34	26	40	41	42	43	44
35	70	40
36	78	41
37	38	42
38	48	43
39	57	44
40	28	45	46	47	48
41	59	45
42	61	46
43	26	47
44	12	48
45	98	49	50	51
46	86	49
47	80	50
48	50	51
49	95	52	53
50	45	52
51	91	53
52	94	54
53	64	54
54	76
