node	size	children
0	50	15	16	17	18	19	20	21	22	23	24	25	26	27	28
1	42	15
2	58	16
3	46	17
4	32	18
5	19	19
6	34	20
7	77	21
8	44	22
9	26	23
10	11	24
11	61	25
12	39	26
13	86	27
14	29	28
15	18	29	30	31	32	33	34	35	36	37	38	39	40	41
16	39	29
17	58	30
18	20	31
19	31	32
20	91	33
21	41	34
22	64	35
23	53	36
24	71	37
25	42	38
26	81	39
27	69	40
28	55	41
29	53	42	43	44	45	46	47	48	49	50	51	52	53
30	17	42
31	63	43
32	58	44
33	77	45
34	63	46
35	60	47
36	77	48
37	63	49
38	49	50
39	61	51
40	21	52
41	44	53
42	35	54	55	56	57	58	59	60	61	62	63	64
43	40	54
44	43	55
45	91	56
46	68	57
47	65	58
48	61	59
49	32	60
50	42	61
51	55	62
52	99	63
53	40	64
54	65	65	66	67	68	69	70	71	72	73	74
55	94	65
56	31	66
57	10	67
58	19	68
59	30	69
60	23	70
61	43	71
62	32	72
63	54	73
64	24	74
65	87	75	76	77	78	79	80	81	82	83
66	26	75
67	17	76
68	35	77
69	83	78
70	25	79
71	15	80
72	91	81
73	86	82
74	17	83
75	14	84	85	86	87	88	89	90	91
76	57	84
77	11	85
78	47	86
79	73	87
80	99	88
81	100	89
82	20	90
83	91	91
84	46	92	93	94	95	96	97	98
85	62	92
86	98	93
87	93	94
88	88	95
89	10	96
90	84	97
91	98	98
92	33	99	100	101	102	103	104
93	54	99
94	25	100
95	75	101
96	70	102
97	84	103
98	94	104
99	75	105	106	107	108	109
100	60	105
101	58	106
102	62	107
103	53	108
104	35	109
105	86	110	111	112	113
106	80	110
107	28	111
108	27	112
109	98	113
110	39	114	115	116
111	74	114
112	48	115
113	28	116
114	56	117	118
115	76	117
116	32	118
117	58	119
118	20	119
119	74
