node	size	children
0	69	10	11	12	13	14	15	16	17	18
1	38	10
2	61	11
3	59	12
4	18	13
5	56	14
6	43	15
7	67	16
8	34	17
9	32	18
10	32	19	20	21	22	23	24	25	26
11	63	19
12	98	20
13	99	21
14	45	22
15	54	23
16	91	24
17	92	25
18	67	26
19	49	27	28	29	30	31	32	33
20	82	27
21	41	28
22	55	29
23	68	30
24	62	31
25	70	32
26	54	33
27	88	34	35	36	37	38	39
28	27	34
29	30	35
30	75	36
31	55	37
32	35	38
33	62	39
34	12	40	41	42	43	44
35	79	40
36	68	41
37	13	42
38	26	43
39	100	44
40	95	45	46	47	48
41	52	45
42	96	46
43	35	47
44	93	48
45	90	49	50	51
46	43	49
47	78	50
48	11	51
49	96	52	53
50	94	52
51	40	53
52	48	54
53	60	54
54	97
