node	size	children
0	93	10	11	12	13	14	15	16	17	18
1	39	10
2	18	11
3	61	12
4	27	13
5	57	14
6	14	15
7	97	16
8	39	17
9	86	18
10	45	19	20	21	22	23	24	25	26
11	78	19
12	34	20
13	59	21
14	85	22
15	63	23
16	42	24
17	97	25
18	35	26
19	65	27	28	29	30	31	32	33
20	59	27
21	35	28
22	22	29
23	36	30
24	82	31
25	25	32
26	16	33
27	11	34	35	36	37	38	39
28	99	34
29	48	35
30	80	36
31	45	37
32	28	38
33	36	39
34	10	40	41	42	43	44
35	11	40
36	84	41
37	28	42
38	74	43
39	74	44
40	76	45	46	47	48
41	81	45
42	80	46
43	65	47
44	16	48
45	94	49	50	51
46	42	49
47	69	50
48	20	51
49	93	52	53
50	88	52
51	87	53
52	66	54
53	50	54
54	40
