node	size	children
0	13	15	16	17	18	19	20	21	22	23	24	25	26	27	28
1	38	15
2	87	16
3	99	17
4	74	18
5	25	19
6	53	20
7	11	21
8	18	22
9	79	23
10	54	24
11	83	25
12	53	26
13	41	27
14	25	28
15	52	29	30	31	32	33	34	35	36	37	38	39	40	41
16	49	29
17	69	30
18	46	31
19	14	32
20	66	33
21	96	34
22	67	35
23	90	36
24	14	37
25	33	38
26	44	39
27	11	40
28	66	41
29	94	42	43	44	45	46	47	48	49	50	51	52	53
30	55	42
31	55	43
32	87	44
33	59	45
34	69	46
35	72	47
36	24	48
37	66	49
38	16	50
39	95	51
40	68	52
41	95	53
42	12	54	55	56	57	58	59	60	61	62	63	64
43	88	54
44	63	55
45	67	56
46	95	57
47	82	58
48	62	59
49	71	60
50	45	61
51	62	62
52	68	63
53	21	64
54	51	65	66	67	68	69	70	71	72	73	74
55	83	65
56	59	66
57	84	67
58	95	68
59	66	69
60	45	70
61	84	71
62	97	72
63	69	73
64	92	74
65	28	75	76	77	78	79	80	81	82	83
66	27	75
67	34	76
68	16	77
69	29	78
70	19	79
71	44	80
72	11	81
73	13	82
74	18	83
75	66	84	85	86	87	88	89	90	91
76	72	84
77	40	85
78	16	86
79	69	87
80	39	88
81	45	89
82	86	90
83	72	91
84	12	92	93	94	95	96	97	98
85	40	92
86	84	93
87	33	94
88	35	95
89	55	96
90	20	97
91	73	98
92	73	99	100	101	102	103	104
93	41	99
94	67	100
95	95	101
96	89	102
97	13	103
98	76	104
99	48	105	106	107	108	109
100	83	105
101	98	106
102	35	107
103	59	108
104	26	109
105	48	110	111	112	113
106	78	110
107	61	111
108	83	112
109	62	113
110	100	114	115	116
111	76	114
112	47	115
113	21	116
114	43	117	118
115	32	117
116	80	118
117	62	119
118	41	119
119	88
