node	size	children
0	74	35	36	37	38	39	40	41	42	43	44	45	46	47	48	49	50	51	52	53	54	55	56	57	58	59	60	61	62	63	64	65	66	67	68
1	62	35
2	63	36
3	42	37
4	50	38
5	35	39
6	88	40
7	83	41
8	97	42
9	43	43
10	55	44
11	38	45
12	94	46
13	87	47
14	63	48
15	87	49
16	58	50
17	42	51
18	51	52
19	85	53
20	29	54
21	87	55
22	10	56
23	48	57
24	31	58
25	16	59
26	56	60
27	10	61
28	44	62
29	57	63
30	50	64
31	41	65
32	99	66
33	100	67
34	41	68
35	80	69	70	71	72	73	74	75	76	77	78	79	80	81	82	83	84	85	86	87	88	89	90	91	92	93	94	95	96	97	98	99	100	101
36	51	69
37	79	70
38	22	71
39	96	72
40	14	73
41	90	74
42	80	75
43	38	76
44	61	77
45	25	78
46	79	79
47	77	80
48	23	81
49	44	82
50	62	83
51	53	84
52	33	85
53	67	86
54	30	87
55	92	88
56	11	89
57	48	90
58	21	91
59	81	92
60	38	93
61	34	94
62	20	95
63	73	96
64	99	97
65	10	98
66	38	99
67	89	100
68	21	101
69	12	102	103	104	105	106	107	108	109	110	111	112	113	114	115	116	117	118	119	120	121	122	123	124	125	126	127	128	129	130	131	132	133
70	28	102
71	74	103
72	63	104
73	14	105
74	15	106
75	34	107
76	88	108
77	55	109
78	97	110
79	48	111
80	32	112
81	27	113
82	50	114
83	40	115
84	12	116
85	76	117
86	68	118
87	70	119
88	47	120
89	16	121
90	34	122
91	78	123
92	28	124
93	14	125
94	69	126
95	59	127
96	47	128
97	33	129
98	26	130
99	63	131
100	72	132
101	33	133
102	61	134	135	136	137	138	139	140	141	142	143	144	145	146	147	148	149	150	151	152	153	154	155	156	157	158	159	160	161	162	163	164
103	99	134
104	88	135
105	38	136
106	20	137
107	32	138
108	81	139
109	35	140
110	71	141
111	91	142
112	20	143
113	67	144
114	73	145
115	76	146
116	50	147
117	93	148
118	95	149
119	92	150
120	22	151
121	77	152
122	68	153
123	28	154
124	44	155
125	86	156
126	97	157
127	28	158
128	40	159
129	77	160
130	97	161
131	72	162
132	92	163
133	79	164
134	34	165	166	167	168	169	170	171	172	173	174	175	176	177	178	179	180	181	182	183	184	185	186	187	188	189	190	191	192	193	194
135	58	165
136	83	166
137	68	167
138	100	168
139	96	169
140	32	170
141	19	171
142	49	172
143	38	173
144	57	174
145	65	175
146	36	176
147	97	177
148	11	178
149	18	179
150	30	180
151	12	181
152	35	182
153	15	183
154	50	184
155	14	185
156	25	186
157	92	187
158	89	188
159	75	189
160	74	190
161	71	191
162	17	192
163	57	193
164	69	194
165	81	195	196	197	198	199	200	201	202	203	204	205	206	207	208	209	210	211	212	213	214	215	216	217	218	219	220	221	222	223
166	69	195
167	24	196
168	97	197
169	45	198
170	10	199
171	54	200
172	32	201
173	20	202
174	94	203
175	48	204
176	94	205
177	38	206
178	75	207
179	13	208
180	79	209
181	22	210
182	18	211
183	79	212
184	56	213
185	11	214
186	31	215
187	95	216
188	26	217
189	17	218
190	83	219
191	82	220
192	22	221
193	91	222
194	52	223
195	95	224	225	226	227	228	229	230	231	232	233	234	235	236	237	238	239	240	241	242	243	244	245	246	247	248	249	250	251
196	95	224
197	88	225
198	26	226
199	36	227
200	98	228
201	40	229
202	100	230
203	48	231
204	60	232
205	22	233
206	25	234
207	12	235
208	38	236
209	89	237
210	48	238
211	60	239
212	38	240
213	65	241
214	35	242
215	94	243
216	98	244
217	70	245
218	23	246
219	72	247
220	76	248
221	81	249
222	10	250
223	20	251
224	64	252	253	254	255	256	257	258	259	260	261	262	263	264	265	266	267	268	269	270	271	272	273	274	275	276	277	278
225	42	252
226	93	253
227	98	254
228	36	255
229	93	256
230	26	257
231	90	258
232	69	259
233	51	260
234	74	261
235	88	262
236	72	263
237	14	264
238	39	265
239	23	266
240	32	267
241	47	268
242	96	269
243	53	270
244	94	271
245	33	272
246	51	273
247	42	274
248	87	275
249	24	276
250	51	277
251	54	278
252	48	279	280	281	282	283	284	285	286	287	288	289	290	291	292	293	294	295	296	297	298	299	300	301	302	303	304
253	82	279
254	24	280
255	70	281
256	48	282
257	19	283
258	58	284
259	54	285
260	12	286
261	73	287
262	50	288
263	58	289
264	81	290
265	45	291
266	71	292
267	66	293
268	67	294
269	98	295
270	92	296
271	18	297
272	11	298
273	45	299
274	60	300
275	47	301
276	81	302
277	62	303
278	59	304
279	23	305	306	307	308	309	310	311	312	313	314	315	316	317	318	319	320	321	322	323	324	325	326	327	328	329
280	39	305
281	26	306
282	22	307
283	35	308
284	90	309
285	96	310
286	52	311
287	76	312
288	89	313
289	70	314
290	63	315
291	84	316
292	71	317
293	21	318
294	83	319
295	88	320
296	69	321
297	64	322
298	46	323
299	40	324
300	56	325
301	84	326
302	83	327
303	83	328
304	44	329
305	86	330	331	332	333	334	335	336	337	338	339	340	341	342	343	344	345	346	347	348	349	350	351	352	353
306	45	330
307	20	331
308	18	332
309	98	333
310	93	334
311	97	335
312	18	336
313	42	337
314	68	338
315	15	339
316	47	340
317	25	341
318	46	342
319	100	343
320	71	344
321	61	345
322	16	346
323	42	347
324	64	348
325	36	349
326	80	350
327	33	351
328	85	352
329	70	353
330	25	354	355	356	357	358	359	360	361	362	363	364	365	366	367	368	369	370	371	372	373	374	375	376
331	48	354
332	91	355
333	97	356
334	69	357
335	72	358
336	90	359
337	82	360
338	54	361
339	36	362
340	59	363
341	17	364
342	93	365
343	54	366
344	91	367
345	38	368
346	50	369
347	28	370
348	34	371
349	96	372
350	45	373
351	50	374
352	45	375
353	25	376
354	36	377	378	379	380	381	382	383	384	385	386	387	388	389	390	391	392	393	394	395	396	397	398
355	28	377
356	34	378
357	35	379
358	88	380
359	100	381
360	16	382
361	34	383
362	71	384
363	39	385
364	25	386
365	69	387
366	41	388
367	36	389
368	15	390
369	29	391
370	34	392
371	24	393
372	79	394
373	38	395
374	90	396
375	19	397
376	30	398
377	11	399	400	401	402	403	404	405	406	407	408	409	410	411	412	413	414	415	416	417	418	419
378	52	399
379	83	400
380	52	401
381	22	402
382	89	403
383	80	404
384	79	405
385	82	406
386	56	407
387	58	408
388	71	409
389	38	410
390	87	411
391	23	412
392	10	413
393	77	414
394	46	415
395	64	416
396	92	417
397	69	418
398	77	419
399	10	420	421	422	423	424	425	426	427	428	429	430	431	432	433	434	435	436	437	438	439
400	59	420
401	94	421
402	58	422
403	16	423
404	41	424
405	43	425
406	57	426
407	46	427
408	69	428
409	10	429
410	48	430
411	55	431
412	74	432
413	78	433
414	88	434
415	84	435
416	24	436
417	90	437
418	51	438
419	54	439
420	47	440	441	442	443	444	445	446	447	448	449	450	451	452	453	454	455	456	457	458
421	67	440
422	72	441
423	17	442
424	32	443
425	54	444
426	68	445
427	24	446
428	89	447
429	43	448
430	48	449
431	39	450
432	92	451
433	48	452
434	100	453
435	62	454
436	19	455
437	92	456
438	31	457
439	45	458
440	96	459	460	461	462	463	464	465	466	467	468	469	470	471	472	473	474	475	476
441	99	459
442	97	460
443	79	461
444	18	462
445	56	463
446	11	464
447	68	465
448	24	466
449	19	467
450	100	468
451	86	469
452	26	470
453	62	471
454	55	472
455	99	473
456	87	474
457	67	475
458	11	476
459	85	477	478	479	480	481	482	483	484	485	486	487	488	489	490	491	492	493
460	65	477
461	82	478
462	35	479
463	41	480
464	88	481
465	33	482
466	35	483
467	49	484
468	72	485
469	52	486
470	71	487
471	31	488
472	30	489
473	91	490
474	13	491
475	59	492
476	47	493
477	99	494	495	496	497	498	499	500	501	502	503	504	505	506	507	508	509
478	36	494
479	83	495
480	83	496
481	60	497
482	82	498
483	96	499
484	51	500
485	55	501
486	65	502
487	90	503
488	64	504
489	42	505
490	85	506
491	44	507
492	48	508
493	48	509
494	35	510	511	512	513	514	515	516	517	518	519	520	521	522	523	524
495	59	510
496	34	511
497	60	512
498	58	513
499	55	514
500	50	515
501	37	516
502	50	517
503	94	518
504	18	519
505	63	520
506	75	521
507	47	522
508	29	523
509	69	524
510	27	525	526	527	528	529	530	531	532	533	534	535	536	537	538
511	79	525
512	47	526
513	97	527
514	30	528
515	55	529
516	63	530
517	20	531
518	43	532
519	50	533
520	50	534
521	53	535
522	58	536
523	91	537
524	28	538
525	45	539	540	541	542	543	544	545	546	547	548	549	550	551
526	24	539
527	96	540
528	90	541
529	54	542
530	49	543
531	98	544
532	47	545
533	10	546
534	13	547
535	91	548
536	55	549
537	94	550
538	60	551
539	97	552	553	554	555	556	557	558	559	560	561	562	563
540	60	552
541	11	553
542	74	554
543	25	555
544	26	556
545	69	557
546	32	558
547	12	559
548	83	560
549	15	561
550	96	562
551	30	563
552	22	564	565	566	567	568	569	570	571	572	573	574
553	56	564
554	55	565
555	59	566
556	29	567
557	13	568
558	15	569
559	25	570
560	39	571
561	55	572
562	23	573
563	64	574
564	74	575	576	577	578	579	580	581	582	583	584
565	23	575
566	58	576
567	46	577
568	23	578
569	92	579
570	10	580
571	100	581
572	83	582
573	99	583
574	26	584
575	90	585	586	587	588	589	590	591	592	593
576	65	585
577	45	586
578	40	587
579	72	588
580	63	589
581	47	590
582	38	591
583	69	592
584	17	593
585	38	594	595	596	597	598	599	600	601
586	30	594
587	65	595
588	27	596
589	57	597
590	48	598
591	12	599
592	69	600
593	81	601
594	34	602	603	604	605	606	607	608
595	11	602
596	11	603
597	36	604
598	57	605
599	10	606
600	65	607
601	44	608
602	97	609	610	611	612	613	614
603	15	609
604	63	610
605	93	611
606	52	612
607	47	613
608	62	614
609	51	615	616	617	618	619
610	94	615
611	41	616
612	85	617
613	67	618
614	39	619
615	81	620	621	622	623
616	31	620
617	68	621
618	33	622
619	78	623
620	55	624	625	626
621	92	624
622	77	625
623	88	626
624	55	627	628
625	71	627
626	16	628
627	29	629
628	75	629
629	68
