node	size	children
0	55	30	31	32	33	34	35	36	37	38	39	40	41	42	43	44	45	46	47	48	49	50	51	52	53	54	55	56	57	58
1	58	30
2	46	31
3	93	32
4	67	33
5	45	34
6	66	35
7	85	36
8	20	37
9	22	38
10	98	39
11	95	40
12	27	41
13	78	42
14	50	43
15	95	44
16	54	45
17	71	46
18	83	47
19	43	48
20	19	49
21	95	50
22	49	51
23	35	52
24	67	53
25	40	54
26	29	55
27	73	56
28	67	57
29	79	58
30	94	59	60	61	62	63	64	65	66	67	68	69	70	71	72	73	74	75	76	77	78	79	80	81	82	83	84	85	86
31	94	59
32	100	60
33	28	61
34	12	62
35	82	63
36	31	64
37	77	65
38	38	66
39	15	67
40	46	68
41	45	69
42	32	70
43	35	71
44	28	72
45	37	73
46	96	74
47	99	75
48	93	76
49	68	77
50	14	78
51	75	79
52	40	80
53	98	81
54	46	82
55	44	83
56	31	84
57	82	85
58	67	86
59	49	87	88	89	90	91	92	93	94	95	96	97	98	99	100	101	102	103	104	105	106	107	108	109	110	111	112	113
60	68	87
61	89	88
62	87	89
63	26	90
64	77	91
65	96	92
66	59	93
67	29	94
68	69	95
69	39	96
70	34	97
71	78	98
72	63	99
73	45	100
74	54	101
75	65	102
76	22	103
77	50	104
78	32	105
79	77	106
80	36	107
81	30	108
82	94	109
83	15	110
84	30	111
85	37	112
86	36	113
87	53	114	115	116	117	118	119	120	121	122	123	124	125	126	127	128	129	130	131	132	133	134	135	136	137	138	139
88	43	114
89	25	115
90	70	116
91	42	117
92	20	118
93	46	119
94	96	120
95	15	121
96	88	122
97	63	123
98	62	124
99	90	125
100	71	126
101	23	127
102	11	128
103	64	129
104	40	130
105	70	131
106	82	132
107	48	133
108	17	134
109	73	135
110	35	136
111	47	137
112	63	138
113	55	139
114	33	140	141	142	143	144	145	146	147	148	149	150	151	152	153	154	155	156	157	158	159	160	161	162	163	164
115	10	140
116	94	141
117	72	142
118	21	143
119	70	144
120	82	145
121	13	146
122	56	147
123	43	148
124	78	149
125	99	150
126	38	151
127	48	152
128	56	153
129	55	154
130	87	155
131	92	156
132	52	157
133	75	158
134	42	159
135	62	160
136	58	161
137	82	162
138	75	163
139	88	164
140	50	165	166	167	168	169	170	171	172	173	174	175	176	177	178	179	180	181	182	183	184	185	186	187	188
141	51	165
142	95	166
143	53	167
144	36	168
145	45	169
146	53	170
147	97	171
148	78	172
149	73	173
150	72	174
151	17	175
152	88	176
153	88	177
154	100	178
155	53	179
156	48	180
157	16	181
158	20	182
159	60	183
160	12	184
161	47	185
162	76	186
163	89	187
164	89	188
165	28	189	190	191	192	193	194	195	196	197	198	199	200	201	202	203	204	205	206	207	208	209	210	211
166	30	189
167	85	190
168	24	191
169	60	192
170	15	193
171	14	194
172	84	195
173	98	196
174	38	197
175	56	198
176	46	199
177	36	200
178	55	201
179	52	202
180	86	203
181	88	204
182	69	205
183	37	206
184	65	207
185	27	208
186	25	209
187	21	210
188	56	211
189	37	212	213	214	215	216	217	218	219	220	221	222	223	224	225	226	227	228	229	230	231	232	233
190	75	212
191	80	213
192	98	214
193	52	215
194	28	216
195	30	217
196	10	218
197	25	219
198	16	220
199	40	221
200	44	222
201	95	223
202	84	224
203	41	225
204	10	226
205	99	227
206	51	228
207	54	229
208	39	230
209	26	231
210	14	232
211	91	233
212	50	234	235	236	237	238	239	240	241	242	243	244	245	246	247	248	249	250	251	252	253	254
213	51	234
214	33	235
215	74	236
216	42	237
217	99	238
218	74	239
219	14	240
220	57	241
221	18	242
222	21	243
223	75	244
224	97	245
225	35	246
226	67	247
227	26	248
228	79	249
229	13	250
230	17	251
231	11	252
232	14	253
233	80	254
234	11	255	256	257	258	259	260	261	262	263	264	265	266	267	268	269	270	271	272	273	274
235	22	255
236	27	256
237	52	257
238	47	258
239	65	259
240	95	260
241	48	261
242	51	262
243	12	263
244	36	264
245	81	265
246	61	266
247	10	267
248	20	268
249	79	269
250	65	270
251	91	271
252	61	272
253	49	273
254	82	274
255	58	275	276	277	278	279	280	281	282	283	284	285	286	287	288	289	290	291	292	293
256	99	275
257	53	276
258	32	277
259	45	278
260	56	279
261	90	280
262	92	281
263	91	282
264	81	283
265	40	284
266	54	285
267	65	286
268	96	287
269	94	288
270	15	289
271	97	290
272	94	291
273	56	292
274	14	293
275	51	294	295	296	297	298	299	300	301	302	303	304	305	306	307	308	309	310	311
276	59	294
277	35	295
278	91	296
279	97	297
280	33	298
281	22	299
282	52	300
283	62	301
284	39	302
285	35	303
286	96	304
287	35	305
288	84	306
289	46	307
290	74	308
291	100	309
292	63	310
293	15	311
294	84	312	313	314	315	316	317	318	319	320	321	322	323	324	325	326	327	328
295	62	312
296	45	313
297	17	314
298	50	315
299	24	316
300	76	317
301	50	318
302	42	319
303	56	320
304	15	321
305	33	322
306	16	323
307	38	324
308	20	325
309	17	326
310	89	327
311	37	328
312	52	329	330	331	332	333	334	335	336	337	338	339	340	341	342	343	344
313	97	329
314	74	330
315	95	331
316	45	332
317	40	333
318	33	334
319	61	335
320	41	336
321	92	337
322	82	338
323	10	339
324	66	340
325	83	341
326	95	342
327	96	343
328	71	344
329	18	345	346	347	348	349	350	351	352	353	354	355	356	357	358	359
330	61	345
331	24	346
332	65	347
333	97	348
334	95	349
335	58	350
336	81	351
337	11	352
338	12	353
339	33	354
340	58	355
341	50	356
342	72	357
343	73	358
344	78	359
345	76	360	361	362	363	364	365	366	367	368	369	370	371	372	373
346	29	360
347	100	361
348	88	362
349	36	363
350	96	364
351	58	365
352	31	366
353	58	367
354	90	368
355	46	369
356	18	370
357	25	371
358	15	372
359	98	373
360	21	374	375	376	377	378	379	380	381	382	383	384	385	386
361	87	374
362	15	375
363	55	376
364	86	377
365	64	378
366	15	379
367	30	380
368	34	381
369	59	382
370	19	383
371	73	384
372	36	385
373	56	386
374	18	387	388	389	390	391	392	393	394	395	396	397	398
375	100	387
376	70	388
377	65	389
378	22	390
379	43	391
380	87	392
381	80	393
382	84	394
383	25	395
384	11	396
385	44	397
386	91	398
387	41	399	400	401	402	403	404	405	406	407	408	409
388	12	399
389	49	400
390	31	401
391	81	402
392	12	403
393	54	404
394	40	405
395	82	406
396	56	407
397	62	408
398	82	409
399	41	410	411	412	413	414	415	416	417	418	419
400	40	410
401	83	411
402	74	412
403	31	413
404	27	414
405	30	415
406	78	416
407	55	417
408	31	418
409	33	419
410	23	420	421	422	423	424	425	426	427	428
411	10	420
412	26	421
413	68	422
414	26	423
415	56	424
416	56	425
417	50	426
418	86	427
419	97	428
420	17	429	430	431	432	433	434	435	436
421	61	429
422	74	430
423	88	431
424	69	432
425	22	433
426	89	434
427	61	435
428	32	436
429	88	437	438	439	440	441	442	443
430	50	437
431	63	438
432	94	439
433	75	440
434	70	441
435	43	442
436	45	443
437	18	444	445	446	447	448	449
438	21	444
439	51	445
440	33	446
441	45	447
442	62	448
443	88	449
444	75	450	451	452	453	454
445	32	450
446	21	451
447	97	452
448	64	453
449	97	454
450	60	455	456	457	458
451	32	455
452	56	456
453	41	457
454	72	458
455	91	459	460	461
456	86	459
457	97	460
458	39	461
459	50	462	463
460	90	462
461	39	463
462	24	464
463	57	464
464	25
