node	size	children
0	18	10	11	12	13	14	15	16	17	18
1	15	10
2	43	11
3	38	12
4	70	13
5	39	14
6	70	15
7	76	16
8	63	17
9	68	18
10	34	19	20	21	22	23	24	25	26
11	90	19
12	61	20
13	52	21
14	44	22
15	20	23
16	98	24
17	74	25
18	87	26
19	79	27	28	29	30	31	32	33
20	75	27
21	61	28
22	31	29
23	80	30
24	33	31
25	54	32
26	13	33
27	57	34	35	36	37	38	39
28	74	34
29	48	35
30	20	36
31	12	37
32	49	38
33	19	39
34	28	40	41	42	43	44
35	12	40
36	91	41
37	67	42
38	53	43
39	38	44
40	61	45	46	47	48
41	56	45
42	73	46
43	92	47
44	22	48
45	32	49	50	51
46	65	49
47	47	50
48	59	51
49	78	52	53
50	28	52
51	30	53
52	95	54
53	17	54
54	64
