node	size	children
0	46	10	11	12	13	14	15	16	17	18
1	43	10
2	15	11
3	98	12
4	33	13
5	97	14
6	32	15
7	32	16
8	73	17
9	55	18
10	74	19	20	21	22	23	24	25	26
11	37	19
12	23	20
13	35	21
14	100	22
15	13	23
16	34	24
17	65	25
18	98	26
19	55	27	28	29	30	31	32	33
20	47	27
21	14	28
22	13	29
23	35	30
24	41	31
25	92	32
26	67	33
27	31	34	35	36	37	38	39
28	71	34
29	23	35
30	58	36
31	54	37
32	50	38
33	99	39
34	60	40	41	42	43	44
35	32	40
36	63	41
37	71	42
38	17	43
39	79	44
40	43	45	46	47	48
41	31	45
42	32	46
43	76	47
44	83	48
45	43	49	50	51
46	52	49
47	67	50
48	99	51
49	67	52	53
50	46	52
51	58	53
52	84	54
53	18	54
54	82
