node	size	children
0	71	60	61	62	63	64	65	66	67	68	69	70	71	72	73	74	75	76	77	78	79	80	81	82	83	84	85	86	87	88	89	90	91	92	93	94	95	96	97	98	99	100	101	102	103	104	105	106	107	108	109	110	111	112	113	114	115	116	117	118
1	35	60
2	59	61
3	89	62
4	68	63
5	60	64
6	35	65
7	65	66
8	35	67
9	43	68
10	82	69
11	15	70
12	75	71
13	16	72
14	62	73
15	48	74
16	67	75
17	26	76
18	18	77
19	19	78
20	87	79
21	33	80
22	80	81
23	77	82
24	63	83
25	16	84
26	93	85
27	50	86
28	25	87
29	85	88
30	72	89
31	34	90
32	97	91
33	37	92
34	38	93
35	90	94
36	11	95
37	69	96
38	76	97
39	82	98
40	10	99
41	36	100
42	89	101
43	100	102
44	15	103
45	22	104
46	69	105
47	97	106
48	44	107
49	92	108
50	28	109
51	60	110
52	91	111
53	63	112
54	77	113
55	80	114
56	40	115
57	37	116
58	35	117
59	57	118
60	76	119	120	121	122	123	124	125	126	127	128	129	130	131	132	133	134	135	136	137	138	139	140	141	142	143	144	145	146	147	148	149	150	151	152	153	154	155	156	157	158	159	160	161	162	163	164	165	166	167	168	169	170	171	172	173	174	175	176
61	92	119
62	86	120
63	16	121
64	75	122
65	92	123
66	68	124
67	76	125
68	30	126
69	80	127
70	87	128
71	15	129
72	78	130
73	27	131
74	57	132
75	94	133
76	56	134
77	21	135
78	61	136
79	67	137
80	85	138
81	81	139
82	77	140
83	31	141
84	87	142
85	73	143
86	56	144
87	15	145
88	66	146
89	55	147
90	87	148
91	40	149
92	31	150
93	68	151
94	50	152
95	90	153
96	66	154
97	21	155
98	93	156
99	50	157
100	11	158
101	48	159
102	29	160
103	39	161
104	31	162
105	53	163
106	39	164
107	90	165
108	35	166
109	98	167
110	63	168
111	10	169
112	90	170
113	77	171
114	67	172
115	65	173
116	31	174
117	100	175
118	88	176
119	18	177	178	179	180	181	182	183	184	185	186	187	188	189	190	191	192	193	194	195	196	197	198	199	200	201	202	203	204	205	206	207	208	209	210	211	212	213	214	215	216	217	218	219	220	221	222	223	224	225	226	227	228	229	230	231	232	233
120	67	177
121	83	178
122	29	179
123	94	180
124	42	181
125	93	182
126	81	183
127	61	184
128	77	185
129	39	186
130	62	187
131	68	188
132	23	189
133	37	190
134	83	191
135	47	192
136	37	193
137	50	194
138	80	195
139	37	196
140	68	197
141	41	198
142	34	199
143	10	200
144	29	201
145	37	202
146	21	203
147	52	204
148	32	205
149	25	206
150	24	207
151	83	208
152	66	209
153	58	210
154	64	211
155	82	212
156	63	213
157	21	214
158	68	215
159	84	216
160	84	217
161	97	218
162	93	219
163	42	220
164	30	221
165	35	222
166	63	223
167	68	224
168	17	225
169	67	226
170	20	227
171	20	228
172	69	229
173	94	230
174	54	231
175	53	232
176	79	233
177	79	234	235	236	237	238	239	240	241	242	243	244	245	246	247	248	249	250	251	252	253	254	255	256	257	258	259	260	261	262	263	264	265	266	267	268	269	270	271	272	273	274	275	276	277	278	279	280	281	282	283	284	285	286	287	288	289
178	48	234
179	42	235
180	21	236
181	33	237
182	89	238
183	20	239
184	17	240
185	34	241
186	27	242
187	100	243
188	35	244
189	69	245
190	100	246
191	83	247
192	47	248
193	97	249
194	55	250
195	17	251
196	80	252
197	24	253
198	67	254
199	94	255
200	86	256
201	61	257
202	54	258
203	67	259
204	98	260
205	48	261
206	82	262
207	84	263
208	46	264
209	57	265
210	44	266
211	85	267
212	94	268
213	100	269
214	72	270
215	68	271
216	66	272
217	58	273
218	78	274
219	43	275
220	61	276
221	27	277
222	24	278
223	69	279
224	39	280
225	15	281
226	60	282
227	97	283
228	11	284
229	68	285
230	49	286
231	97	287
232	78	288
233	34	289
234	24	290	291	292	293	294	295	296	297	298	299	300	301	302	303	304	305	306	307	308	309	310	311	312	313	314	315	316	317	318	319	320	321	322	323	324	325	326	327	328	329	330	331	332	333	334	335	336	337	338	339	340	341	342	343	344
235	96	290
236	15	291
237	65	292
238	86	293
239	83	294
240	66	295
241	26	296
242	26	297
243	55	298
244	83	299
245	61	300
246	69	301
247	45	302
248	40	303
249	33	304
250	44	305
251	92	306
252	24	307
253	17	308
254	86	309
255	24	310
256	56	311
257	39	312
258	60	313
259	93	314
260	90	315
261	61	316
262	11	317
263	43	318
264	16	319
265	46	320
266	24	321
267	86	322
268	12	323
269	12	324
270	69	325
271	11	326
272	67	327
273	14	328
274	29	329
275	52	330
276	23	331
277	62	332
278	23	333
279	66	334
280	96	335
281	76	336
282	73	337
283	27	338
284	63	339
285	33	340
286	39	341
287	32	342
288	49	343
289	23	344
290	18	345	346	347	348	349	350	351	352	353	354	355	356	357	358	359	360	361	362	363	364	365	366	367	368	369	370	371	372	373	374	375	376	377	378	379	380	381	382	383	384	385	386	387	388	389	390	391	392	393	394	395	396	397	398
291	32	345
292	100	346
293	65	347
294	78	348
295	43	349
296	66	350
297	79	351
298	63	352
299	58	353
300	55	354
301	29	355
302	33	356
303	52	357
304	30	358
305	63	359
306	60	360
307	88	361
308	16	362
309	85	363
310	16	364
311	48	365
312	61	366
313	68	367
314	93	368
315	37	369
316	93	370
317	67	371
318	10	372
319	93	373
320	19	374
321	66	375
322	63	376
323	37	377
324	87	378
325	68	379
326	96	380
327	92	381
328	88	382
329	22	383
330	71	384
331	53	385
332	28	386
333	39	387
334	16	388
335	31	389
336	14	390
337	46	391
338	65	392
339	45	393
340	13	394
341	29	395
342	77	396
343	46	397
344	74	398
345	67	399	400	401	402	403	404	405	406	407	408	409	410	411	412	413	414	415	416	417	418	419	420	421	422	423	424	425	426	427	428	429	430	431	432	433	434	435	436	437	438	439	440	441	442	443	444	445	446	447	448	449	450	451
346	17	399
347	12	400
348	92	401
349	100	402
350	57	403
351	36	404
352	92	405
353	66	406
354	92	407
355	35	408
356	27	409
357	45	410
358	44	411
359	59	412
360	22	413
361	65	414
362	80	415
363	80	416
364	55	417
365	82	418
366	94	419
367	57	420
368	28	421
369	16	422
370	72	423
371	60	424
372	100	425
373	53	426
374	70	427
375	29	428
376	16	429
377	10	430
378	63	431
379	38	432
380	26	433
381	33	434
382	12	435
383	53	436
384	40	437
385	79	438
386	34	439
387	49	440
388	81	441
389	96	442
390	44	443
391	30	444
392	76	445
393	30	446
394	11	447
395	65	448
396	11	449
397	91	450
398	12	451
399	71	452	453	454	455	456	457	458	459	460	461	462	463	464	465	466	467	468	469	470	471	472	473	474	475	476	477	478	479	480	481	482	483	484	485	486	487	488	489	490	491	492	493	494	495	496	497	498	499	500	501	502	503
400	29	452
401	71	453
402	44	454
403	83	455
404	65	456
405	70	457
406	99	458
407	79	459
408	42	460
409	88	461
410	15	462
411	10	463
412	27	464
413	90	465
414	91	466
415	29	467
416	73	468
417	93	469
418	81	470
419	34	471
420	21	472
421	51	473
422	22	474
423	94	475
424	20	476
425	19	477
426	88	478
427	77	479
428	29	480
429	45	481
430	68	482
431	12	483
432	56	484
433	95	485
434	59	486
435	20	487
436	27	488
437	80	489
438	67	490
439	44	491
440	13	492
441	83	493
442	100	494
443	78	495
444	12	496
445	67	497
446	14	498
447	95	499
448	39	500
449	19	501
450	85	502
451	82	503
452	33	504	505	506	507	508	509	510	511	512	513	514	515	516	517	518	519	520	521	522	523	524	525	526	527	528	529	530	531	532	533	534	535	536	537	538	539	540	541	542	543	544	545	546	547	548	549	550	551	552	553	554
453	71	504
454	52	505
455	38	506
456	11	507
457	59	508
458	17	509
459	68	510
460	65	511
461	77	512
462	27	513
463	27	514
464	73	515
465	19	516
466	81	517
467	19	518
468	87	519
469	36	520
470	22	521
471	24	522
472	51	523
473	58	524
474	96	525
475	49	526
476	80	527
477	91	528
478	20	529
479	75	530
480	55	531
481	28	532
482	93	533
483	14	534
484	50	535
485	74	536
486	86	537
487	86	538
488	55	539
489	73	540
490	19	541
491	68	542
492	23	543
493	32	544
494	14	545
495	55	546
496	27	547
497	75	548
498	91	549
499	27	550
500	69	551
501	53	552
502	77	553
503	20	554
504	66	555	556	557	558	559	560	561	562	563	564	565	566	567	568	569	570	571	572	573	574	575	576	577	578	579	580	581	582	583	584	585	586	587	588	589	590	591	592	593	594	595	596	597	598	599	600	601	602	603	604
505	58	555
506	45	556
507	62	557
508	29	558
509	58	559
510	94	560
511	52	561
512	56	562
513	63	563
514	53	564
515	100	565
516	100	566
517	66	567
518	44	568
519	78	569
520	87	570
521	27	571
522	88	572
523	58	573
524	31	574
525	10	575
526	18	576
527	12	577
528	98	578
529	39	579
530	48	580
531	52	581
532	10	582
533	62	583
534	55	584
535	90	585
536	66	586
537	80	587
538	80	588
539	37	589
540	95	590
541	77	591
542	93	592
543	59	593
544	95	594
545	80	595
546	12	596
547	47	597
548	74	598
549	18	599
550	30	600
551	66	601
552	27	602
553	60	603
554	82	604
555	96	605	606	607	608	609	610	611	612	613	614	615	616	617	618	619	620	621	622	623	624	625	626	627	628	629	630	631	632	633	634	635	636	637	638	639	640	641	642	643	644	645	646	647	648	649	650	651	652	653
556	47	605
557	24	606
558	93	607
559	69	608
560	13	609
561	53	610
562	82	611
563	44	612
564	22	613
565	82	614
566	26	615
567	83	616
568	53	617
569	75	618
570	45	619
571	17	620
572	54	621
573	41	622
574	95	623
575	14	624
576	69	625
577	41	626
578	36	627
579	68	628
580	25	629
581	57	630
582	48	631
583	73	632
584	51	633
585	60	634
586	64	635
587	60	636
588	34	637
589	56	638
590	79	639
591	43	640
592	18	641
593	50	642
594	61	643
595	20	644
596	66	645
597	85	646
598	28	647
599	90	648
600	85	649
601	79	650
602	66	651
603	63	652
604	68	653
605	61	654	655	656	657	658	659	660	661	662	663	664	665	666	667	668	669	670	671	672	673	674	675	676	677	678	679	680	681	682	683	684	685	686	687	688	689	690	691	692	693	694	695	696	697	698	699	700	701
606	55	654
607	52	655
608	92	656
609	31	657
610	73	658
611	44	659
612	44	660
613	100	661
614	31	662
615	23	663
616	16	664
617	59	665
618	25	666
619	88	667
620	100	668
621	51	669
622	47	670
623	65	671
624	91	672
625	85	673
626	25	674
627	59	675
628	48	676
629	76	677
630	97	678
631	41	679
632	18	680
633	76	681
634	64	682
635	13	683
636	93	684
637	23	685
638	96	686
639	67	687
640	86	688
641	50	689
642	87	690
643	85	691
644	69	692
645	41	693
646	30	694
647	79	695
648	76	696
649	22	697
650	99	698
651	94	699
652	57	700
653	48	701
654	33	702	703	704	705	706	707	708	709	710	711	712	713	714	715	716	717	718	719	720	721	722	723	724	725	726	727	728	729	730	731	732	733	734	735	736	737	738	739	740	741	742	743	744	745	746	747	748
655	31	702
656	62	703
657	81	704
658	72	705
659	96	706
660	28	707
661	93	708
662	75	709
663	31	710
664	63	711
665	71	712
666	65	713
667	59	714
668	37	715
669	75	716
670	24	717
671	54	718
672	66	719
673	52	720
674	63	721
675	90	722
676	40	723
677	89	724
678	36	725
679	81	726
680	41	727
681	74	728
682	54	729
683	71	730
684	98	731
685	15	732
686	79	733
687	78	734
688	87	735
689	68	736
690	56	737
691	37	738
692	57	739
693	84	740
694	28	741
695	85	742
696	75	743
697	94	744
698	48	745
699	48	746
700	77	747
701	60	748
702	47	749	750	751	752	753	754	755	756	757	758	759	760	761	762	763	764	765	766	767	768	769	770	771	772	773	774	775	776	777	778	779	780	781	782	783	784	785	786	787	788	789	790	791	792	793	794
703	92	749
704	19	750
705	38	751
706	25	752
707	82	753
708	83	754
709	100	755
710	33	756
711	69	757
712	34	758
713	99	759
714	94	760
715	56	761
716	69	762
717	23	763
718	20	764
719	25	765
720	23	766
721	76	767
722	34	768
723	10	769
724	64	770
725	70	771
726	78	772
727	23	773
728	34	774
729	99	775
730	89	776
731	24	777
732	19	778
733	60	779
734	28	780
735	70	781
736	98	782
737	84	783
738	22	784
739	51	785
740	90	786
741	94	787
742	74	788
743	53	789
744	16	790
745	32	791
746	54	792
747	63	793
748	57	794
749	69	795	796	797	798	799	800	801	802	803	804	805	806	807	808	809	810	811	812	813	814	815	816	817	818	819	820	821	822	823	824	825	826	827	828	829	830	831	832	833	834	835	836	837	838	839
750	94	795
751	56	796
752	48	797
753	76	798
754	50	799
755	48	800
756	20	801
757	10	802
758	68	803
759	34	804
760	29	805
761	96	806
762	17	807
763	79	808
764	100	809
765	27	810
766	34	811
767	16	812
768	22	813
769	41	814
770	73	815
771	86	816
772	84	817
773	19	818
774	15	819
775	59	820
776	19	821
777	35	822
778	18	823
779	76	824
780	14	825
781	10	826
782	70	827
783	35	828
784	63	829
785	71	830
786	70	831
787	59	832
788	56	833
789	80	834
790	84	835
791	24	836
792	59	837
793	58	838
794	93	839
795	27	840	841	842	843	844	845	846	847	848	849	850	851	852	853	854	855	856	857	858	859	860	861	862	863	864	865	866	867	868	869	870	871	872	873	874	875	876	877	878	879	880	881	882	883
796	54	840
797	68	841
798	81	842
799	21	843
800	47	844
801	23	845
802	49	846
803	39	847
804	87	848
805	46	849
806	19	850
807	55	851
808	61	852
809	62	853
810	76	854
811	52	855
812	78	856
813	14	857
814	63	858
815	41	859
816	50	860
817	15	861
818	33	862
819	20	863
820	92	864
821	18	865
822	43	866
823	24	867
824	82	868
825	83	869
826	12	870
827	67	871
828	31	872
829	56	873
830	41	874
831	76	875
832	71	876
833	97	877
834	39	878
835	48	879
836	13	880
837	43	881
838	25	882
839	98	883
840	33	884	885	886	887	888	889	890	891	892	893	894	895	896	897	898	899	900	901	902	903	904	905	906	907	908	909	910	911	912	913	914	915	916	917	918	919	920	921	922	923	924	925	926
841	80	884
842	26	885
843	80	886
844	28	887
845	64	888
846	79	889
847	56	890
848	47	891
849	60	892
850	46	893
851	69	894
852	97	895
853	44	896
854	50	897
855	81	898
856	94	899
857	92	900
858	37	901
859	61	902
860	46	903
861	44	904
862	46	905
863	73	906
864	59	907
865	26	908
866	63	909
867	98	910
868	32	911
869	69	912
870	82	913
871	16	914
872	55	915
873	58	916
874	10	917
875	78	918
876	63	919
877	35	920
878	82	921
879	14	922
880	32	923
881	54	924
882	13	925
883	85	926
884	83	927	928	929	930	931	932	933	934	935	936	937	938	939	940	941	942	943	944	945	946	947	948	949	950	951	952	953	954	955	956	957	958	959	960	961	962	963	964	965	966	967	968
885	32	927
886	98	928
887	75	929
888	16	930
889	47	931
890	95	932
891	15	933
892	42	934
893	37	935
894	95	936
895	38	937
896	69	938
897	92	939
898	91	940
899	99	941
900	81	942
901	29	943
902	12	944
903	49	945
904	15	946
905	98	947
906	57	948
907	47	949
908	21	950
909	41	951
910	51	952
911	19	953
912	96	954
913	78	955
914	36	956
915	50	957
916	54	958
917	68	959
918	44	960
919	56	961
920	67	962
921	25	963
922	27	964
923	26	965
924	33	966
925	95	967
926	88	968
927	90	969	970	971	972	973	974	975	976	977	978	979	980	981	982	983	984	985	986	987	988	989	990	991	992	993	994	995	996	997	998	999	1000	1001	1002	1003	1004	1005	1006	1007	1008	1009
928	83	969
929	65	970
930	81	971
931	10	972
932	80	973
933	49	974
934	51	975
935	58	976
936	76	977
937	50	978
938	45	979
939	94	980
940	19	981
941	13	982
942	45	983
943	69	984
944	24	985
945	38	986
946	45	987
947	60	988
948	37	989
949	69	990
950	64	991
951	50	992
952	42	993
953	23	994
954	74	995
955	57	996
956	56	997
957	94	998
958	93	999
959	58	1000
960	18	1001
961	21	1002
962	72	1003
963	84	1004
964	71	1005
965	30	1006
966	96	1007
967	43	1008
968	43	1009
969	49	1010	1011	1012	1013	1014	1015	1016	1017	1018	1019	1020	1021	1022	1023	1024	1025	1026	1027	1028	1029	1030	1031	1032	1033	1034	1035	1036	1037	1038	1039	1040	1041	1042	1043	1044	1045	1046	1047	1048	1049
970	37	1010
971	40	1011
972	25	1012
973	46	1013
974	34	1014
975	82	1015
976	55	1016
977	30	1017
978	86	1018
979	52	1019
980	35	1020
981	11	1021
982	24	1022
983	56	1023
984	34	1024
985	20	1025
986	19	1026
987	35	1027
988	94	1028
989	39	1029
990	89	1030
991	17	1031
992	38	1032
993	42	1033
994	32	1034
995	55	1035
996	92	1036
997	49	1037
998	10	1038
999	35	1039
1000	64	1040
1001	36	1041
1002	93	1042
1003	67	1043
1004	56	1044
1005	75	1045
1006	10	1046
1007	62	1047
1008	29	1048
1009	98	1049
1010	93	1050	1051	1052	1053	1054	1055	1056	1057	1058	1059	1060	1061	1062	1063	1064	1065	1066	1067	1068	1069	1070	1071	1072	1073	1074	1075	1076	1077	1078	1079	1080	1081	1082	1083	1084	1085	1086	1087	1088
1011	95	1050
1012	11	1051
1013	18	1052
1014	45	1053
1015	33	1054
1016	81	1055
1017	89	1056
1018	86	1057
1019	12	1058
1020	53	1059
1021	63	1060
1022	31	1061
1023	96	1062
1024	64	1063
1025	71	1064
1026	34	1065
1027	18	1066
1028	33	1067
1029	78	1068
1030	83	1069
1031	44	1070
1032	24	1071
1033	93	1072
1034	10	1073
1035	36	1074
1036	40	1075
1037	53	1076
1038	54	1077
1039	77	1078
1040	74	1079
1041	33	1080
1042	81	1081
1043	26	1082
1044	70	1083
1045	10	1084
1046	67	1085
1047	54	1086
1048	70	1087
1049	94	1088
1050	34	1089	1090	1091	1092	1093	1094	1095	1096	1097	1098	1099	1100	1101	1102	1103	1104	1105	1106	1107	1108	1109	1110	1111	1112	1113	1114	1115	1116	1117	1118	1119	1120	1121	1122	1123	1124	1125	1126
1051	35	1089
1052	44	1090
1053	13	1091
1054	66	1092
1055	66	1093
1056	15	1094
1057	15	1095
1058	36	1096
1059	56	1097
1060	46	1098
1061	44	1099
1062	58	1100
1063	53	1101
1064	54	1102
1065	24	1103
1066	75	1104
1067	18	1105
1068	53	1106
1069	78	1107
1070	92	1108
1071	32	1109
1072	44	1110
1073	82	1111
1074	57	1112
1075	79	1113
1076	10	1114
1077	28	1115
1078	38	1116
1079	92	1117
1080	88	1118
1081	24	1119
1082	40	1120
1083	82	1121
1084	33	1122
1085	48	1123
1086	59	1124
1087	26	1125
1088	17	1126
1089	95	1127	1128	1129	1130	1131	1132	1133	1134	1135	1136	1137	1138	1139	1140	1141	1142	1143	1144	1145	1146	1147	1148	1149	1150	1151	1152	1153	1154	1155	1156	1157	1158	1159	1160	1161	1162	1163
1090	58	1127
1091	97	1128
1092	37	1129
1093	56	1130
1094	44	1131
1095	52	1132
1096	82	1133
1097	91	1134
1098	70	1135
1099	64	1136
1100	50	1137
1101	34	1138
1102	62	1139
1103	48	1140
1104	79	1141
1105	86	1142
1106	77	1143
1107	88	1144
1108	26	1145
1109	95	1146
1110	37	1147
1111	36	1148
1112	41	1149
1113	71	1150
1114	27	1151
1115	16	1152
1116	11	1153
1117	76	1154
1118	25	1155
1119	61	1156
1120	83	1157
1121	32	1158
1122	59	1159
1123	69	1160
1124	41	1161
1125	22	1162
1126	65	1163
1127	40	1164	1165	1166	1167	1168	1169	1170	1171	1172	1173	1174	1175	1176	1177	1178	1179	1180	1181	1182	1183	1184	1185	1186	1187	1188	1189	1190	1191	1192	1193	1194	1195	1196	1197	1198	1199
1128	77	1164
1129	46	1165
1130	42	1166
1131	80	1167
1132	52	1168
1133	38	1169
1134	15	1170
1135	14	1171
1136	64	1172
1137	26	1173
1138	42	1174
1139	65	1175
1140	49	1176
1141	11	1177
1142	48	1178
1143	82	1179
1144	67	1180
1145	92	1181
1146	62	1182
1147	55	1183
1148	48	1184
1149	74	1185
1150	11	1186
1151	52	1187
1152	66	1188
1153	38	1189
1154	90	1190
1155	25	1191
1156	80	1192
1157	57	1193
1158	99	1194
1159	94	1195
1160	22	1196
1161	90	1197
1162	30	1198
1163	93	1199
1164	59	1200	1201	1202	1203	1204	1205	1206	1207	1208	1209	1210	1211	1212	1213	1214	1215	1216	1217	1218	1219	1220	1221	1222	1223	1224	1225	1226	1227	1228	1229	1230	1231	1232	1233	1234
1165	97	1200
1166	31	1201
1167	25	1202
1168	13	1203
1169	23	1204
1170	46	1205
1171	48	1206
1172	36	1207
1173	72	1208
1174	34	1209
1175	50	1210
1176	96	1211
1177	91	1212
1178	31	1213
1179	75	1214
1180	21	1215
1181	67	1216
1182	21	1217
1183	16	1218
1184	83	1219
1185	25	1220
1186	75	1221
1187	48	1222
1188	21	1223
1189	98	1224
1190	29	1225
1191	40	1226
1192	78	1227
1193	67	1228
1194	34	1229
1195	99	1230
1196	99	1231
1197	34	1232
1198	59	1233
1199	25	1234
1200	27	1235	1236	1237	1238	1239	1240	1241	1242	1243	1244	1245	1246	1247	1248	1249	1250	1251	1252	1253	1254	1255	1256	1257	1258	1259	1260	1261	1262	1263	1264	1265	1266	1267	1268
1201	59	1235
1202	88	1236
1203	60	1237
1204	39	1238
1205	93	1239
1206	36	1240
1207	12	1241
1208	39	1242
1209	47	1243
1210	79	1244
1211	38	1245
1212	25	1246
1213	61	1247
1214	44	1248
1215	10	1249
1216	12	1250
1217	74	1251
1218	85	1252
1219	54	1253
1220	41	1254
1221	73	1255
1222	32	1256
1223	50	1257
1224	62	1258
1225	53	1259
1226	74	1260
1227	91	1261
1228	83	1262
1229	29	1263
1230	41	1264
1231	29	1265
1232	83	1266
1233	60	1267
1234	52	1268
1235	70	1269	1270	1271	1272	1273	1274	1275	1276	1277	1278	1279	1280	1281	1282	1283	1284	1285	1286	1287	1288	1289	1290	1291	1292	1293	1294	1295	1296	1297	1298	1299	1300	1301
1236	19	1269
1237	42	1270
1238	87	1271
1239	57	1272
1240	59	1273
1241	30	1274
1242	64	1275
1243	22	1276
1244	95	1277
1245	31	1278
1246	60	1279
1247	93	1280
1248	10	1281
1249	82	1282
1250	89	1283
1251	22	1284
1252	35	1285
1253	14	1286
1254	55	1287
1255	18	1288
1256	28	1289
1257	36	1290
1258	37	1291
1259	83	1292
1260	72	1293
1261	39	1294
1262	49	1295
1263	26	1296
1264	67	1297
1265	46	1298
1266	84	1299
1267	21	1300
1268	41	1301
1269	52	1302	1303	1304	1305	1306	1307	1308	1309	1310	1311	1312	1313	1314	1315	1316	1317	1318	1319	1320	1321	1322	1323	1324	1325	1326	1327	1328	1329	1330	1331	1332	1333
1270	61	1302
1271	71	1303
1272	80	1304
1273	43	1305
1274	75	1306
1275	25	1307
1276	59	1308
1277	51	1309
1278	44	1310
1279	79	1311
1280	47	1312
1281	16	1313
1282	49	1314
1283	16	1315
1284	41	1316
1285	38	1317
1286	73	1318
1287	47	1319
1288	21	1320
1289	29	1321
1290	98	1322
1291	12	1323
1292	80	1324
1293	29	1325
1294	37	1326
1295	49	1327
1296	13	1328
1297	17	1329
1298	74	1330
1299	75	1331
1300	76	1332
1301	60	1333
1302	97	1334	1335	1336	1337	1338	1339	1340	1341	1342	1343	1344	1345	1346	1347	1348	1349	1350	1351	1352	1353	1354	1355	1356	1357	1358	1359	1360	1361	1362	1363	1364
1303	49	1334
1304	33	1335
1305	57	1336
1306	17	1337
1307	69	1338
1308	93	1339
1309	100	1340
1310	33	1341
1311	80	1342
1312	75	1343
1313	59	1344
1314	15	1345
1315	80	1346
1316	79	1347
1317	53	1348
1318	21	1349
1319	38	1350
1320	73	1351
1321	33	1352
1322	58	1353
1323	46	1354
1324	96	1355
1325	10	1356
1326	13	1357
1327	26	1358
1328	36	1359
1329	21	1360
1330	16	1361
1331	97	1362
1332	90	1363
1333	15	1364
1334	64	1365	1366	1367	1368	1369	1370	1371	1372	1373	1374	1375	1376	1377	1378	1379	1380	1381	1382	1383	1384	1385	1386	1387	1388	1389	1390	1391	1392	1393	1394
1335	55	1365
1336	58	1366
1337	93	1367
1338	21	1368
1339	65	1369
1340	54	1370
1341	55	1371
1342	46	1372
1343	77	1373
1344	38	1374
1345	42	1375
1346	80	1376
1347	27	1377
1348	15	1378
1349	87	1379
1350	68	1380
1351	15	1381
1352	84	1382
1353	83	1383
1354	92	1384
1355	19	1385
1356	77	1386
1357	66	1387
1358	35	1388
1359	53	1389
1360	64	1390
1361	100	1391
1362	22	1392
1363	45	1393
1364	20	1394
1365	97	1395	1396	1397	1398	1399	1400	1401	1402	1403	1404	1405	1406	1407	1408	1409	1410	1411	1412	1413	1414	1415	1416	1417	1418	1419	1420	1421	1422	1423
1366	68	1395
1367	46	1396
1368	87	1397
1369	72	1398
1370	16	1399
1371	68	1400
1372	19	1401
1373	17	1402
1374	61	1403
1375	77	1404
1376	29	1405
1377	28	1406
1378	65	1407
1379	45	1408
1380	29	1409
1381	81	1410
1382	20	1411
1383	95	1412
1384	59	1413
1385	60	1414
1386	88	1415
1387	57	1416
1388	72	1417
1389	55	1418
1390	84	1419
1391	84	1420
1392	34	1421
1393	100	1422
1394	90	1423
1395	67	1424	1425	1426	1427	1428	1429	1430	1431	1432	1433	1434	1435	1436	1437	1438	1439	1440	1441	1442	1443	1444	1445	1446	1447	1448	1449	1450	1451
1396	44	1424
1397	44	1425
1398	87	1426
1399	29	1427
1400	52	1428
1401	28	1429
1402	34	1430
1403	87	1431
1404	33	1432
1405	100	1433
1406	61	1434
1407	73	1435
1408	17	1436
1409	96	1437
1410	94	1438
1411	41	1439
1412	34	1440
1413	67	1441
1414	40	1442
1415	56	1443
1416	31	1444
1417	53	1445
1418	10	1446
1419	67	1447
1420	73	1448
1421	38	1449
1422	63	1450
1423	68	1451
1424	83	1452	1453	1454	1455	1456	1457	1458	1459	1460	1461	1462	1463	1464	1465	1466	1467	1468	1469	1470	1471	1472	1473	1474	1475	1476	1477	1478
1425	71	1452
1426	13	1453
1427	86	1454
1428	94	1455
1429	76	1456
1430	40	1457
1431	39	1458
1432	93	1459
1433	51	1460
1434	19	1461
1435	20	1462
1436	77	1463
1437	33	1464
1438	62	1465
1439	57	1466
1440	42	1467
1441	19	1468
1442	17	1469
1443	61	1470
1444	65	1471
1445	45	1472
1446	12	1473
1447	13	1474
1448	55	1475
1449	49	1476
1450	64	1477
1451	35	1478
1452	76	1479	1480	1481	1482	1483	1484	1485	1486	1487	1488	1489	1490	1491	1492	1493	1494	1495	1496	1497	1498	1499	1500	1501	1502	1503	1504
1453	16	1479
1454	100	1480
1455	36	1481
1456	33	1482
1457	36	1483
1458	39	1484
1459	42	1485
1460	41	1486
1461	43	1487
1462	76	1488
1463	49	1489
1464	94	1490
1465	18	1491
1466	98	1492
1467	10	1493
1468	96	1494
1469	76	1495
1470	90	1496
1471	40	1497
1472	100	1498
1473	65	1499
1474	44	1500
1475	37	1501
1476	96	1502
1477	99	1503
1478	79	1504
1479	38	1505	1506	1507	1508	1509	1510	1511	1512	1513	1514	1515	1516	1517	1518	1519	1520	1521	1522	1523	1524	1525	1526	1527	1528	1529
1480	25	1505
1481	65	1506
1482	14	1507
1483	30	1508
1484	29	1509
1485	57	1510
1486	80	1511
1487	62	1512
1488	67	1513
1489	26	1514
1490	30	1515
1491	21	1516
1492	77	1517
1493	98	1518
1494	22	1519
1495	91	1520
1496	84	1521
1497	70	1522
1498	82	1523
1499	88	1524
1500	98	1525
1501	18	1526
1502	23	1527
1503	76	1528
1504	92	1529
1505	35	1530	1531	1532	1533	1534	1535	1536	1537	1538	1539	1540	1541	1542	1543	1544	1545	1546	1547	1548	1549	1550	1551	1552	1553
1506	41	1530
1507	59	1531
1508	47	1532
1509	79	1533
1510	52	1534
1511	13	1535
1512	67	1536
1513	73	1537
1514	100	1538
1515	49	1539
1516	64	1540
1517	50	1541
1518	94	1542
1519	92	1543
1520	33	1544
1521	88	1545
1522	46	1546
1523	15	1547
1524	55	1548
1525	66	1549
1526	39	1550
1527	49	1551
1528	98	1552
1529	20	1553
1530	76	1554	1555	1556	1557	1558	1559	1560	1561	1562	1563	1564	1565	1566	1567	1568	1569	1570	1571	1572	1573	1574	1575	1576
1531	87	1554
1532	53	1555
1533	16	1556
1534	78	1557
1535	12	1558
1536	52	1559
1537	27	1560
1538	11	1561
1539	37	1562
1540	59	1563
1541	15	1564
1542	66	1565
1543	68	1566
1544	99	1567
1545	49	1568
1546	13	1569
1547	47	1570
1548	56	1571
1549	23	1572
1550	18	1573
1551	49	1574
1552	23	1575
1553	45	1576
1554	65	1577	1578	1579	1580	1581	1582	1583	1584	1585	1586	1587	1588	1589	1590	1591	1592	1593	1594	1595	1596	1597	1598
1555	44	1577
1556	31	1578
1557	29	1579
1558	78	1580
1559	18	1581
1560	56	1582
1561	33	1583
1562	29	1584
1563	70	1585
1564	54	1586
1565	16	1587
1566	10	1588
1567	44	1589
1568	88	1590
1569	56	1591
1570	11	1592
1571	97	1593
1572	10	1594
1573	86	1595
1574	65	1596
1575	93	1597
1576	98	1598
1577	84	1599	1600	1601	1602	1603	1604	1605	1606	1607	1608	1609	1610	1611	1612	1613	1614	1615	1616	1617	1618	1619
1578	87	1599
1579	63	1600
1580	32	1601
1581	88	1602
1582	27	1603
1583	61	1604
1584	66	1605
1585	42	1606
1586	84	1607
1587	43	1608
1588	42	1609
1589	61	1610
1590	49	1611
1591	83	1612
1592	20	1613
1593	22	1614
1594	23	1615
1595	13	1616
1596	61	1617
1597	81	1618
1598	19	1619
1599	68	1620	1621	1622	1623	1624	1625	1626	1627	1628	1629	1630	1631	1632	1633	1634	1635	1636	1637	1638	1639
1600	28	1620
1601	84	1621
1602	31	1622
1603	98	1623
1604	50	1624
1605	32	1625
1606	14	1626
1607	27	1627
1608	55	1628
1609	41	1629
1610	94	1630
1611	89	1631
1612	12	1632
1613	11	1633
1614	67	1634
1615	10	1635
1616	86	1636
1617	29	1637
1618	38	1638
1619	44	1639
1620	21	1640	1641	1642	1643	1644	1645	1646	1647	1648	1649	1650	1651	1652	1653	1654	1655	1656	1657	1658
1621	37	1640
1622	13	1641
1623	85	1642
1624	68	1643
1625	72	1644
1626	60	1645
1627	86	1646
1628	30	1647
1629	44	1648
1630	85	1649
1631	64	1650
1632	76	1651
1633	56	1652
1634	35	1653
1635	53	1654
1636	78	1655
1637	36	1656
1638	32	1657
1639	74	1658
1640	71	1659	1660	1661	1662	1663	1664	1665	1666	1667	1668	1669	1670	1671	1672	1673	1674	1675	1676
1641	57	1659
1642	20	1660
1643	17	1661
1644	72	1662
1645	10	1663
1646	31	1664
1647	11	1665
1648	62	1666
1649	16	1667
1650	25	1668
1651	43	1669
1652	76	1670
1653	37	1671
1654	15	1672
1655	24	1673
1656	25	1674
1657	56	1675
1658	26	1676
1659	98	1677	1678	1679	1680	1681	1682	1683	1684	1685	1686	1687	1688	1689	1690	1691	1692	1693
1660	13	1677
1661	24	1678
1662	77	1679
1663	32	1680
1664	99	1681
1665	52	1682
1666	80	1683
1667	68	1684
1668	88	1685
1669	64	1686
1670	10	1687
1671	57	1688
1672	20	1689
1673	77	1690
1674	60	1691
1675	86	1692
1676	98	1693
1677	100	1694	1695	1696	1697	1698	1699	1700	1701	1702	1703	1704	1705	1706	1707	1708	1709
1678	70	1694
1679	52	1695
1680	44	1696
1681	100	1697
1682	23	1698
1683	76	1699
1684	23	1700
1685	69	1701
1686	43	1702
1687	68	1703
1688	74	1704
1689	92	1705
1690	12	1706
1691	96	1707
1692	87	1708
1693	26	1709
1694	95	1710	1711	1712	1713	1714	1715	1716	1717	1718	1719	1720	1721	1722	1723	1724
1695	54	1710
1696	90	1711
1697	95	1712
1698	93	1713
1699	44	1714
1700	11	1715
1701	31	1716
1702	98	1717
1703	19	1718
1704	43	1719
1705	64	1720
1706	89	1721
1707	73	1722
1708	26	1723
1709	27	1724
1710	50	1725	1726	1727	1728	1729	1730	1731	1732	1733	1734	1735	1736	1737	1738
1711	71	1725
1712	14	1726
1713	91	1727
1714	13	1728
1715	32	1729
1716	95	1730
1717	21	1731
1718	83	1732
1719	86	1733
1720	58	1734
1721	93	1735
1722	57	1736
1723	29	1737
1724	78	1738
1725	75	1739	1740	1741	1742	1743	1744	1745	1746	1747	1748	1749	1750	1751
1726	41	1739
1727	63	1740
1728	79	1741
1729	31	1742
1730	54	1743
1731	84	1744
1732	68	1745
1733	52	1746
1734	97	1747
1735	73	1748
1736	52	1749
1737	37	1750
1738	48	1751
1739	84	1752	1753	1754	1755	1756	1757	1758	1759	1760	1761	1762	1763
1740	92	1752
1741	34	1753
1742	92	1754
1743	43	1755
1744	100	1756
1745	45	1757
1746	60	1758
1747	28	1759
1748	41	1760
1749	89	1761
1750	31	1762
1751	20	1763
1752	13	1764	1765	1766	1767	1768	1769	1770	1771	1772	1773	1774
1753	61	1764
1754	76	1765
1755	84	1766
1756	31	1767
1757	62	1768
1758	65	1769
1759	39	1770
1760	93	1771
1761	81	1772
1762	96	1773
1763	55	1774
1764	10	1775	1776	1777	1778	1779	1780	1781	1782	1783	1784
1765	24	1775
1766	38	1776
1767	38	1777
1768	86	1778
1769	63	1779
1770	58	1780
1771	69	1781
1772	83	1782
1773	59	1783
1774	87	1784
1775	34	1785	1786	1787	1788	1789	1790	1791	1792	1793
1776	50	1785
1777	64	1786
1778	42	1787
1779	40	1788
1780	51	1789
1781	30	1790
1782	69	1791
1783	96	1792
1784	43	1793
1785	38	1794	1795	1796	1797	1798	1799	1800	1801
1786	80	1794
1787	40	1795
1788	92	1796
1789	91	1797
1790	35	1798
1791	22	1799
1792	97	1800
1793	63	1801
1794	66	1802	1803	1804	1805	1806	1807	1808
1795	81	1802
1796	89	1803
1797	34	1804
1798	19	1805
1799	86	1806
1800	32	1807
1801	80	1808
1802	39	1809	1810	1811	1812	1813	1814
1803	54	1809
1804	37	1810
1805	20	1811
1806	25	1812
1807	98	1813
1808	89	1814
1809	66	1815	1816	1817	1818	1819
1810	48	1815
1811	57	1816
1812	97	1817
1813	90	1818
1814	63	1819
1815	48	1820	1821	1822	1823
1816	22	1820
1817	61	1821
1818	59	1822
1819	88	1823
1820	100	1824	1825	1826
1821	45	1824
1822	61	1825
1823	80	1826
1824	10	1827	1828
1825	33	1827
1826	94	1828
1827	73	1829
1828	31	1829
1829	56
