node	size	children
0	66	35	36	37	38	39	40	41	42	43	44	45	46	47	48	49	50	51	52	53	54	55	56	57	58	59	60	61	62	63	64	65	66	67	68
1	58	35
2	35	36
3	81	37
4	44	38
5	86	39
6	19	40
7	68	41
8	75	42
9	40	43
10	55	44
11	52	45
12	74	46
13	88	47
14	32	48
15	37	49
16	39	50
17	94	51
18	40	52
19	30	53
20	12	54
21	78	55
22	41	56
23	67	57
24	83	58
25	78	59
26	91	60
27	49	61
28	57	62
29	94	63
30	51	64
31	67	65
32	12	66
33	36	67
34	90	68
35	68	69	70	71	72	73	74	75	76	77	78	79	80	81	82	83	84	85	86	87	88	89	90	91	92	93	94	95	96	97	98	99	100	101
36	11	69
37	36	70
38	95	71
39	36	72
40	54	73
41	46	74
42	41	75
43	87	76
44	94	77
45	55	78
46	12	79
47	71	80
48	62	81
49	45	82
50	59	83
51	33	84
52	29	85
53	96	86
54	49	87
55	64	88
56	69	89
57	94	90
58	76	91
59	28	92
60	10	93
61	23	94
62	95	95
63	87	96
64	24	97
65	71	98
66	31	99
67	26	100
68	33	101
69	34	102	103	104	105	106	107	108	109	110	111	112	113	114	115	116	117	118	119	120	121	122	123	124	125	126	127	128	129	130	131	132	133
70	13	102
71	82	103
72	21	104
73	51	105
74	99	106
75	71	107
76	38	108
77	38	109
78	20	110
79	44	111
80	19	112
81	100	113
82	75	114
83	32	115
84	87	116
85	56	117
86	33	118
87	86	119
88	11	120
89	31	121
90	30	122
91	47	123
92	15	124
93	65	125
94	19	126
95	53	127
96	49	128
97	51	129
98	30	130
99	42	131
100	56	132
101	63	133
102	33	134	135	136	137	138	139	140	141	142	143	144	145	146	147	148	149	150	151	152	153	154	155	156	157	158	159	160	161	162	163	164
103	66	134
104	95	135
105	69	136
106	92	137
107	16	138
108	61	139
109	67	140
110	42	141
111	96	142
112	44	143
113	59	144
114	47	145
115	75	146
116	76	147
117	60	148
118	51	149
119	87	150
120	87	151
121	94	152
122	95	153
123	26	154
124	40	155
125	49	156
126	61	157
127	45	158
128	18	159
129	46	160
130	28	161
131	21	162
132	47	163
133	84	164
134	28	165	166	167	168	169	170	171	172	173	174	175	176	177	178	179	180	181	182	183	184	185	186	187	188	189	190	191	192	193	194
135	13	165
136	89	166
137	58	167
138	24	168
139	70	169
140	51	170
141	28	171
142	65	172
143	92	173
144	72	174
145	86	175
146	44	176
147	52	177
148	89	178
149	47	179
150	61	180
151	31	181
152	49	182
153	76	183
154	16	184
155	21	185
156	52	186
157	71	187
158	84	188
159	86	189
160	65	190
161	30	191
162	85	192
163	88	193
164	54	194
165	13	195	196	197	198	199	200	201	202	203	204	205	206	207	208	209	210	211	212	213	214	215	216	217	218	219	220	221	222	223
166	20	195
167	93	196
168	11	197
169	20	198
170	37	199
171	68	200
172	73	201
173	32	202
174	81	203
175	86	204
176	36	205
177	56	206
178	55	207
179	22	208
180	48	209
181	61	210
182	47	211
183	47	212
184	31	213
185	70	214
186	22	215
187	90	216
188	27	217
189	47	218
190	15	219
191	36	220
192	28	221
193	11	222
194	10	223
195	62	224	225	226	227	228	229	230	231	232	233	234	235	236	237	238	239	240	241	242	243	244	245	246	247	248	249	250	251
196	67	224
197	46	225
198	38	226
199	44	227
200	98	228
201	26	229
202	27	230
203	49	231
204	41	232
205	99	233
206	42	234
207	37	235
208	10	236
209	64	237
210	86	238
211	80	239
212	12	240
213	78	241
214	95	242
215	39	243
216	91	244
217	65	245
218	58	246
219	89	247
220	59	248
221	11	249
222	69	250
223	49	251
224	45	252	253	254	255	256	257	258	259	260	261	262	263	264	265	266	267	268	269	270	271	272	273	274	275	276	277	278
225	30	252
226	68	253
227	45	254
228	14	255
229	47	256
230	14	257
231	77	258
232	51	259
233	18	260
234	60	261
235	56	262
236	90	263
237	61	264
238	19	265
239	54	266
240	84	267
241	76	268
242	29	269
243	44	270
244	45	271
245	95	272
246	38	273
247	53	274
248	46	275
249	61	276
250	23	277
251	85	278
252	55	279	280	281	282	283	284	285	286	287	288	289	290	291	292	293	294	295	296	297	298	299	300	301	302	303	304
253	35	279
254	82	280
255	16	281
256	50	282
257	74	283
258	54	284
259	53	285
260	87	286
261	91	287
262	74	288
263	99	289
264	54	290
265	46	291
266	33	292
267	47	293
268	90	294
269	47	295
270	62	296
271	39	297
272	30	298
273	81	299
274	34	300
275	79	301
276	83	302
277	53	303
278	14	304
279	14	305	306	307	308	309	310	311	312	313	314	315	316	317	318	319	320	321	322	323	324	325	326	327	328	329
280	100	305
281	38	306
282	21	307
283	36	308
284	82	309
285	83	310
286	45	311
287	17	312
288	54	313
289	83	314
290	90	315
291	70	316
292	47	317
293	76	318
294	58	319
295	49	320
296	14	321
297	71	322
298	10	323
299	65	324
300	32	325
301	79	326
302	71	327
303	50	328
304	21	329
305	53	330	331	332	333	334	335	336	337	338	339	340	341	342	343	344	345	346	347	348	349	350	351	352	353
306	20	330
307	68	331
308	47	332
309	19	333
310	68	334
311	49	335
312	74	336
313	98	337
314	26	338
315	13	339
316	17	340
317	38	341
318	95	342
319	38	343
320	33	344
321	67	345
322	87	346
323	19	347
324	88	348
325	67	349
326	80	350
327	18	351
328	25	352
329	18	353
330	84	354	355	356	357	358	359	360	361	362	363	364	365	366	367	368	369	370	371	372	373	374	375	376
331	76	354
332	80	355
333	39	356
334	64	357
335	98	358
336	40	359
337	13	360
338	33	361
339	50	362
340	21	363
341	20	364
342	56	365
343	41	366
344	63	367
345	100	368
346	42	369
347	90	370
348	53	371
349	14	372
350	43	373
351	61	374
352	68	375
353	68	376
354	92	377	378	379	380	381	382	383	384	385	386	387	388	389	390	391	392	393	394	395	396	397	398
355	29	377
356	24	378
357	23	379
358	44	380
359	92	381
360	22	382
361	98	383
362	66	384
363	100	385
364	76	386
365	81	387
366	94	388
367	70	389
368	35	390
369	41	391
370	96	392
371	25	393
372	15	394
373	17	395
374	64	396
375	73	397
376	15	398
377	81	399	400	401	402	403	404	405	406	407	408	409	410	411	412	413	414	415	416	417	418	419
378	91	399
379	85	400
380	58	401
381	93	402
382	70	403
383	90	404
384	85	405
385	100	406
386	23	407
387	32	408
388	13	409
389	79	410
390	89	411
391	63	412
392	38	413
393	33	414
394	21	415
395	99	416
396	52	417
397	91	418
398	64	419
399	21	420	421	422	423	424	425	426	427	428	429	430	431	432	433	434	435	436	437	438	439
400	12	420
401	12	421
402	35	422
403	72	423
404	12	424
405	64	425
406	48	426
407	95	427
408	91	428
409	31	429
410	99	430
411	17	431
412	67	432
413	33	433
414	24	434
415	11	435
416	92	436
417	13	437
418	56	438
419	93	439
420	23	440	441	442	443	444	445	446	447	448	449	450	451	452	453	454	455	456	457	458
421	42	440
422	93	441
423	47	442
424	78	443
425	11	444
426	76	445
427	34	446
428	74	447
429	83	448
430	28	449
431	66	450
432	29	451
433	78	452
434	72	453
435	50	454
436	29	455
437	38	456
438	49	457
439	53	458
440	81	459	460	461	462	463	464	465	466	467	468	469	470	471	472	473	474	475	476
441	39	459
442	81	460
443	86	461
444	51	462
445	37	463
446	82	464
447	70	465
448	86	466
449	22	467
450	69	468
451	72	469
452	30	470
453	93	471
454	34	472
455	65	473
456	38	474
457	60	475
458	20	476
459	97	477	478	479	480	481	482	483	484	485	486	487	488	489	490	491	492	493
460	34	477
461	67	478
462	29	479
463	33	480
464	51	481
465	36	482
466	92	483
467	74	484
468	19	485
469	76	486
470	75	487
471	37	488
472	72	489
473	41	490
474	18	491
475	100	492
476	93	493
477	19	494	495	496	497	498	499	500	501	502	503	504	505	506	507	508	509
478	61	494
479	46	495
480	43	496
481	15	497
482	78	498
483	84	499
484	33	500
485	18	501
486	73	502
487	71	503
488	13	504
489	15	505
490	86	506
491	71	507
492	50	508
493	86	509
494	67	510	511	512	513	514	515	516	517	518	519	520	521	522	523	524
495	46	510
496	30	511
497	57	512
498	71	513
499	46	514
500	80	515
501	37	516
502	53	517
503	83	518
504	66	519
505	34	520
506	51	521
507	75	522
508	91	523
509	28	524
510	55	525	526	527	528	529	530	531	532	533	534	535	536	537	538
511	32	525
512	86	526
513	40	527
514	82	528
515	63	529
516	47	530
517	51	531
518	30	532
519	77	533
520	46	534
521	29	535
522	85	536
523	10	537
524	30	538
525	80	539	540	541	542	543	544	545	546	547	548	549	550	551
526	57	539
527	84	540
528	83	541
529	15	542
530	42	543
531	65	544
532	68	545
533	44	546
534	32	547
535	82	548
536	19	549
537	89	550
538	82	551
539	87	552	553	554	555	556	557	558	559	560	561	562	563
540	19	552
541	80	553
542	34	554
543	34	555
544	87	556
545	83	557
546	41	558
547	58	559
548	98	560
549	14	561
550	99	562
551	51	563
552	34	564	565	566	567	568	569	570	571	572	573	574
553	95	564
554	13	565
555	90	566
556	74	567
557	19	568
558	51	569
559	77	570
560	19	571
561	83	572
562	74	573
563	34	574
564	12	575	576	577	578	579	580	581	582	583	584
565	52	575
566	89	576
567	74	577
568	22	578
569	49	579
570	21	580
571	20	581
572	25	582
573	74	583
574	97	584
575	92	585	586	587	588	589	590	591	592	593
576	73	585
577	69	586
578	82	587
579	80	588
580	46	589
581	42	590
582	40	591
583	26	592
584	31	593
585	68	594	595	596	597	598	599	600	601
586	53	594
587	39	595
588	60	596
589	88	597
590	67	598
591	21	599
592	33	600
593	49	601
594	96	602	603	604	605	606	607	608
595	46	602
596	25	603
597	95	604
598	97	605
599	23	606
600	11	607
601	10	608
602	53	609	610	611	612	613	614
603	31	609
604	40	610
605	84	611
606	50	612
607	29	613
608	61	614
609	31	615	616	617	618	619
610	49	615
611	21	616
612	47	617
613	75	618
614	76	619
615	16	620	621	622	623
616	72	620
617	40	621
618	85	622
619	35	623
620	32	624	625	626
621	60	624
622	65	625
623	76	626
624	63	627	628
625	58	627
626	43	628
627	94	629
628	54	629
629	96
