node	size	children
0	96	15	16	17	18	19	20	21	22	23	24	25	26	27	28
1	82	15
2	23	16
3	51	17
4	94	18
5	86	19
6	54	20
7	79	21
8	33	22
9	16	23
10	51	24
11	14	25
12	99	26
13	66	27
14	54	28
15	41	29	30	31	32	33	34	35	36	37	38	39	40	41
16	39	29
17	29	30
18	67	31
19	62	32
20	31	33
21	41	34
22	16	35
23	58	36
24	21	37
25	51	38
26	21	39
27	63	40
28	23	41
29	46	42	43	44	45	46	47	48	49	50	51	52	53
30	22	42
31	73	43
32	68	44
33	26	45
34	26	46
35	73	47
36	41	48
37	47	49
38	91	50
39	89	51
40	53	52
41	56	53
42	70	54	55	56	57	58	59	60	61	62	63	64
43	98	54
44	25	55
45	64	56
46	27	57
47	30	58
48	13	59
49	84	60
50	25	61
51	41	62
52	35	63
53	41	64
54	26	65	66	67	68	69	70	71	72	73	74
55	12	65
56	18	66
57	59	67
58	20	68
59	58	69
60	51	70
61	42	71
62	28	72
63	91	73
64	43	74
65	21	75	76	77	78	79	80	81	82	83
66	55	75
67	40	76
68	72	77
69	39	78
70	13	79
71	18	80
72	82	81
73	53	82
74	67	83
75	72	84	85	86	87	88	89	90	91
76	17	84
77	56	85
78	89	86
79	24	87
80	93	88
81	44	89
82	15	90
83	10	91
84	35	92	93	94	95	96	97	98
85	89	92
86	83	93
87	17	94
88	78	95
89	64	96
90	26	97
91	99	98
92	29	99	100	101	102	103	104
93	58	99
94	43	100
95	94	101
96	54	102
97	31	103
98	66	104
99	79	105	106	107	108	109
100	43	105
101	58	106
102	52	107
103	75	108
104	78	109
105	15	110	111	112	113
106	13	110
107	23	111
108	32	112
109	22	113
110	74	114	115	116
111	72	114
112	91	115
113	86	116
114	56	117	118
115	78	117
116	58	118
117	12	119
118	19	119
119	88
