node	size	children
0	57	15	16	17	18	19	20	21	22	23	24	25	26	27	28
1	30	15
2	63	16
3	65	17
4	46	18
5	44	19
6	14	20
7	77	21
8	40	22
9	28	23
10	83	24
11	81	25
12	10	26
13	64	27
14	40	28
15	20	29	30	31	32	33	34	35	36	37	38	39	40	41
16	46	29
17	47	30
18	58	31
19	88	32
20	93	33
21	93	34
22	41	35
23	52	36
24	41	37
25	53	38
26	77	39
27	93	40
28	51	41
29	63	42	43	44	45	46	47	48	49	50	51	52	53
30	30	42
31	12	43
32	51	44
33	93	45
34	22	46
35	32	47
36	26	48
37	62	49
38	55	50
39	25	51
40	48	52
41	13	53
42	93	54	55	56	57	58	59	60	61	62	63	64
43	38	54
44	42	55
45	81	56
46	62	57
47	35	58
48	67	59
49	30	60
50	11	61
51	29	62
52	70	63
53	56	64
54	26	65	66	67	68	69	70	71	72	73	74
55	98	65
56	97	66
57	51	67
58	23	68
59	60	69
60	47	70
61	88	71
62	17	72
63	58	73
64	100	74
65	26	75	76	77	78	79	80	81	82	83
66	55	75
67	37	76
68	64	77
69	38	78
70	16	79
71	46	80
72	78	81
73	48	82
74	29	83
75	82	84	85	86	87	88	89	90	91
76	91	84
77	41	85
78	28	86
79	52	87
80	27	88
81	66	89
82	13	90
83	44	91
84	52	92	93	94	95	96	97	98
85	86	92
86	61	93
87	63	94
88	15	95
89	36	96
90	80	97
91	74	98
92	51	99	100	101	102	103	104
93	58	99
94	57	100
95	58	101
96	50	102
97	53	103
98	46	104
99	55	105	106	107	108	109
100	60	105
101	79	106
102	24	107
103	19	108
104	26	109
105	40	110	111	112	113
106	88	110
107	16	111
108	96	112
109	78	113
110	43	114	115	116
111	34	114
112	34	115
113	91	116
114	68	117	118
115	57	117
116	47	118
117	82	119
118	12	119
119	99
