node	size	children
0	65	15	16	17	18	19	20	21	22	23	24	25	26	27	28
1	79	15
2	36	16
3	17	17
4	62	18
5	56	19
6	24	20
7	94	21
8	53	22
9	39	23
10	58	24
11	64	25
12	14	26
13	43	27
14	40	28
15	51	29	30	31	32	33	34	35	36	37	38	39	40	41
16	22	29
17	59	30
18	15	31
19	59	32
20	100	33
21	28	34
22	39	35
23	72	36
24	83	37
25	17	38
26	33	39
27	22	40
28	72	41
29	10	42	43	44	45	46	47	48	49	50	51	52	53
30	79	42
31	20	43
32	64	44
33	53	45
34	52	46
35	65	47
36	47	48
37	82	49
38	41	50
39	19	51
40	94	52
41	87	53
42	85	54	55	56	57	58	59	60	61	62	63	64
43	77	54
44	97	55
45	47	56
46	21	57
47	94	58
48	76	59
49	100	60
50	95	61
51	28	62
52	26	63
53	44	64
54	16	65	66	67	68	69	70	71	72	73	74
55	94	65
56	77	66
57	75	67
58	62	68
59	14	69
60	86	70
61	81	71
62	22	72
63	85	73
64	82	74
65	78	75	76	77	78	79	80	81	82	83
66	28	75
67	82	76
68	24	77
69	85	78
70	24	79
71	26	80
72	84	81
73	31	82
74	70	83
75	67	84	85	86	87	88	89	90	91
76	57	84
77	92	85
78	42	86
79	38	87
80	89	88
81	63	89
82	45	90
83	72	91
84	84	92	93	94	95	96	97	98
85	51	92
86	49	93
87	74	94
88	44	95
89	91	96
90	52	97
91	66	98
92	37	99	100	101	102	103	104
93	59	99
94	78	100
95	49	101
96	55	102
97	62	103
98	31	104
99	42	105	106	107	108	109
100	91	105
101	45	106
102	44	107
103	58	108
104	59	109
105	16	110	111	112	113
106	92	110
107	30	111
108	66	112
109	59	113
110	20	114	115	116
111	49	114
112	95	115
113	40	116
114	67	117	118
115	76	117
116	40	118
117	73	119
118	22	119
119	25
