node	size	children
0	82	15	16	17	18	19	20	21	22	23	24	25	26	27	28
1	89	15
2	66	16
3	55	17
4	58	18
5	77	19
6	91	20
7	62	21
8	81	22
9	100	23
10	23	24
11	78	25
12	38	26
13	74	27
14	32	28
15	80	29	30	31	32	33	34	35	36	37	38	39	40	41
16	77	29
17	23	30
18	13	31
19	28	32
20	61	33
21	74	34
22	79	35
23	54	36
24	89	37
25	78	38
26	41	39
27	19	40
28	84	41
29	58	42	43	44	45	46	47	48	49	50	51	52	53
30	20	42
31	44	43
32	87	44
33	51	45
34	21	46
35	64	47
36	46	48
37	55	49
38	82	50
39	59	51
40	23	52
41	54	53
42	30	54	55	56	57	58	59	60	61	62	63	64
43	47	54
44	75	55
45	80	56
46	75	57
47	11	58
48	68	59
49	64	60
50	73	61
51	61	62
52	59	63
53	75	64
54	32	65	66	67	68	69	70	71	72	73	74
55	64	65
56	41	66
57	85	67
58	26	68
59	97	69
60	92	70
61	41	71
62	63	72
63	30	73
64	46	74
65	48	75	76	77	78	79	80	81	82	83
66	52	75
67	36	76
68	96	77
69	65	78
70	23	79
71	92	80
72	63	81
73	22	82
74	56	83
75	19	84	85	86	87	88	89	90	91
76	65	84
77	33	85
78	11	86
79	76	87
80	89	88
81	63	89
82	94	90
83	19	91
84	61	92	93	94	95	96	97	98
85	93	92
86	73	93
87	81	94
88	93	95
89	12	96
90	74	97
91	69	98
92	23	99	100	101	102	103	104
93	80	99
94	62	100
95	44	101
96	65	102
97	16	103
98	48	104
99	17	105	106	107	108	109
100	77	105
101	19	106
102	95	107
103	86	108
104	94	109
105	92	110	111	112	113
106	51	110
107	21	111
108	20	112
109	31	113
110	99	114	115	116
111	25	114
112	86	115
113	26	116
114	21	117	118
115	86	117
116	93	118
117	40	119
118	89	119
119	38
