node	size	children
0	12	15	16	17	18	19	20	21	22	23	24	25	26	27	28
1	47	15
2	44	16
3	80	17
4	83	18
5	53	19
6	99	20
7	99	21
8	23	22
9	44	23
10	64	24
11	78	25
12	44	26
13	45	27
14	98	28
15	85	29	30	31	32	33	34	35	36	37	38	39	40	41
16	86	29
17	61	30
18	86	31
19	15	32
20	52	33
21	13	34
22	47	35
23	22	36
24	34	37
25	11	38
26	15	39
27	16	40
28	88	41
29	72	42	43	44	45	46	47	48	49	50	51	52	53
30	83	42
31	58	43
32	100	44
33	78	45
34	100	46
35	93	47
36	60	48
37	63	49
38	79	50
39	76	51
40	95	52
41	78	53
42	87	54	55	56	57	58	59	60	61	62	63	64
43	44	54
44	32	55
45	31	56
46	50	57
47	28	58
48	21	59
49	32	60
50	96	61
51	35	62
52	65	63
53	28	64
54	30	65	66	67	68	69	70	71	72	73	74
55	89	65
56	71	66
57	78	67
58	66	68
59	14	69
60	42	70
61	34	71
62	20	72
63	12	73
64	71	74
65	55	75	76	77	78	79	80	81	82	83
66	57	75
67	53	76
68	80	77
69	85	78
70	57	79
71	38	80
72	87	81
73	84	82
74	60	83
75	98	84	85	86	87	88	89	90	91
76	61	84
77	18	85
78	89	86
79	82	87
80	46	88
81	63	89
82	22	90
83	53	91
84	12	92	93	94	95	96	97	98
85	48	92
86	78	93
87	81	94
88	66	95
89	68	96
90	74	97
91	83	98
92	29	99	100	101	102	103	104
93	92	99
94	22	100
95	66	101
96	11	102
97	99	103
98	41	104
99	65	105	106	107	108	109
100	63	105
101	67	106
102	45	107
103	60	108
104	49	109
105	18	110	111	112	113
106	92	110
107	76	111
108	41	112
109	59	113
110	56	114	115	116
111	51	114
112	81	115
113	92	116
114	46	117	118
115	37	117
116	66	118
117	57	119
118	88	119
119	73
