node	size	children
0	44	10	11	12	13	14	15	16	17	18
1	82	10
2	96	11
3	26	12
4	76	13
5	80	14
6	64	15
7	64	16
8	24	17
9	50	18
10	24	19	20	21	22	23	24	25	26
11	19	19
12	15	20
13	51	21
14	88	22
15	40	23
16	64	24
17	23	25
18	74	26
19	69	27	28	29	30	31	32	33
20	11	27
21	15	28
22	98	29
23	75	30
24	85	31
25	95	32
26	29	33
27	10	34	35	36	37	38	39
28	26	34
29	100	35
30	26	36
31	66	37
32	37	38
33	65	39
34	57	40	41	42	43	44
35	10	40
36	49	41
37	12	42
38	36	43
39	57	44
40	65	45	46	47	48
41	46	45
42	22	46
43	14	47
44	36	48
45	98	49	50	51
46	43	49
47	31	50
48	51	51
49	18	52	53
50	81	52
51	66	53
52	28	54
53	44	54
54	56
