node	size	children
0	90	10	11	12	13	14	15	16	17	18
1	67	10
2	27	11
3	40	12
4	35	13
5	41	14
6	73	15
7	76	16
8	87	17
9	91	18
10	87	19	20	21	22	23	24	25	26
11	90	19
12	46	20
13	80	21
14	90	22
15	68	23
16	87	24
17	17	25
18	95	26
19	24	27	28	29	30	31	32	33
20	81	27
21	91	28
22	70	29
23	65	30
24	62	31
25	10	32
26	43	33
27	19	34	35	36	37	38	39
28	95	34
29	70	35
30	98	36
31	10	37
32	35	38
33	24	39
34	37	40	41	42	43	44
35	59	40
36	54	41
37	72	42
38	50	43
39	69	44
40	100	45	46	47	48
41	30	45
42	26	46
43	74	47
44	11	48
45	31	49	50	51
46	54	49
47	39	50
48	26	51
49	77	52	53
50	43	52
51	69	53
52	77	54
53	87	54
54	75
