node	size	children
0	36	10	11	12	13	14	15	16	17	18
1	73	10
2	24	11
3	90	12
4	94	13
5	66	14
6	83	15
7	36	16
8	67	17
9	19	18
10	89	19	20	21	22	23	24	25	26
11	51	19
12	83	20
13	29	21
14	26	22
15	47	23
16	91	24
17	90	25
18	59	26
19	39	27	28	29	30	31	32	33
20	83	27
21	21	28
22	91	29
23	42	30
24	38	31
25	92	32
26	20	33
27	34	34	35	36	37	38	39
28	30	34
29	68	35
30	48	36
31	10	37
32	84	38
33	42	39
34	88	40	41	42	43	44
35	37	40
36	10	41
37	24	42
38	56	43
39	58	44
40	47	45	46	47	48
41	54	45
42	30	46
43	73	47
44	20	48
45	34	49	50	51
46	40	49
47	32	50
48	95	51
49	25	52	53
50	39	52
51	29	53
52	57	54
53	60	54
54	73
