node	size	children
0	83	35	36	37	38	39	40	41	42	43	44	45	46	47	48	49	50	51	52	53	54	55	56	57	58	59	60	61	62	63	64	65	66	67	68
1	56	35
2	36	36
3	75	37
4	70	38
5	85	39
6	48	40
7	77	41
8	90	42
9	87	43
10	86	44
11	15	45
12	57	46
13	12	47
14	72	48
15	33	49
16	90	50
17	91	51
18	55	52
19	84	53
20	38	54
21	72	55
22	78	56
23	73	57
24	30	58
25	76	59
26	45	60
27	95	61
28	88	62
29	85	63
30	75	64
31	66	65
32	46	66
33	70	67
34	29	68
35	29	69	70	71	72	73	74	75	76	77	78	79	80	81	82	83	84	85	86	87	88	89	90	91	92	93	94	95	96	97	98	99	100	101
36	42	69
37	69	70
38	35	71
39	48	72
40	26	73
41	23	74
42	77	75
43	83	76
44	32	77
45	56	78
46	51	79
47	98	80
48	45	81
49	35	82
50	99	83
51	53	84
52	45	85
53	50	86
54	17	87
55	20	88
56	18	89
57	48	90
58	63	91
59	36	92
60	64	93
61	24	94
62	48	95
63	35	96
64	49	97
65	31	98
66	14	99
67	76	100
68	57	101
69	12	102	103	104	105	106	107	108	109	110	111	112	113	114	115	116	117	118	119	120	121	122	123	124	125	126	127	128	129	130	131	132	133
70	55	102
71	66	103
72	23	104
73	79	105
74	19	106
75	53	107
76	21	108
77	94	109
78	19	110
79	74	111
80	65	112
81	78	113
82	27	114
83	27	115
84	32	116
85	80	117
86	25	118
87	85	119
88	97	120
89	42	121
90	87	122
91	29	123
92	30	124
93	45	125
94	39	126
95	77	127
96	29	128
97	48	129
98	54	130
99	77	131
100	11	132
101	20	133
102	71	134	135	136	137	138	139	140	141	142	143	144	145	146	147	148	149	150	151	152	153	154	155	156	157	158	159	160	161	162	163	164
103	83	134
104	57	135
105	33	136
106	91	137
107	32	138
108	24	139
109	63	140
110	83	141
111	16	142
112	82	143
113	12	144
114	21	145
115	33	146
116	46	147
117	58	148
118	25	149
119	92	150
120	33	151
121	87	152
122	33	153
123	54	154
124	60	155
125	13	156
126	47	157
127	58	158
128	96	159
129	74	160
130	21	161
131	40	162
132	98	163
133	20	164
134	30	165	166	167	168	169	170	171	172	173	174	175	176	177	178	179	180	181	182	183	184	185	186	187	188	189	190	191	192	193	194
135	35	165
136	80	166
137	80	167
138	40	168
139	41	169
140	23	170
141	83	171
142	88	172
143	39	173
144	38	174
145	24	175
146	69	176
147	49	177
148	61	178
149	51	179
150	52	180
151	11	181
152	55	182
153	20	183
154	76	184
155	26	185
156	17	186
157	20	187
158	70	188
159	41	189
160	91	190
161	97	191
162	15	192
163	56	193
164	22	194
165	67	195	196	197	198	199	200	201	202	203	204	205	206	207	208	209	210	211	212	213	214	215	216	217	218	219	220	221	222	223
166	75	195
167	42	196
168	49	197
169	39	198
170	46	199
171	12	200
172	22	201
173	55	202
174	56	203
175	54	204
176	21	205
177	24	206
178	53	207
179	79	208
180	79	209
181	54	210
182	33	211
183	40	212
184	53	213
185	23	214
186	100	215
187	60	216
188	72	217
189	78	218
190	86	219
191	35	220
192	47	221
193	29	222
194	79	223
195	57	224	225	226	227	228	229	230	231	232	233	234	235	236	237	238	239	240	241	242	243	244	245	246	247	248	249	250	251
196	13	224
197	24	225
198	21	226
199	70	227
200	28	228
201	65	229
202	46	230
203	17	231
204	86	232
205	13	233
206	41	234
207	66	235
208	69	236
209	36	237
210	74	238
211	17	239
212	63	240
213	79	241
214	42	242
215	38	243
216	62	244
217	51	245
218	41	246
219	31	247
220	17	248
221	67	249
222	100	250
223	37	251
224	21	252	253	254	255	256	257	258	259	260	261	262	263	264	265	266	267	268	269	270	271	272	273	274	275	276	277	278
225	98	252
226	16	253
227	73	254
228	89	255
229	22	256
230	37	257
231	47	258
232	69	259
233	45	260
234	39	261
235	58	262
236	45	263
237	86	264
238	33	265
239	63	266
240	41	267
241	15	268
242	47	269
243	69	270
244	75	271
245	10	272
246	56	273
247	80	274
248	95	275
249	70	276
250	13	277
251	38	278
252	55	279	280	281	282	283	284	285	286	287	288	289	290	291	292	293	294	295	296	297	298	299	300	301	302	303	304
253	36	279
254	63	280
255	82	281
256	93	282
257	81	283
258	14	284
259	42	285
260	62	286
261	37	287
262	87	288
263	60	289
264	32	290
265	10	291
266	89	292
267	17	293
268	11	294
269	21	295
270	76	296
271	26	297
272	94	298
273	56	299
274	69	300
275	100	301
276	49	302
277	69	303
278	14	304
279	15	305	306	307	308	309	310	311	312	313	314	315	316	317	318	319	320	321	322	323	324	325	326	327	328	329
280	93	305
281	57	306
282	52	307
283	55	308
284	12	309
285	23	310
286	72	311
287	93	312
288	53	313
289	50	314
290	21	315
291	100	316
292	29	317
293	48	318
294	15	319
295	65	320
296	62	321
297	19	322
298	66	323
299	51	324
300	56	325
301	31	326
302	84	327
303	86	328
304	88	329
305	81	330	331	332	333	334	335	336	337	338	339	340	341	342	343	344	345	346	347	348	349	350	351	352	353
306	66	330
307	85	331
308	11	332
309	75	333
310	73	334
311	85	335
312	48	336
313	28	337
314	61	338
315	51	339
316	69	340
317	72	341
318	41	342
319	68	343
320	93	344
321	75	345
322	22	346
323	30	347
324	71	348
325	18	349
326	10	350
327	93	351
328	94	352
329	60	353
330	20	354	355	356	357	358	359	360	361	362	363	364	365	366	367	368	369	370	371	372	373	374	375	376
331	23	354
332	18	355
333	82	356
334	40	357
335	93	358
336	43	359
337	25	360
338	29	361
339	84	362
340	63	363
341	94	364
342	50	365
343	95	366
344	13	367
345	93	368
346	39	369
347	59	370
348	83	371
349	42	372
350	72	373
351	10	374
352	75	375
353	15	376
354	73	377	378	379	380	381	382	383	384	385	386	387	388	389	390	391	392	393	394	395	396	397	398
355	49	377
356	38	378
357	46	379
358	19	380
359	26	381
360	34	382
361	45	383
362	85	384
363	25	385
364	99	386
365	87	387
366	54	388
367	37	389
368	10	390
369	64	391
370	22	392
371	55	393
372	39	394
373	14	395
374	62	396
375	95	397
376	16	398
377	57	399	400	401	402	403	404	405	406	407	408	409	410	411	412	413	414	415	416	417	418	419
378	95	399
379	39	400
380	43	401
381	24	402
382	93	403
383	40	404
384	81	405
385	11	406
386	78	407
387	43	408
388	65	409
389	58	410
390	67	411
391	89	412
392	68	413
393	72	414
394	67	415
395	20	416
396	60	417
397	23	418
398	99	419
399	48	420	421	422	423	424	425	426	427	428	429	430	431	432	433	434	435	436	437	438	439
400	76	420
401	27	421
402	80	422
403	12	423
404	89	424
405	83	425
406	29	426
407	11	427
408	17	428
409	85	429
410	53	430
411	23	431
412	56	432
413	98	433
414	85	434
415	64	435
416	50	436
417	76	437
418	61	438
419	20	439
420	57	440	441	442	443	444	445	446	447	448	449	450	451	452	453	454	455	456	457	458
421	88	440
422	13	441
423	86	442
424	65	443
425	69	444
426	85	445
427	55	446
428	24	447
429	75	448
430	64	449
431	10	450
432	64	451
433	63	452
434	24	453
435	87	454
436	21	455
437	42	456
438	99	457
439	19	458
440	45	459	460	461	462	463	464	465	466	467	468	469	470	471	472	473	474	475	476
441	48	459
442	30	460
443	76	461
444	25	462
445	19	463
446	70	464
447	28	465
448	65	466
449	23	467
450	68	468
451	82	469
452	18	470
453	15	471
454	91	472
455	72	473
456	45	474
457	43	475
458	38	476
459	78	477	478	479	480	481	482	483	484	485	486	487	488	489	490	491	492	493
460	52	477
461	97	478
462	45	479
463	20	480
464	88	481
465	38	482
466	94	483
467	83	484
468	37	485
469	34	486
470	88	487
471	29	488
472	81	489
473	85	490
474	94	491
475	99	492
476	32	493
477	60	494	495	496	497	498	499	500	501	502	503	504	505	506	507	508	509
478	62	494
479	35	495
480	34	496
481	46	497
482	84	498
483	25	499
484	10	500
485	79	501
486	61	502
487	80	503
488	40	504
489	89	505
490	39	506
491	12	507
492	68	508
493	61	509
494	87	510	511	512	513	514	515	516	517	518	519	520	521	522	523	524
495	29	510
496	65	511
497	41	512
498	87	513
499	81	514
500	34	515
501	27	516
502	57	517
503	68	518
504	50	519
505	69	520
506	11	521
507	96	522
508	60	523
509	80	524
510	70	525	526	527	528	529	530	531	532	533	534	535	536	537	538
511	83	525
512	63	526
513	58	527
514	77	528
515	26	529
516	61	530
517	48	531
518	16	532
519	60	533
520	20	534
521	71	535
522	64	536
523	65	537
524	35	538
525	45	539	540	541	542	543	544	545	546	547	548	549	550	551
526	17	539
527	34	540
528	49	541
529	25	542
530	60	543
531	73	544
532	39	545
533	68	546
534	75	547
535	72	548
536	68	549
537	43	550
538	40	551
539	33	552	553	554	555	556	557	558	559	560	561	562	563
540	78	552
541	79	553
542	69	554
543	80	555
544	68	556
545	51	557
546	60	558
547	65	559
548	11	560
549	43	561
550	73	562
551	73	563
552	44	564	565	566	567	568	569	570	571	572	573	574
553	86	564
554	95	565
555	72	566
556	84	567
557	56	568
558	63	569
559	51	570
560	32	571
561	68	572
562	28	573
563	71	574
564	40	575	576	577	578	579	580	581	582	583	584
565	60	575
566	53	576
567	66	577
568	36	578
569	18	579
570	56	580
571	96	581
572	25	582
573	81	583
574	98	584
575	44	585	586	587	588	589	590	591	592	593
576	19	585
577	61	586
578	94	587
579	14	588
580	93	589
581	13	590
582	57	591
583	32	592
584	75	593
585	72	594	595	596	597	598	599	600	601
586	49	594
587	87	595
588	67	596
589	60	597
590	40	598
591	58	599
592	37	600
593	46	601
594	62	602	603	604	605	606	607	608
595	24	602
596	55	603
597	20	604
598	62	605
599	79	606
600	36	607
601	94	608
602	43	609	610	611	612	613	614
603	51	609
604	17	610
605	70	611
606	14	612
607	93	613
608	33	614
609	18	615	616	617	618	619
610	16	615
611	80	616
612	19	617
613	66	618
614	83	619
615	64	620	621	622	623
616	13	620
617	36	621
618	69	622
619	72	623
620	34	624	625	626
621	82	624
622	89	625
623	20	626
624	54	627	628
625	58	627
626	37	628
627	19	629
628	57	629
629	89
