node	size	children
0	33	30	31	32	33	34	35	36	37	38	39	40	41	42	43	44	45	46	47	48	49	50	51	52	53	54	55	56	57	58
1	41	30
2	90	31
3	40	32
4	91	33
5	38	34
6	37	35
7	21	36
8	30	37
9	20	38
10	47	39
11	68	40
12	31	41
13	89	42
14	71	43
15	81	44
16	85	45
17	22	46
18	71	47
19	59	48
20	85	49
21	19	50
22	46	51
23	14	52
24	24	53
25	69	54
26	77	55
27	58	56
28	42	57
29	17	58
30	71	59	60	61	62	63	64	65	66	67	68	69	70	71	72	73	74	75	76	77	78	79	80	81	82	83	84	85	86
31	13	59
32	34	60
33	100	61
34	17	62
35	12	63
36	100	64
37	50	65
38	24	66
39	55	67
40	99	68
41	20	69
42	98	70
43	25	71
44	82	72
45	42	73
46	70	74
47	79	75
48	62	76
49	56	77
50	88	78
51	68	79
52	36	80
53	99	81
54	52	82
55	79	83
56	66	84
57	49	85
58	47	86
59	50	87	88	89	90	91	92	93	94	95	96	97	98	99	100	101	102	103	104	105	106	107	108	109	110	111	112	113
60	48	87
61	66	88
62	40	89
63	70	90
64	61	91
65	55	92
66	87	93
67	68	94
68	28	95
69	12	96
70	95	97
71	49	98
72	72	99
73	35	100
74	84	101
75	21	102
76	60	103
77	19	104
78	80	105
79	64	106
80	11	107
81	57	108
82	84	109
83	33	110
84	13	111
85	52	112
86	90	113
87	54	114	115	116	117	118	119	120	121	122	123	124	125	126	127	128	129	130	131	132	133	134	135	136	137	138	139
88	100	114
89	27	115
90	36	116
91	69	117
92	29	118
93	81	119
94	79	120
95	82	121
96	33	122
97	64	123
98	88	124
99	56	125
100	19	126
101	15	127
102	21	128
103	36	129
104	99	130
105	18	131
106	71	132
107	97	133
108	87	134
109	22	135
110	39	136
111	23	137
112	71	138
113	90	139
114	64	140	141	142	143	144	145	146	147	148	149	150	151	152	153	154	155	156	157	158	159	160	161	162	163	164
115	95	140
116	64	141
117	79	142
118	72	143
119	10	144
120	62	145
121	10	146
122	49	147
123	44	148
124	35	149
125	23	150
126	79	151
127	11	152
128	30	153
129	52	154
130	73	155
131	95	156
132	31	157
133	39	158
134	66	159
135	70	160
136	77	161
137	69	162
138	29	163
139	32	164
140	15	165	166	167	168	169	170	171	172	173	174	175	176	177	178	179	180	181	182	183	184	185	186	187	188
141	69	165
142	21	166
143	29	167
144	65	168
145	21	169
146	87	170
147	73	171
148	14	172
149	20	173
150	76	174
151	100	175
152	41	176
153	26	177
154	53	178
155	64	179
156	94	180
157	47	181
158	40	182
159	21	183
160	52	184
161	12	185
162	11	186
163	66	187
164	17	188
165	83	189	190	191	192	193	194	195	196	197	198	199	200	201	202	203	204	205	206	207	208	209	210	211
166	33	189
167	86	190
168	12	191
169	53	192
170	67	193
171	80	194
172	48	195
173	71	196
174	59	197
175	75	198
176	25	199
177	54	200
178	36	201
179	67	202
180	70	203
181	83	204
182	97	205
183	46	206
184	14	207
185	83	208
186	91	209
187	63	210
188	62	211
189	25	212	213	214	215	216	217	218	219	220	221	222	223	224	225	226	227	228	229	230	231	232	233
190	61	212
191	12	213
192	55	214
193	43	215
194	16	216
195	59	217
196	18	218
197	86	219
198	64	220
199	21	221
200	41	222
201	82	223
202	93	224
203	88	225
204	46	226
205	23	227
206	23	228
207	87	229
208	75	230
209	100	231
210	36	232
211	76	233
212	57	234	235	236	237	238	239	240	241	242	243	244	245	246	247	248	249	250	251	252	253	254
213	81	234
214	73	235
215	100	236
216	91	237
217	65	238
218	82	239
219	38	240
220	71	241
221	86	242
222	71	243
223	65	244
224	96	245
225	62	246
226	36	247
227	33	248
228	10	249
229	78	250
230	34	251
231	17	252
232	29	253
233	94	254
234	70	255	256	257	258	259	260	261	262	263	264	265	266	267	268	269	270	271	272	273	274
235	39	255
236	67	256
237	21	257
238	64	258
239	50	259
240	11	260
241	13	261
242	76	262
243	72	263
244	39	264
245	92	265
246	70	266
247	86	267
248	60	268
249	21	269
250	41	270
251	21	271
252	22	272
253	84	273
254	18	274
255	94	275	276	277	278	279	280	281	282	283	284	285	286	287	288	289	290	291	292	293
256	85	275
257	51	276
258	93	277
259	55	278
260	69	279
261	38	280
262	19	281
263	91	282
264	46	283
265	68	284
266	76	285
267	36	286
268	80	287
269	37	288
270	20	289
271	91	290
272	10	291
273	11	292
274	74	293
275	39	294	295	296	297	298	299	300	301	302	303	304	305	306	307	308	309	310	311
276	42	294
277	60	295
278	33	296
279	23	297
280	11	298
281	18	299
282	59	300
283	84	301
284	87	302
285	91	303
286	97	304
287	84	305
288	61	306
289	91	307
290	56	308
291	60	309
292	17	310
293	83	311
294	59	312	313	314	315	316	317	318	319	320	321	322	323	324	325	326	327	328
295	44	312
296	44	313
297	70	314
298	65	315
299	99	316
300	45	317
301	30	318
302	31	319
303	45	320
304	18	321
305	53	322
306	38	323
307	22	324
308	18	325
309	17	326
310	26	327
311	85	328
312	99	329	330	331	332	333	334	335	336	337	338	339	340	341	342	343	344
313	98	329
314	50	330
315	46	331
316	58	332
317	17	333
318	89	334
319	15	335
320	100	336
321	91	337
322	63	338
323	52	339
324	83	340
325	39	341
326	39	342
327	53	343
328	37	344
329	38	345	346	347	348	349	350	351	352	353	354	355	356	357	358	359
330	46	345
331	54	346
332	71	347
333	88	348
334	72	349
335	63	350
336	38	351
337	73	352
338	22	353
339	43	354
340	67	355
341	77	356
342	21	357
343	70	358
344	62	359
345	20	360	361	362	363	364	365	366	367	368	369	370	371	372	373
346	73	360
347	62	361
348	73	362
349	33	363
350	78	364
351	83	365
352	89	366
353	48	367
354	55	368
355	100	369
356	76	370
357	18	371
358	66	372
359	81	373
360	26	374	375	376	377	378	379	380	381	382	383	384	385	386
361	71	374
362	12	375
363	79	376
364	35	377
365	37	378
366	50	379
367	54	380
368	66	381
369	82	382
370	87	383
371	31	384
372	27	385
373	30	386
374	21	387	388	389	390	391	392	393	394	395	396	397	398
375	60	387
376	97	388
377	57	389
378	19	390
379	35	391
380	53	392
381	37	393
382	63	394
383	35	395
384	59	396
385	80	397
386	17	398
387	69	399	400	401	402	403	404	405	406	407	408	409
388	15	399
389	85	400
390	19	401
391	98	402
392	63	403
393	53	404
394	59	405
395	16	406
396	31	407
397	14	408
398	68	409
399	36	410	411	412	413	414	415	416	417	418	419
400	84	410
401	94	411
402	13	412
403	57	413
404	55	414
405	34	415
406	72	416
407	46	417
408	32	418
409	64	419
410	38	420	421	422	423	424	425	426	427	428
411	69	420
412	65	421
413	24	422
414	91	423
415	98	424
416	83	425
417	59	426
418	63	427
419	22	428
420	76	429	430	431	432	433	434	435	436
421	91	429
422	43	430
423	16	431
424	68	432
425	92	433
426	52	434
427	100	435
428	27	436
429	73	437	438	439	440	441	442	443
430	73	437
431	80	438
432	60	439
433	40	440
434	42	441
435	95	442
436	92	443
437	58	444	445	446	447	448	449
438	11	444
439	76	445
440	38	446
441	94	447
442	15	448
443	98	449
444	79	450	451	452	453	454
445	85	450
446	73	451
447	37	452
448	40	453
449	97	454
450	71	455	456	457	458
451	67	455
452	46	456
453	94	457
454	78	458
455	71	459	460	461
456	51	459
457	37	460
458	47	461
459	43	462	463
460	95	462
461	60	463
462	32	464
463	81	464
464	20
