node	size	children
0	59	30	31	32	33	34	35	36	37	38	39	40	41	42	43	44	45	46	47	48	49	50	51	52	53	54	55	56	57	58
1	41	30
2	35	31
3	64	32
4	100	33
5	34	34
6	97	35
7	12	36
8	50	37
9	76	38
10	33	39
11	66	40
12	86	41
13	62	42
14	75	43
15	77	44
16	72	45
17	71	46
18	91	47
19	28	48
20	72	49
21	42	50
22	35	51
23	21	52
24	73	53
25	21	54
26	37	55
27	71	56
28	79	57
29	88	58
30	66	59	60	61	62	63	64	65	66	67	68	69	70	71	72	73	74	75	76	77	78	79	80	81	82	83	84	85	86
31	97	59
32	17	60
33	67	61
34	56	62
35	26	63
36	41	64
37	19	65
38	39	66
39	83	67
40	64	68
41	62	69
42	39	70
43	66	71
44	80	72
45	81	73
46	16	74
47	73	75
48	70	76
49	85	77
50	83	78
51	15	79
52	71	80
53	78	81
54	55	82
55	87	83
56	96	84
57	36	85
58	37	86
59	68	87	88	89	90	91	92	93	94	95	96	97	98	99	100	101	102	103	104	105	106	107	108	109	110	111	112	113
60	11	87
61	38	88
62	49	89
63	97	90
64	13	91
65	13	92
66	96	93
67	62	94
68	29	95
69	25	96
70	81	97
71	74	98
72	80	99
73	26	100
74	29	101
75	31	102
76	66	103
77	54	104
78	14	105
79	93	106
80	54	107
81	29	108
82	11	109
83	23	110
84	93	111
85	79	112
86	98	113
87	55	114	115	116	117	118	119	120	121	122	123	124	125	126	127	128	129	130	131	132	133	134	135	136	137	138	139
88	30	114
89	92	115
90	28	116
91	23	117
92	78	118
93	68	119
94	33	120
95	31	121
96	91	122
97	24	123
98	62	124
99	72	125
100	41	126
101	64	127
102	85	128
103	78	129
104	54	130
105	38	131
106	92	132
107	50	133
108	94	134
109	46	135
110	25	136
111	99	137
112	10	138
113	36	139
114	99	140	141	142	143	144	145	146	147	148	149	150	151	152	153	154	155	156	157	158	159	160	161	162	163	164
115	36	140
116	92	141
117	42	142
118	15	143
119	61	144
120	85	145
121	32	146
122	51	147
123	93	148
124	33	149
125	34	150
126	89	151
127	91	152
128	27	153
129	19	154
130	96	155
131	69	156
132	28	157
133	92	158
134	65	159
135	25	160
136	30	161
137	98	162
138	59	163
139	51	164
140	72	165	166	167	168	169	170	171	172	173	174	175	176	177	178	179	180	181	182	183	184	185	186	187	188
141	96	165
142	27	166
143	71	167
144	57	168
145	37	169
146	52	170
147	27	171
148	16	172
149	37	173
150	84	174
151	18	175
152	40	176
153	23	177
154	62	178
155	19	179
156	56	180
157	48	181
158	56	182
159	82	183
160	19	184
161	22	185
162	48	186
163	21	187
164	51	188
165	68	189	190	191	192	193	194	195	196	197	198	199	200	201	202	203	204	205	206	207	208	209	210	211
166	76	189
167	27	190
168	86	191
169	18	192
170	59	193
171	25	194
172	17	195
173	94	196
174	31	197
175	84	198
176	25	199
177	42	200
178	21	201
179	69	202
180	43	203
181	58	204
182	30	205
183	71	206
184	29	207
185	72	208
186	14	209
187	67	210
188	11	211
189	34	212	213	214	215	216	217	218	219	220	221	222	223	224	225	226	227	228	229	230	231	232	233
190	19	212
191	13	213
192	25	214
193	51	215
194	49	216
195	91	217
196	56	218
197	61	219
198	22	220
199	85	221
200	48	222
201	100	223
202	41	224
203	24	225
204	26	226
205	72	227
206	10	228
207	71	229
208	52	230
209	99	231
210	72	232
211	99	233
212	30	234	235	236	237	238	239	240	241	242	243	244	245	246	247	248	249	250	251	252	253	254
213	72	234
214	21	235
215	32	236
216	90	237
217	82	238
218	35	239
219	19	240
220	30	241
221	81	242
222	87	243
223	92	244
224	84	245
225	44	246
226	50	247
227	67	248
228	54	249
229	49	250
230	29	251
231	49	252
232	17	253
233	38	254
234	62	255	256	257	258	259	260	261	262	263	264	265	266	267	268	269	270	271	272	273	274
235	79	255
236	18	256
237	95	257
238	50	258
239	95	259
240	95	260
241	25	261
242	96	262
243	89	263
244	31	264
245	77	265
246	66	266
247	33	267
248	53	268
249	16	269
250	89	270
251	34	271
252	34	272
253	93	273
254	10	274
255	67	275	276	277	278	279	280	281	282	283	284	285	286	287	288	289	290	291	292	293
256	24	275
257	75	276
258	41	277
259	33	278
260	38	279
261	75	280
262	82	281
263	12	282
264	71	283
265	44	284
266	37	285
267	67	286
268	51	287
269	23	288
270	18	289
271	84	290
272	91	291
273	31	292
274	95	293
275	69	294	295	296	297	298	299	300	301	302	303	304	305	306	307	308	309	310	311
276	99	294
277	46	295
278	89	296
279	64	297
280	25	298
281	19	299
282	14	300
283	11	301
284	62	302
285	92	303
286	93	304
287	34	305
288	26	306
289	84	307
290	10	308
291	100	309
292	83	310
293	29	311
294	16	312	313	314	315	316	317	318	319	320	321	322	323	324	325	326	327	328
295	34	312
296	47	313
297	70	314
298	71	315
299	97	316
300	31	317
301	93	318
302	17	319
303	55	320
304	80	321
305	82	322
306	67	323
307	22	324
308	99	325
309	98	326
310	41	327
311	97	328
312	15	329	330	331	332	333	334	335	336	337	338	339	340	341	342	343	344
313	24	329
314	76	330
315	37	331
316	57	332
317	19	333
318	29	334
319	34	335
320	81	336
321	84	337
322	28	338
323	44	339
324	33	340
325	18	341
326	18	342
327	41	343
328	46	344
329	99	345	346	347	348	349	350	351	352	353	354	355	356	357	358	359
330	48	345
331	67	346
332	56	347
333	47	348
334	74	349
335	25	350
336	92	351
337	99	352
338	22	353
339	84	354
340	14	355
341	35	356
342	11	357
343	16	358
344	23	359
345	15	360	361	362	363	364	365	366	367	368	369	370	371	372	373
346	69	360
347	20	361
348	76	362
349	62	363
350	81	364
351	94	365
352	32	366
353	55	367
354	37	368
355	86	369
356	53	370
357	50	371
358	15	372
359	74	373
360	65	374	375	376	377	378	379	380	381	382	383	384	385	386
361	76	374
362	99	375
363	25	376
364	42	377
365	42	378
366	78	379
367	67	380
368	55	381
369	16	382
370	21	383
371	42	384
372	62	385
373	58	386
374	37	387	388	389	390	391	392	393	394	395	396	397	398
375	100	387
376	13	388
377	53	389
378	67	390
379	84	391
380	88	392
381	49	393
382	41	394
383	82	395
384	45	396
385	64	397
386	91	398
387	90	399	400	401	402	403	404	405	406	407	408	409
388	84	399
389	47	400
390	75	401
391	64	402
392	32	403
393	67	404
394	92	405
395	47	406
396	24	407
397	23	408
398	67	409
399	18	410	411	412	413	414	415	416	417	418	419
400	12	410
401	11	411
402	68	412
403	89	413
404	35	414
405	31	415
406	50	416
407	29	417
408	41	418
409	76	419
410	25	420	421	422	423	424	425	426	427	428
411	39	420
412	66	421
413	56	422
414	90	423
415	24	424
416	97	425
417	97	426
418	27	427
419	87	428
420	75	429	430	431	432	433	434	435	436
421	88	429
422	70	430
423	47	431
424	41	432
425	79	433
426	11	434
427	23	435
428	72	436
429	10	437	438	439	440	441	442	443
430	96	437
431	11	438
432	67	439
433	63	440
434	49	441
435	51	442
436	57	443
437	57	444	445	446	447	448	449
438	28	444
439	10	445
440	78	446
441	48	447
442	77	448
443	75	449
444	23	450	451	452	453	454
445	50	450
446	89	451
447	76	452
448	34	453
449	31	454
450	99	455	456	457	458
451	83	455
452	44	456
453	63	457
454	26	458
455	29	459	460	461
456	42	459
457	31	460
458	50	461
459	67	462	463
460	16	462
461	85	463
462	62	464
463	47	464
464	64
