node	size	children
0	72	30	31	32	33	34	35	36	37	38	39	40	41	42	43	44	45	46	47	48	49	50	51	52	53	54	55	56	57	58
1	34	30
2	34	31
3	20	32
4	77	33
5	30	34
6	14	35
7	19	36
8	14	37
9	84	38
10	45	39
11	22	40
12	42	41
13	78	42
14	38	43
15	14	44
16	54	45
17	96	46
18	39	47
19	74	48
20	27	49
21	10	50
22	38	51
23	79	52
24	98	53
25	56	54
26	47	55
27	80	56
28	50	57
29	57	58
30	62	59	60	61	62	63	64	65	66	67	68	69	70	71	72	73	74	75	76	77	78	79	80	81	82	83	84	85	86
31	68	59
32	99	60
33	81	61
34	31	62
35	46	63
36	71	64
37	10	65
38	75	66
39	87	67
40	65	68
41	44	69
42	18	70
43	55	71
44	71	72
45	10	73
46	15	74
47	54	75
48	64	76
49	99	77
50	77	78
51	35	79
52	29	80
53	45	81
54	86	82
55	72	83
56	12	84
57	84	85
58	86	86
59	47	87	88	89	90	91	92	93	94	95	96	97	98	99	100	101	102	103	104	105	106	107	108	109	110	111	112	113
60	51	87
61	38	88
62	29	89
63	95	90
64	22	91
65	71	92
66	96	93
67	20	94
68	16	95
69	16	96
70	28	97
71	54	98
72	41	99
73	30	100
74	66	101
75	33	102
76	59	103
77	89	104
78	21	105
79	18	106
80	36	107
81	75	108
82	31	109
83	34	110
84	29	111
85	79	112
86	47	113
87	75	114	115	116	117	118	119	120	121	122	123	124	125	126	127	128	129	130	131	132	133	134	135	136	137	138	139
88	74	114
89	10	115
90	29	116
91	56	117
92	43	118
93	22	119
94	45	120
95	88	121
96	98	122
97	89	123
98	96	124
99	48	125
100	82	126
101	50	127
102	31	128
103	37	129
104	16	130
105	75	131
106	38	132
107	42	133
108	34	134
109	34	135
110	56	136
111	49	137
112	80	138
113	18	139
114	88	140	141	142	143	144	145	146	147	148	149	150	151	152	153	154	155	156	157	158	159	160	161	162	163	164
115	77	140
116	86	141
117	11	142
118	42	143
119	68	144
120	72	145
121	26	146
122	38	147
123	31	148
124	15	149
125	67	150
126	73	151
127	100	152
128	10	153
129	80	154
130	47	155
131	30	156
132	39	157
133	26	158
134	73	159
135	88	160
136	79	161
137	50	162
138	37	163
139	22	164
140	83	165	166	167	168	169	170	171	172	173	174	175	176	177	178	179	180	181	182	183	184	185	186	187	188
141	88	165
142	36	166
143	84	167
144	50	168
145	99	169
146	76	170
147	92	171
148	73	172
149	87	173
150	99	174
151	14	175
152	30	176
153	19	177
154	70	178
155	61	179
156	65	180
157	58	181
158	93	182
159	51	183
160	24	184
161	46	185
162	78	186
163	49	187
164	61	188
165	61	189	190	191	192	193	194	195	196	197	198	199	200	201	202	203	204	205	206	207	208	209	210	211
166	34	189
167	10	190
168	53	191
169	33	192
170	40	193
171	57	194
172	62	195
173	75	196
174	90	197
175	25	198
176	61	199
177	59	200
178	67	201
179	75	202
180	57	203
181	50	204
182	14	205
183	12	206
184	31	207
185	50	208
186	54	209
187	36	210
188	38	211
189	94	212	213	214	215	216	217	218	219	220	221	222	223	224	225	226	227	228	229	230	231	232	233
190	26	212
191	21	213
192	55	214
193	69	215
194	39	216
195	14	217
196	33	218
197	50	219
198	52	220
199	60	221
200	22	222
201	37	223
202	94	224
203	51	225
204	88	226
205	24	227
206	74	228
207	37	229
208	19	230
209	66	231
210	80	232
211	37	233
212	83	234	235	236	237	238	239	240	241	242	243	244	245	246	247	248	249	250	251	252	253	254
213	91	234
214	79	235
215	67	236
216	20	237
217	49	238
218	68	239
219	13	240
220	85	241
221	55	242
222	62	243
223	79	244
224	68	245
225	34	246
226	51	247
227	83	248
228	58	249
229	32	250
230	13	251
231	84	252
232	68	253
233	17	254
234	17	255	256	257	258	259	260	261	262	263	264	265	266	267	268	269	270	271	272	273	274
235	88	255
236	49	256
237	55	257
238	36	258
239	36	259
240	59	260
241	34	261
242	22	262
243	49	263
244	72	264
245	100	265
246	82	266
247	30	267
248	24	268
249	19	269
250	19	270
251	63	271
252	23	272
253	54	273
254	89	274
255	57	275	276	277	278	279	280	281	282	283	284	285	286	287	288	289	290	291	292	293
256	58	275
257	70	276
258	52	277
259	34	278
260	19	279
261	92	280
262	69	281
263	49	282
264	88	283
265	21	284
266	85	285
267	77	286
268	66	287
269	68	288
270	16	289
271	38	290
272	20	291
273	66	292
274	14	293
275	30	294	295	296	297	298	299	300	301	302	303	304	305	306	307	308	309	310	311
276	33	294
277	50	295
278	22	296
279	91	297
280	33	298
281	22	299
282	45	300
283	45	301
284	95	302
285	84	303
286	65	304
287	98	305
288	85	306
289	51	307
290	74	308
291	56	309
292	20	310
293	62	311
294	76	312	313	314	315	316	317	318	319	320	321	322	323	324	325	326	327	328
295	94	312
296	35	313
297	88	314
298	68	315
299	25	316
300	41	317
301	49	318
302	100	319
303	52	320
304	33	321
305	81	322
306	35	323
307	64	324
308	94	325
309	69	326
310	12	327
311	100	328
312	73	329	330	331	332	333	334	335	336	337	338	339	340	341	342	343	344
313	16	329
314	76	330
315	30	331
316	86	332
317	47	333
318	98	334
319	41	335
320	98	336
321	11	337
322	15	338
323	18	339
324	84	340
325	71	341
326	68	342
327	90	343
328	68	344
329	56	345	346	347	348	349	350	351	352	353	354	355	356	357	358	359
330	21	345
331	59	346
332	69	347
333	33	348
334	99	349
335	79	350
336	92	351
337	78	352
338	49	353
339	63	354
340	13	355
341	29	356
342	42	357
343	18	358
344	85	359
345	15	360	361	362	363	364	365	366	367	368	369	370	371	372	373
346	73	360
347	63	361
348	51	362
349	85	363
350	15	364
351	88	365
352	48	366
353	52	367
354	52	368
355	81	369
356	94	370
357	96	371
358	68	372
359	35	373
360	38	374	375	376	377	378	379	380	381	382	383	384	385	386
361	46	374
362	57	375
363	94	376
364	16	377
365	40	378
366	98	379
367	93	380
368	42	381
369	99	382
370	53	383
371	70	384
372	42	385
373	84	386
374	72	387	388	389	390	391	392	393	394	395	396	397	398
375	78	387
376	70	388
377	73	389
378	75	390
379	37	391
380	34	392
381	15	393
382	38	394
383	41	395
384	21	396
385	70	397
386	69	398
387	19	399	400	401	402	403	404	405	406	407	408	409
388	13	399
389	11	400
390	64	401
391	22	402
392	89	403
393	75	404
394	91	405
395	98	406
396	50	407
397	99	408
398	51	409
399	54	410	411	412	413	414	415	416	417	418	419
400	17	410
401	89	411
402	71	412
403	77	413
404	84	414
405	55	415
406	32	416
407	62	417
408	48	418
409	22	419
410	86	420	421	422	423	424	425	426	427	428
411	95	420
412	89	421
413	42	422
414	32	423
415	50	424
416	60	425
417	71	426
418	27	427
419	40	428
420	19	429	430	431	432	433	434	435	436
421	33	429
422	92	430
423	67	431
424	84	432
425	12	433
426	79	434
427	75	435
428	14	436
429	56	437	438	439	440	441	442	443
430	86	437
431	65	438
432	49	439
433	67	440
434	41	441
435	57	442
436	59	443
437	63	444	445	446	447	448	449
438	18	444
439	72	445
440	78	446
441	78	447
442	63	448
443	76	449
444	26	450	451	452	453	454
445	89	450
446	27	451
447	27	452
448	26	453
449	46	454
450	15	455	456	457	458
451	96	455
452	63	456
453	46	457
454	86	458
455	21	459	460	461
456	11	459
457	57	460
458	14	461
459	19	462	463
460	62	462
461	28	463
462	84	464
463	100	464
464	39
