node	size	children
0	55	15	16	17	18	19	20	21	22	23	24	25	26	27	28
1	67	15
2	82	16
3	27	17
4	69	18
5	16	19
6	73	20
7	46	21
8	82	22
9	14	23
10	90	24
11	90	25
12	40	26
13	12	27
14	44	28
15	62	29	30	31	32	33	34	35	36	37	38	39	40	41
16	18	29
17	49	30
18	62	31
19	71	32
20	13	33
21	39	34
22	52	35
23	24	36
24	59	37
25	99	38
26	36	39
27	86	40
28	63	41
29	88	42	43	44	45	46	47	48	49	50	51	52	53
30	12	42
31	32	43
32	13	44
33	13	45
34	84	46
35	37	47
36	42	48
37	58	49
38	21	50
39	39	51
40	57	52
41	85	53
42	80	54	55	56	57	58	59	60	61	62	63	64
43	34	54
44	29	55
45	97	56
46	66	57
47	51	58
48	17	59
49	86	60
50	14	61
51	27	62
52	58	63
53	47	64
54	59	65	66	67	68	69	70	71	72	73	74
55	73	65
56	68	66
57	22	67
58	76	68
59	22	69
60	98	70
61	98	71
62	56	72
63	75	73
64	39	74
65	13	75	76	77	78	79	80	81	82	83
66	82	75
67	46	76
68	34	77
69	49	78
70	49	79
71	77	80
72	17	81
73	32	82
74	12	83
75	26	84	85	86	87	88	89	90	91
76	97	84
77	17	85
78	86	86
79	48	87
80	73	88
81	72	89
82	47	90
83	15	91
84	25	92	93	94	95	96	97	98
85	93	92
86	24	93
87	50	94
88	32	95
89	31	96
90	59	97
91	18	98
92	75	99	100	101	102	103	104
93	26	99
94	70	100
95	95	101
96	35	102
97	68	103
98	96	104
99	57	105	106	107	108	109
100	77	105
101	69	106
102	60	107
103	49	108
104	65	109
105	76	110	111	112	113
106	48	110
107	14	111
108	32	112
109	61	113
110	42	114	115	116
111	24	114
112	78	115
113	20	116
114	11	117	118
115	41	117
116	20	118
117	18	119
118	14	119
119	18
