node	size	children
0	62	10	11	12	13	14	15	16	17	18
1	97	10
2	99	11
3	87	12
4	16	13
5	36	14
6	37	15
7	45	16
8	27	17
9	87	18
10	34	19	20	21	22	23	24	25	26
11	38	19
12	54	20
13	25	21
14	43	22
15	60	23
16	45	24
17	95	25
18	86	26
19	73	27	28	29	30	31	32	33
20	94	27
21	61	28
22	16	29
23	18	30
24	29	31
25	65	32
26	71	33
27	100	34	35	36	37	38	39
28	42	34
29	22	35
30	33	36
31	57	37
32	36	38
33	89	39
34	39	40	41	42	43	44
35	77	40
36	87	41
37	73	42
38	22	43
39	73	44
40	74	45	46	47	48
41	42	45
42	60	46
43	36	47
44	36	48
45	83	49	50	51
46	48	49
47	83	50
48	33	51
49	88	52	53
50	65	52
51	93	53
52	17	54
53	56	54
54	10
