node	size	children
0	46	12	16	17	18	24	29	
1	32	19	20	21	22	26	41	
2	49	13	14	16	18	19	20	22	26	30	33	38	
3	11	11	17	19	20	22	29	30	37	39	
4	42	11	14	17	18	22	24	25	30	
5	10	14	15	16	17	20	22	24	25	27	29	30	31	34	
6	31	13	14	20	28	29	33	
7	28	10	11	12	13	22	27	29	30	35	
8	29	14	17	18	21	28	
9	42	11	13	15	17	18	20	21	23	25	30	36	37	
10	45	25	46	
11	25	38	45	
12	32	28	44	45	48	
13	36	48	
14	37	33	40	41	
15	21	40	
16	38	30	43	
17	14	29	35	38	
18	24	26	30	49	
19	26	24	
20	14	28	44	
21	39	
22	27	27	39	40	46	47	
23	22	42	45	48	
24	11	37	38	43	49	
25	44	35	44	
26	32	46	
27	36	33	34	49	
28	10	31	34	38	40	
29	10	31	35	48	
30	42	32	41	48	
31	22	49	
32	44	46	
33	38	
34	43	46	48	
35	21	44	45	46	
36	22	45	
37	36	
38	19	
39	15	
40	18	47	
41	37	44	
42	42	46	
43	22	
44	27	
45	17	
46	22	
47	11	
48	39	
49	37	
