node	size	children
0	30	21	26	29	32	33	35	36	40	
1	32	10	11	14	18	21	24	28	32	34	35	38	
2	23	10	11	17	18	19	
3	23	10	13	27	33	
4	28	13	19	23	27	30	35	37	
5	42	16	18	25	30	38	
6	10	10	11	13	16	18	22	35	36	
7	19	11	13	18	33	34	
8	49	11	13	16	19	31	35	37	38	40	
9	33	10	11	12	15	32	36	
10	24	21	25	34	38	43	48	
11	20	21	29	32	37	41	
12	43	29	37	
13	21	28	45	49	
14	43	27	29	46	
15	47	46	
16	14	21	23	27	44	48	49	
17	14	20	21	23	48	
18	29	23	27	44	45	46	49	
19	17	
20	36	36	43	45	
21	19	32	33	
22	30	44	
23	25	30	32	47	
24	41	36	
25	29	49	
26	29	29	39	43	48	
27	19	29	35	37	44	
28	33	30	34	44	
29	47	
30	41	45	46	
31	31	45	
32	25	45	
33	45	41	
34	29	44	45	
35	33	49	
36	32	44	
37	12	46	
38	16	45	46	49	
39	35	42	46	48	
40	39	48	49	
41	43	
42	10	
43	25	
44	34	
45	14	
46	33	
47	24	
48	42	
49	13	
