node	size	children
0	33	15	17	22	23	24	25	
1	34	11	14	15	19	21	27	28	
2	18	11	16	23	37	
3	15	11	13	16	19	24	29	31	35	38	41	
4	10	11	15	20	29	31	33	41	
5	17	21	22	23	28	
6	24	13	15	19	24	25	28	35	43	44	45	
7	42	12	13	17	23	25	27	30	31	39	
8	38	10	11	15	19	22	23	24	25	28	31	38	39	45	
9	40	10	11	13	15	17	18	20	24	27	32	39	
10	29	26	29	33	
11	26	21	36	
12	38	25	44	46	
13	19	29	33	36	47	
14	33	23	33	41	47	
15	18	24	27	32	35	39	40	47	49	
16	19	25	
17	45	36	49	
18	27	28	32	33	38	41	
19	32	27	30	32	39	41	
20	35	38	
21	40	38	39	42	
22	21	47	
23	22	35	49	
24	33	34	39	
25	40	35	40	
26	23	35	43	
27	33	
28	24	
29	11	36	43	
30	43	
31	41	36	38	39	44	
32	23	
33	15	41	44	
34	25	
35	35	
36	39	49	
37	42	
38	29	
39	10	
40	17	
41	28	
42	31	
43	17	49	
44	19	48	
45	45	47	
46	29	
47	29	
48	44	
49	46	
