node	size	children
0	24	8	9	11	12	17	18	25	31	36	39	
1	18	9	11	12	17	18	22	26	35	36	39	
2	14	8	12	16	17	20	21	22	23	24	28	31	33	34	36	39	
3	27	11	17	18	20	24	25	26	28	29	30	40	
4	47	9	10	15	18	20	21	24	
5	39	10	12	15	19	20	21	22	23	28	30	41	
6	35	8	13	14	18	22	23	27	
7	32	9	11	17	20	25	29	33	38	41	
8	36	20	24	34	
9	46	23	32	36	41	
10	10	30	38	39	
11	42	27	33	42	
12	18	25	26	32	
13	31	25	29	35	
14	11	27	49	
15	28	21	23	27	33	37	41	45	
16	30	24	36	41	46	
17	11	28	36	41	
18	25	25	38	42	
19	21	33	43	
20	25	31	36	41	
21	12	38	
22	37	49	
23	36	39	
24	38	35	38	44	
25	17	39	40	
26	18	33	
27	14	38	39	40	45	
28	45	
29	16	32	38	
30	42	38	
31	26	48	
32	23	
33	43	44	47	
34	21	45	
35	20	42	
36	21	
37	24	49	
38	42	
39	14	49	
40	32	44	
41	27	49	
42	17	
43	14	
44	26	
45	39	
46	42	
47	46	
48	42	
49	39	
