node	size	children
0	46	11	15	20	23	24	28	30	39	44	45	
1	44	14	15	21	22	25	27	28	33	38	39	
2	23	12	13	18	22	25	26	28	31	38	42	
3	10	12	13	18	26	27	28	32	37	42	
4	38	11	13	18	19	20	22	24	25	35	40	41	
5	30	15	17	18	24	25	26	28	29	31	32	41	45	
6	21	15	16	18	27	28	29	32	
7	26	11	13	15	18	19	20	24	34	43	
8	22	9	10	11	24	31	32	45	
9	20	38	47	48	
10	30	25	26	27	32	34	47	
11	11	26	31	35	45	47	
12	45	28	38	45	46	
13	19	21	26	30	47	
14	49	30	35	
15	32	36	38	43	44	47	
16	31	24	25	26	39	41	
17	42	24	35	44	
18	21	34	49	
19	36	25	33	35	
20	16	
21	21	
22	43	
23	43	35	41	
24	46	41	47	
25	30	35	39	47	49	
26	20	39	46	
27	20	35	49	
28	23	38	
29	37	39	
30	44	37	41	
31	10	48	49	
32	28	38	
33	34	
34	39	
35	39	
36	14	
37	48	46	48	
38	47	49	
39	39	
40	45	
41	18	
42	44	47	
43	37	48	
44	48	46	
45	48	
46	49	
47	47	
48	43	
49	42	
