node	size	children
0	27	13	14	15	16	18	29	34	41	42	45	47	
1	33	13	16	18	20	21	30	33	
2	34	16	18	20	29	37	48	
3	19	13	14	15	20	24	30	39	46	
4	41	15	20	21	24	26	29	33	44	
5	41	14	15	16	18	20	21	23	24	26	32	46	48	
6	27	15	16	18	21	23	30	48	
7	46	14	18	21	22	25	26	33	34	37	46	
8	42	13	17	19	26	47	
9	34	13	15	19	29	30	32	
10	40	13	14	21	36	45	46	
11	36	14	16	20	21	35	39	
12	14	13	14	19	21	24	28	29	33	37	
13	39	29	42	45	48	
14	36	45	46	49	
15	45	25	32	37	
16	44	26	29	31	
17	41	36	37	38	42	44	
18	44	33	41	
19	13	34	45	47	
20	41	27	34	40	
21	15	32	40	
22	26	41	43	
23	31	43	48	
24	47	32	40	48	49	
25	40	36	46	
26	41	36	
27	27	40	45	
28	41	38	43	48	
29	22	46	
30	24	40	47	
31	15	43	44	
32	49	47	
33	35	40	
34	49	36	39	41	44	
35	13	45	
36	10	
37	35	
38	31	
39	30	
40	29	
41	28	
42	36	
43	42	
44	49	
45	28	49	
46	35	
47	27	
48	14	
49	43	
