node	size	children
0	36	12	14	15	16	17	18	19	25	31	
1	46	19	28	31	36	
2	21	12	19	28	29	30	31	
3	49	16	17	18	23	24	26	30	31	33	
4	28	12	13	14	18	21	26	35	40	45	
5	49	14	16	17	18	19	29	32	35	44	
6	29	13	21	22	23	25	35	36	37	
7	28	11	13	14	16	17	19	31	35	36	37	
8	35	13	14	17	19	20	21	22	29	37	38	
9	16	11	13	14	17	18	21	27	35	
10	37	13	17	18	21	25	33	39	
11	46	21	41	48	
12	31	27	36	
13	41	36	40	48	
14	19	30	36	40	48	
15	20	27	30	32	40	
16	24	28	30	47	49	
17	11	29	30	34	35	45	
18	13	27	
19	45	25	27	49	
20	15	25	27	31	33	39	44	45	47	
21	11	
22	12	43	46	
23	23	35	42	44	
24	35	34	
25	12	38	41	42	
26	45	37	47	
27	49	34	36	
28	39	41	
29	26	39	41	43	
30	15	41	43	
31	33	43	
32	45	43	47	
33	25	36	43	47	
34	19	
35	33	
36	40	
37	46	
38	15	
39	42	48	
40	28	46	47	
41	29	46	
42	49	
43	37	
44	10	
45	21	
46	32	
47	36	
48	31	
49	46	
