node	size	children
0	23	10	14	16	17	20	35	
1	11	10	14	16	25	26	28	29	36	
2	29	10	13	14	15	16	17	19	25	28	
3	27	10	12	13	14	15	22	31	37	
4	15	12	13	22	23	25	29	31	
5	24	20	37	
6	46	11	13	14	21	24	
7	33	10	11	13	15	16	18	25	27	31	33	37	
8	48	10	15	16	18	19	24	30	33	
9	23	14	16	19	21	22	23	
10	28	23	29	37	40	41	47	
11	15	27	29	34	35	40	41	46	
12	18	20	31	46	48	
13	18	22	
14	30	43	48	
15	22	21	33	34	42	44	
16	45	18	34	42	
17	33	18	28	31	33	35	
18	20	29	35	38	39	44	47	48	
19	28	27	35	40	
20	33	29	34	36	42	45	49	
21	39	28	32	42	48	
22	23	30	48	49	
23	45	
24	15	27	49	
25	18	43	48	49	
26	35	27	30	35	45	
27	20	39	43	
28	39	46	47	
29	30	43	
30	49	40	
31	41	40	41	
32	30	41	
33	27	38	44	
34	13	47	
35	38	
36	46	40	48	
37	20	41	42	43	
38	19	
39	12	
40	30	
41	31	
42	19	
43	16	
44	19	
45	37	
46	44	
47	45	
48	26	
49	22	
