node	size	children
0	47	10	11	12	15	19	20	25	29	30	36	40	43	
1	39	9	13	16	19	21	23	24	28	29	30	34	
2	31	9	18	24	28	
3	32	10	14	15	18	21	22	24	26	28	34	
4	25	11	14	15	19	22	23	28	29	31	38	40	43	
5	13	9	11	12	13	14	19	22	26	33	40	
6	28	10	14	15	16	18	23	28	30	33	37	38	
7	28	10	13	14	17	20	38	39	42	
8	40	10	12	13	15	20	22	37	41	
9	16	20	25	39	44	
10	19	29	34	44	
11	28	25	38	39	45	49	
12	37	27	36	46	48	
13	14	24	34	47	
14	34	19	29	39	41	48	
15	18	23	27	29	34	
16	12	19	27	28	45	49	
17	10	20	25	30	32	33	41	47	
18	14	22	34	
19	19	34	43	
20	16	33	35	
21	49	40	47	
22	45	32	36	41	
23	39	41	
24	33	
25	49	42	
26	28	40	47	
27	37	43	45	
28	15	44	45	
29	29	41	
30	23	40	47	48	
31	19	32	41	47	49	
32	23	
33	35	
34	11	
35	33	45	
36	11	
37	47	
38	37	
39	21	
40	19	
41	42	
42	29	
43	33	
44	25	
45	28	
46	28	
47	16	
48	33	
49	44	
