node	size	children
0	34	10	16	17	23	26	31	
1	13	11	21	24	36	
2	26	8	9	12	13	14	20	28	30	
3	27	12	13	14	20	26	29	30	
4	26	9	12	13	27	28	30	
5	39	9	12	14	16	21	23	24	35	
6	46	9	10	14	16	19	20	21	22	35	
7	21	13	23	25	26	30	31	36	
8	35	22	47	
9	33	15	18	21	23	45	46	
10	28	18	26	31	36	38	39	44	46	48	
11	12	32	40	41	42	43	44	46	
12	22	20	34	35	36	39	
13	28	22	35	44	47	
14	13	17	22	26	31	33	36	44	46	47	
15	37	29	42	43	48	
16	31	43	49	
17	21	40	
18	46	31	34	42	43	48	49	
19	42	27	35	42	43	
20	48	27	30	31	34	35	
21	41	32	37	38	39	47	
22	20	37	39	49	
23	27	37	45	
24	28	30	39	44	48	
25	21	36	40	42	
26	23	49	
27	37	47	
28	27	43	44	47	48	
29	41	37	38	
30	28	
31	46	46	
32	18	42	46	
33	14	48	
34	47	38	46	49	
35	28	37	
36	21	40	42	47	
37	14	
38	31	
39	12	
40	21	
41	39	
42	41	
43	21	
44	14	
45	30	49	
46	17	
47	36	
48	35	
49	18	
