node	size	children
0	33	13	14	22	31	35	39	44	
1	41	13	19	22	24	31	32	34	36	42	
2	42	13	16	19	27	28	32	35	39	43	44	
3	38	13	19	23	24	25	27	28	29	31	33	35	36	37	40	41	42	
4	29	15	17	20	24	27	28	31	32	35	41	
5	20	12	15	28	45	
6	46	13	15	18	20	24	31	32	33	41	
7	22	11	13	19	21	22	33	
8	13	11	15	18	19	20	27	28	35	
9	42	14	15	20	22	31	33	34	35	39	44	
10	15	20	22	33	42	
11	33	26	29	36	
12	10	27	29	41	
13	28	
14	18	29	30	46	49	
15	49	32	39	47	
16	19	31	39	48	
17	37	28	
18	14	35	36	38	41	
19	22	44	
20	21	31	32	42	
21	20	42	
22	26	28	48	
23	20	25	27	
24	42	25	32	
25	17	38	43	49	
26	49	40	42	43	44	
27	32	38	43	47	
28	18	43	
29	18	44	46	
30	28	42	44	
31	36	42	
32	33	43	44	
33	35	39	
34	34	39	
35	46	39	
36	22	40	
37	34	38	
38	26	
39	37	
40	17	
41	43	
42	26	
43	12	
44	20	
45	35	
46	24	
47	10	
48	45	
49	20	
