node	size	children
0	42	16	17	18	32	33	37	
1	42	13	14	17	19	25	33	
2	10	14	15	20	21	23	25	26	30	33	35	38	42	43	
3	42	18	20	24	27	30	32	34	36	
4	36	18	20	22	24	26	34	36	40	
5	27	17	18	27	28	29	30	39	
6	16	14	17	20	32	34	
7	13	20	25	33	34	
8	33	13	20	21	25	39	
9	38	13	17	21	34	37	39	41	
10	37	15	16	18	21	28	32	33	39	43	
11	13	13	14	15	16	23	30	32	43	
12	31	13	16	17	24	25	32	
13	49	25	36	38	41	46	
14	20	33	39	
15	32	29	44	
16	12	31	41	43	
17	25	26	34	45	47	49	
18	48	48	
19	43	30	
20	21	44	
21	26	33	46	48	
22	30	
23	38	33	
24	15	
25	48	38	
26	11	35	
27	49	35	38	
28	38	37	
29	18	38	41	45	
30	20	38	43	
31	45	39	41	45	48	
32	47	36	37	47	
33	31	42	
34	48	45	
35	15	48	
36	14	47	
37	43	
38	29	
39	23	46	48	
40	16	
41	28	45	47	49	
42	22	45	
43	42	
44	26	
45	27	
46	29	
47	11	
48	24	
49	19	
