node	size	children
0	17	12	13	15	16	19	22	32	37	
1	45	8	12	15	19	21	22	25	33	
2	41	9	14	15	16	24	25	
3	17	9	10	12	13	21	31	
4	15	10	11	12	14	17	22	24	30	32	34	
5	20	8	10	11	15	17	21	23	24	34	
6	47	9	10	11	13	18	20	21	22	34	
7	26	8	9	10	11	12	13	16	18	22	33	
8	15	38	41	44	45	49	
9	46	35	38	42	46	48	
10	36	26	27	29	38	39	47	49	
11	12	24	26	28	33	38	
12	11	22	25	39	44	
13	37	25	33	35	
14	32	35	37	
15	30	20	38	42	43	49	
16	19	21	25	
17	31	28	
18	45	29	41	45	48	49	
19	24	29	37	41	46	
20	18	33	39	43	46	49	
21	28	32	39	42	46	48	49	
22	13	31	39	43	46	49	
23	30	32	48	
24	15	29	36	37	
25	37	26	30	36	37	46	
26	46	
27	23	42	
28	15	38	
29	35	
30	33	45	
31	24	40	
32	11	39	
33	44	41	
34	27	41	
35	24	
36	26	39	41	
37	19	
38	17	
39	47	
40	10	
41	42	
42	25	
43	44	
44	23	
45	20	
46	32	
47	26	
48	38	
49	31	
