node	size	children
0	37	14	16	17	18	22	31	40	
1	10	17	18	19	22	23	30	31	35	36	
2	13	17	18	20	23	41	
3	17	14	15	16	17	18	38	40	
4	37	17	25	28	30	31	37	38	39	40	41	
5	37	13	14	17	21	22	25	37	42	45	
6	45	14	18	20	22	25	26	28	35	37	43	
7	11	14	22	29	31	34	35	44	
8	11	16	17	22	23	39	
9	31	16	21	26	34	37	
10	11	13	14	16	25	26	34	
11	36	13	14	16	18	28	32	36	37	
12	15	14	16	21	22	27	30	36	41	
13	22	27	28	33	34	45	
14	44	29	43	
15	19	29	33	46	49	
16	47	29	36	
17	16	33	38	45	
18	30	24	29	46	
19	12	25	34	35	41	49	
20	24	28	46	
21	21	35	37	38	40	
22	31	43	
23	34	38	
24	23	39	49	
25	29	40	
26	20	36	42	43	
27	23	38	41	47	48	49	
28	18	36	41	
29	16	43	47	49	
30	41	
31	34	40	43	
32	16	43	48	
33	12	43	48	
34	34	36	46	47	
35	16	36	37	
36	47	46	49	
37	12	48	
38	29	
39	25	
40	12	47	
41	46	
42	10	
43	47	
44	48	
45	11	
46	47	
47	48	
48	25	
49	36	
