node	size	children
0	18	12	13	16	17	24	26	31	
1	45	15	16	19	22	26	28	29	35	36	37	
2	19	14	15	16	25	26	33	36	
3	46	16	20	26	
4	30	11	15	16	17	22	27	
5	46	13	19	22	23	
6	39	10	17	18	19	22	23	37	
7	15	12	15	17	19	20	21	23	28	37	
8	42	10	11	13	15	16	17	19	31	32	
9	15	17	18	20	21	22	26	28	30	31	32	
10	23	28	40	44	
11	43	31	33	34	36	37	39	
12	47	46	
13	38	36	47	
14	10	21	30	33	
15	43	32	42	44	45	
16	42	23	24	44	
17	42	23	37	45	49	
18	17	26	41	42	46	
19	23	28	40	47	
20	11	
21	12	30	39	40	43	47	48	
22	28	30	34	40	42	44	46	47	
23	24	29	37	40	47	
24	16	35	47	
25	48	29	31	38	
26	27	34	35	36	
27	28	41	
28	46	
29	10	
30	19	49	
31	44	47	
32	30	42	
33	29	
34	24	45	
35	34	
36	41	44	45	
37	11	44	
38	41	43	46	
39	17	43	
40	49	
41	17	
42	46	
43	20	
44	20	
45	36	
46	31	
47	42	
48	31	
49	38	
