node	size	children
0	16	18	22	42	43	45	
1	37	16	18	22	24	29	36	38	45	
2	13	14	15	16	17	18	22	28	29	31	33	48	
3	41	17	21	23	31	36	39	48	
4	27	15	17	18	19	21	29	31	35	37	38	
5	34	14	15	17	21	33	37	
6	45	15	17	19	20	44	
7	44	15	17	20	24	27	32	33	36	38	43	44	
8	46	18	19	27	32	38	
9	21	15	26	27	32	39	48	
10	22	15	16	18	35	37	42	
11	18	15	17	21	23	27	29	32	42	45	
12	37	17	19	21	24	31	39	43	
13	41	16	26	31	40	45	46	
14	19	30	31	34	40	44	
15	12	29	44	
16	23	26	28	39	
17	21	28	39	45	47	
18	24	43	45	
19	23	27	28	37	39	40	
20	19	29	36	38	43	
21	48	27	43	
22	30	31	41	47	
23	18	
24	30	25	
25	45	41	
26	29	39	
27	19	
28	15	40	
29	21	
30	19	47	
31	19	38	42	47	
32	16	43	
33	47	40	44	
34	18	
35	27	44	
36	25	48	
37	14	45	
38	45	
39	46	49	
40	30	
41	34	
42	38	
43	33	
44	31	
45	26	
46	42	
47	33	49	
48	30	
49	19	
