node	size	children
0	35	8	12	13	17	21	24	26	27	29	36	
1	40	7	11	12	14	17	19	20	22	27	29	31	
2	13	8	10	11	12	16	17	23	25	26	28	30	31	
3	18	9	10	12	17	18	19	24	26	29	30	
4	39	9	10	14	16	21	22	27	29	
5	43	12	17	19	24	25	28	29	30	37	
6	18	15	20	23	24	29	
7	23	16	32	42	43	
8	49	22	24	
9	46	18	22	25	
10	22	25	32	33	41	
11	20	16	27	43	46	
12	41	16	21	37	38	
13	49	16	21	30	31	33	
14	34	30	33	34	42	45	
15	29	39	
16	46	31	35	36	
17	43	30	32	33	35	47	
18	42	32	
19	39	29	45	46	
20	41	43	
21	15	29	38	44	45	
22	32	33	35	38	41	
23	46	32	35	41	43	
24	48	
25	26	41	
26	21	41	48	
27	18	38	44	49	
28	28	39	41	44	49	
29	31	
30	35	49	
31	41	
32	42	38	43	44	
33	38	48	
34	14	39	40	45	
35	29	48	49	
36	29	
37	42	39	44	
38	13	
39	43	
40	46	
41	21	49	
42	24	
43	26	48	
44	34	
45	14	
46	44	47	
47	23	
48	48	
49	31	
