node	size	children
0	10	12	17	18	21	23	24	25	26	29	31	35	37	
1	31	15	18	22	23	
2	41	16	18	19	23	25	35	44	
3	11	14	15	17	21	27	28	31	32	44	
4	44	15	17	22	24	27	31	32	33	34	36	
5	16	15	16	17	22	26	27	33	34	36	38	39	
6	32	13	17	19	20	25	26	33	36	41	45	
7	24	22	24	27	28	34	38	
8	36	13	14	16	23	31	33	37	39	
9	42	13	16	20	21	22	23	25	32	36	38	41	45	
10	37	13	14	16	21	22	24	36	
11	18	12	17	18	21	23	24	26	30	31	33	
12	17	34	37	
13	34	27	
14	44	40	
15	13	35	40	
16	37	42	48	
17	12	31	33	45	
18	43	32	35	
19	14	24	30	36	38	39	
20	34	33	35	39	
21	10	29	39	46	47	
22	33	24	35	
23	15	31	35	39	
24	16	40	
25	18	38	44	
26	27	
27	47	37	43	48	
28	41	37	47	
29	11	
30	48	37	44	
31	36	39	44	48	
32	49	36	49	
33	43	39	44	
34	44	
35	27	43	
36	31	
37	27	
38	37	
39	34	47	
40	46	47	
41	26	47	48	
42	24	48	
43	15	
44	48	47	
45	28	
46	41	
47	12	
48	21	
49	23	
