node	size	children
0	24	16	18	20	32	36	41	
1	24	16	23	29	34	39	42	
2	32	13	16	18	20	22	24	33	39	
3	47	15	17	19	20	28	29	33	35	38	
4	27	13	15	17	18	24	27	34	
5	44	15	17	33	40	
6	23	18	31	36	39	41	
7	45	14	15	16	17	18	37	39	41	
8	47	31	34	
9	22	13	20	21	22	36	
10	20	13	17	19	20	30	37	
11	21	13	15	19	20	21	23	26	38	40	42	
12	35	13	15	20	25	27	39	
13	11	21	34	
14	39	24	29	34	37	45	49	
15	18	25	34	38	42	45	46	
16	26	29	33	38	45	
17	30	26	
18	12	26	28	29	34	35	42	48	
19	47	26	47	
20	25	24	36	38	39	42	43	47	
21	45	48	
22	37	
23	29	44	45	
24	35	40	
25	33	43	49	
26	38	36	37	38	
27	17	39	
28	24	46	
29	11	36	37	46	
30	11	36	38	40	42	
31	31	34	37	40	42	49	
32	21	39	
33	32	38	
34	30	47	49	
35	17	44	48	
36	37	44	48	
37	19	43	47	
38	18	44	
39	45	43	45	48	
40	47	48	
41	11	43	44	
42	43	
43	35	
44	19	
45	16	
46	37	
47	35	
48	20	
49	26	
