node	size	children
0	23	12	13	14	15	17	18	20	24	27	29	34	42	
1	43	12	13	14	15	18	20	22	24	34	44	
2	44	12	14	16	18	20	23	25	39	
3	39	12	13	15	16	20	30	43	
4	24	12	13	15	22	27	35	38	42	44	
5	49	15	17	19	32	35	
6	11	15	19	22	33	41	44	
7	16	17	19	21	24	28	30	31	39	44	
8	40	14	16	21	22	30	31	36	
9	23	18	19	20	24	26	39	
10	39	15	16	18	20	22	35	
11	39	14	15	16	18	20	26	29	
12	16	21	23	25	
13	33	34	35	47	
14	28	32	45	46	
15	19	23	34	
16	47	26	43	46	
17	38	26	31	34	44	
18	48	24	34	44	
19	18	24	26	38	
20	27	30	39	45	
21	14	36	
22	27	42	47	
23	46	35	37	38	44	
24	17	
25	42	34	39	43	
26	18	39	42	
27	19	42	
28	47	36	
29	48	44	47	
30	38	39	40	48	
31	37	38	
32	44	38	
33	45	34	38	39	43	
34	14	
35	32	47	
36	14	
37	47	
38	28	
39	26	47	
40	41	47	
41	21	
42	33	
43	25	47	49	
44	47	46	48	
45	14	49	
46	26	
47	30	
48	35	
49	27	
