node	size	children
0	18	8	9	13	16	23	32	
1	42	8	11	14	20	21	23	
2	27	8	9	10	11	18	20	23	24	32	
3	18	8	11	12	13	15	16	17	19	20	21	25	26	31	32	
4	33	8	17	22	25	27	
5	29	12	13	20	22	27	31	
6	17	12	13	21	22	24	25	28	
7	24	9	10	11	18	21	22	28	30	
8	49	18	23	29	30	34	35	
9	36	23	26	40	42	
10	38	20	24	26	29	38	
11	44	24	27	37	38	
12	33	18	21	30	31	34	35	38	
13	31	26	30	39	40	
14	27	17	43	
15	16	17	39	40	41	
16	20	32	35	41	48	
17	46	34	44	
18	22	30	
19	32	26	46	
20	29	29	34	35	44	
21	33	44	47	
22	40	42	
23	24	46	
24	10	29	46	
25	11	33	42	43	
26	13	36	44	46	
27	47	39	47	
28	29	33	
29	25	33	35	44	45	
30	29	33	37	41	
31	11	34	40	44	
32	12	38	42	43	
33	31	
34	31	49	
35	17	
36	20	
37	39	
38	17	
39	40	45	
40	29	
41	12	46	
42	21	46	
43	25	
44	49	
45	39	
46	17	
47	42	
48	11	
49	11	
