node	size	children
0	34	9	10	11	17	18	24	25	27	31	32	34	
1	46	8	11	12	18	20	22	23	24	25	28	32	36	
2	38	8	10	11	14	18	22	25	28	29	33	36	
3	31	18	22	24	25	26	27	32	35	
4	11	14	15	19	22	23	25	
5	27	9	10	13	21	22	23	
6	34	8	10	20	21	29	34	37	
7	28	8	9	10	11	16	17	18	20	21	23	31	32	
8	33	20	35	39	40	41	
9	44	20	37	47	
10	14	22	25	
11	38	
12	20	21	25	42	45	
13	34	22	39	42	43	46	
14	22	21	24	
15	19	21	27	46	
16	30	23	30	
17	23	20	21	28	34	38	
18	11	20	37	43	
19	49	32	40	
20	18	47	
21	25	34	47	
22	21	35	36	41	47	
23	32	33	36	39	41	43	
24	22	33	36	43	
25	42	28	32	35	36	37	38	42	
26	31	48	
27	40	28	29	33	
28	38	40	41	46	
29	29	39	45	
30	30	41	44	
31	21	40	42	
32	49	
33	27	40	48	
34	26	40	48	
35	19	42	44	47	
36	17	42	
37	13	45	
38	22	
39	43	
40	35	48	
41	16	
42	14	
43	32	
44	16	
45	37	48	
46	33	49	
47	10	
48	25	
49	23	
