node	size	children
0	37	13	21	22	23	27	32	42	
1	19	14	15	17	24	36	
2	36	12	13	18	22	26	28	29	30	35	45	
3	48	12	13	15	16	17	20	22	45	
4	30	20	22	27	32	
5	45	13	15	22	31	33	37	39	
6	43	13	15	18	20	21	23	24	30	32	
7	38	12	13	15	16	22	30	32	43	45	
8	12	12	13	14	15	16	19	21	30	39	
9	15	14	16	21	23	25	26	27	29	39	
10	46	18	21	28	30	31	36	
11	10	12	14	16	21	23	29	32	36	42	
12	14	31	48	
13	42	48	49	
14	44	34	39	42	
15	25	28	32	40	
16	25	27	29	31	41	42	43	48	
17	36	24	26	40	47	
18	27	27	31	38	
19	44	27	31	39	
20	36	40	45	48	
21	32	23	37	42	43	48	
22	10	33	40	42	
23	10	
24	46	
25	36	
26	12	
27	36	
28	10	33	
29	19	34	36	44	
30	37	45	
31	11	43	47	
32	23	46	
33	49	48	
34	16	49	
35	18	46	
36	13	
37	35	47	49	
38	39	
39	37	48	
40	43	
41	40	47	
42	36	
43	30	47	
44	19	
45	27	48	
46	35	
47	45	
48	25	
49	27	
