node	size	children
0	17	11	14	18	24	
1	34	9	10	11	12	17	18	20	21	
2	28	14	20	22	36	
3	20	13	14	15	17	20	21	23	24	
4	28	12	14	16	20	21	24	25	26	27	33	
5	33	9	12	14	21	34	
6	21	10	12	13	14	15	18	24	27	30	
7	13	12	13	18	25	26	27	32	35	
8	40	9	11	18	19	23	25	29	
9	18	23	34	46	
10	26	23	25	34	37	
11	26	38	43	46	
12	31	27	30	48	
13	34	25	26	
14	46	24	25	28	
15	38	27	42	
16	33	24	25	26	27	44	46	
17	19	24	28	36	37	
18	37	28	
19	43	26	30	33	39	
20	16	38	47	
21	44	
22	40	30	31	32	53	
23	32	31	47	51	53	
24	38	35	43	52	54	
25	32	54	
26	41	29	35	45	
27	33	46	49	52	53	
28	17	39	47	49	53	
29	12	41	52	53	
30	26	37	42	43	
31	35	41	54	
32	27	39	40	44	48	51	52	
33	29	52	54	
34	14	37	39	47	
35	37	37	
36	43	44	49	52	
37	24	
38	36	
39	38	
40	40	51	
41	28	
42	13	50	
43	43	
44	29	50	
45	10	51	52	54	
46	26	51	
47	22	50	52	
48	29	53	
49	32	
50	23	
51	18	
52	31	
53	46	
54	14	
