node	size	children
0	36	12	13	24	37	
1	43	15	17	20	38	
2	19	12	20	21	25	27	29	30	
3	48	12	14	16	17	20	36	
4	16	12	16	17	20	24	
5	31	20	21	24	30	
6	23	17	20	21	22	23	24	
7	15	12	14	17	20	21	31	35	
8	28	12	13	14	15	16	17	18	19	23	27	40	
9	26	18	19	23	27	
10	36	12	13	19	21	31	
11	49	13	17	27	34	38	40	
12	13	26	36	41	42	46	47	
13	43	26	44	45	
14	23	28	39	42	
15	36	25	33	35	48	
16	31	25	28	33	34	35	37	46	
17	43	25	40	
18	44	21	36	40	
19	20	28	36	43	
20	25	23	27	32	42	45	49	
21	47	30	32	36	43	45	48	54	
22	46	31	37	38	41	43	
23	31	30	31	32	37	38	41	42	46	50	54	
24	29	45	49	53	
25	39	29	35	39	
26	15	39	
27	24	31	37	43	46	47	
28	23	30	38	43	
29	49	48	
30	24	44	
31	10	42	47	52	
32	34	
33	19	
34	24	
35	16	46	47	53	
36	17	43	46	48	
37	11	43	
38	42	48	54	
39	29	
40	26	48	53	
41	24	
42	17	
43	17	52	
44	20	51	
45	44	
46	16	
47	49	
48	37	52	
49	42	
50	29	
51	13	
52	27	
53	44	
54	22	
