node	size	children
0	47	11	13	16	17	25	28	
1	20	10	12	13	15	16	17	23	25	31	
2	27	14	16	17	20	23	26	28	30	39	
3	41	16	30	31	35	39	
4	40	13	14	15	19	31	
5	16	11	18	25	37	38	39	
6	39	14	15	22	27	30	31	
7	37	11	13	16	39	
8	49	10	11	15	17	21	25	27	28	30	
9	27	11	12	13	15	24	26	28	
10	14	25	27	28	33	
11	32	21	
12	44	23	24	27	30	32	39	41	44	48	50	
13	29	23	24	31	33	36	45	
14	28	29	
15	28	37	
16	45	30	31	32	37	
17	48	20	24	25	26	27	35	37	46	
18	34	28	33	35	37	46	
19	30	33	45	
20	37	46	
21	18	33	37	51	
22	41	38	39	42	
23	47	33	
24	24	38	41	50	
25	49	39	54	
26	41	34	35	
27	48	39	48	
28	35	33	
29	24	40	54	
30	14	37	38	42	
31	21	35	37	42	44	47	
32	11	49	
33	47	42	53	
34	10	43	44	45	
35	31	
36	49	44	51	
37	27	43	
38	39	43	50	53	54	
39	19	41	42	43	45	48	54	
40	48	
41	39	
42	38	
43	15	
44	29	53	
45	37	
46	48	
47	33	
48	14	52	
49	16	
50	47	
51	17	
52	49	
53	44	
54	37	
