node	size	children
0	21	12	16	26	27	34	36	37	
1	27	8	9	10	14	16	17	21	29	30	32	
2	40	9	12	16	19	23	26	27	29	
3	35	8	9	12	15	16	17	19	26	27	
4	20	10	11	12	14	18	19	27	31	37	
5	33	9	10	14	15	17	18	19	33	37	
6	25	10	13	19	22	26	28	
7	30	8	11	13	15	16	22	24	25	26	28	37	
8	49	21	
9	24	31	36	
10	22	24	25	35	38	
11	33	24	27	35	36	48	
12	31	24	
13	26	30	31	41	48	
14	49	28	32	
15	48	22	36	40	
16	46	20	26	29	40	
17	34	22	27	31	32	
18	33	42	
19	26	22	27	29	45	48	
20	34	42	52	
21	23	52	
22	28	39	41	43	53	54	
23	28	30	37	52	53	54	
24	44	37	
25	32	34	39	43	48	
26	27	45	46	52	
27	38	32	44	45	52	
28	19	35	47	
29	41	36	39	47	
30	47	45	49	53	
31	42	39	47	50	
32	32	42	51	52	
33	31	38	50	
34	22	50	
35	38	
36	33	
37	46	45	48	
38	38	
39	44	
40	33	49	53	
41	42	
42	45	51	
43	25	50	
44	20	50	53	
45	19	53	
46	33	
47	13	50	52	
48	27	49	
49	19	
50	29	
51	35	
52	19	
53	16	
54	15	
