node	size	children
0	35	12	13	14	16	17	23	33	40	
1	44	16	21	22	26	29	
2	22	11	14	15	26	29	33	
3	47	17	20	21	22	27	29	
4	26	11	12	14	17	19	21	29	
5	25	12	13	14	17	21	29	31	40	
6	42	11	12	14	17	23	36	
7	25	11	12	15	16	17	18	22	28	34	
8	47	11	12	13	15	16	
9	31	11	15	16	20	21	25	33	38	
10	48	12	14	15	16	21	22	24	30	32	
11	24	31	41	45	46	
12	18	41	48	
13	34	23	28	29	47	
14	27	24	34	46	
15	41	42	
16	23	26	37	
17	12	30	43	
18	16	24	27	33	35	
19	37	
20	46	23	35	
21	25	24	48	
22	45	35	36	37	44	
23	27	
24	32	36	48	
25	29	34	35	36	37	40	
26	46	33	35	40	54	
27	18	35	37	39	43	48	49	
28	36	37	40	53	
29	16	
30	39	46	48	53	
31	26	
32	24	
33	16	44	52	54	
34	44	
35	20	
36	13	
37	26	42	43	44	50	51	
38	42	43	46	
39	37	52	
40	40	51	
41	45	49	53	
42	20	49	50	
43	46	50	54	
44	46	51	
45	30	53	54	
46	32	49	51	
47	10	54	
48	37	52	
49	31	
50	12	
51	17	
52	47	
53	21	
54	44	
