node	size	children
0	18	10	11	13	18	20	21	28	30	31	
1	22	10	11	12	13	14	15	16	17	18	23	25	28	29	
2	29	11	13	23	24	25	28	42	
3	44	14	18	20	25	26	31	38	
4	41	12	16	17	23	30	
5	33	16	18	24	25	30	31	32	33	37	40	42	
6	45	19	20	22	24	30	35	
7	20	13	16	17	20	22	23	24	32	36	41	43	
8	15	12	13	16	18	19	21	24	32	
9	46	10	13	16	18	20	25	43	
10	21	26	30	35	37	41	46	54	
11	48	
12	14	21	40	45	54	
13	39	29	49	
14	29	33	40	47	48	
15	27	37	47	48	51	
16	31	22	36	43	44	50	
17	15	24	34	42	46	53	
18	32	22	38	42	48	
19	27	23	27	35	43	47	
20	37	22	23	30	35	48	
21	37	35	43	
22	32	37	
23	46	37	43	
24	37	35	37	46	
25	22	
26	46	37	52	
27	11	49	
28	15	39	
29	34	42	46	49	53	
30	47	36	46	50	
31	40	36	
32	32	35	36	43	45	54	
33	30	48	
34	37	54	
35	21	
36	25	44	45	49	
37	13	53	
38	41	53	
39	47	
40	48	50	
41	24	49	
42	25	46	54	
43	14	48	51	
44	44	
45	13	
46	11	
47	31	
48	27	
49	20	
50	21	
51	32	
52	47	
53	12	
54	24	
