node	size	children
0	40	8	12	13	17	25	26	37	
1	18	8	9	12	13	15	18	19	20	30	31	34	37	
2	24	7	8	10	15	22	26	29	34	
3	13	14	15	18	19	25	27	31	37	
4	27	7	9	11	12	16	25	33	38	
5	49	7	12	13	15	20	35	37	
6	43	12	13	16	17	21	23	26	28	33	
7	40	14	16	38	
8	40	16	20	24	31	42	43	
9	14	29	43	46	
10	40	18	19	40	
11	33	18	19	21	23	25	29	37	40	41	42	
12	31	14	25	38	40	42	43	44	48	
13	22	14	28	45	48	
14	35	28	31	41	51	
15	12	53	
16	24	26	45	
17	22	36	39	41	
18	36	25	27	32	36	37	41	48	50	
19	22	28	33	42	
20	41	26	33	34	41	42	51	
21	14	26	30	39	41	47	50	
22	24	34	46	50	
23	46	39	
24	27	32	45	50	52	
25	48	46	
26	20	45	48	
27	36	50	
28	47	
29	26	
30	12	41	
31	32	42	
32	28	42	45	49	
33	19	42	44	45	
34	33	
35	12	42	48	
36	30	45	48	
37	40	
38	48	
39	25	52	
40	29	
41	33	51	
42	49	
43	34	
44	17	53	
45	37	
46	37	
47	27	53	54	
48	38	
49	41	
50	30	
51	25	
52	41	
53	39	
54	35	
