node	size	children
0	41	9	10	12	14	15	18	19	20	
1	20	10	16	18	32	33	34	42	
2	28	9	10	15	16	17	23	29	35	36	
3	43	9	16	22	28	34	36	41	
4	40	10	12	13	19	20	39	40	
5	47	10	12	13	14	15	16	17	19	26	32	33	40	
6	49	11	14	15	16	17	28	31	
7	47	11	12	13	17	18	19	26	28	
8	26	10	12	14	18	19	20	21	22	30	39	
9	32	26	40	42	46	
10	30	19	28	40	
11	45	25	26	30	38	40	42	
12	18	25	36	42	47	
13	20	21	27	29	36	39	40	42	49	
14	26	45	
15	38	25	36	
16	29	20	22	29	45	47	
17	26	32	41	
18	13	20	24	25	26	32	40	41	42	
19	37	34	44	49	
20	23	34	
21	13	37	39	
22	23	
23	11	37	41	44	
24	28	
25	43	41	43	50	52	
26	22	41	45	
27	44	34	35	54	
28	34	31	
29	14	34	
30	49	
31	48	
32	16	43	46	
33	22	47	
34	39	47	
35	47	44	45	47	
36	29	54	
37	33	
38	49	47	48	51	
39	19	
40	22	45	47	48	52	
41	16	47	48	
42	24	
43	14	52	
44	34	53	
45	34	
46	25	
47	45	
48	22	53	
49	38	
50	25	
51	17	54	
52	11	
53	24	
54	47	
