node	size	children
0	35	11	13	14	15	19	20	23	27	28	30	
1	42	9	10	11	12	17	22	
2	24	9	11	16	
3	10	9	12	14	17	20	21	24	34	
4	45	9	12	14	15	17	23	27	31	32	35	
5	41	9	11	14	25	27	31	
6	47	10	11	16	21	35	
7	32	10	11	16	17	18	22	26	29	
8	46	12	16	19	20	22	32	
9	45	20	28	
10	14	26	43	47	48	
11	22	22	23	24	26	47	
12	19	21	27	29	43	
13	15	24	32	46	
14	39	21	23	24	26	31	32	41	47	
15	38	20	24	39	41	47	
16	44	17	21	26	42	43	48	
17	13	28	30	46	47	
18	12	27	30	33	34	37	47	
19	35	31	38	52	53	
20	26	48	
21	29	28	39	
22	26	28	39	46	54	
23	31	31	44	46	48	49	54	
24	21	31	33	49	51	54	
25	28	34	
26	25	52	
27	34	
28	26	39	42	
29	21	42	
30	19	42	45	46	
31	14	51	52	
32	41	41	46	52	
33	10	38	39	
34	30	36	40	
35	39	45	50	54	
36	35	54	
37	22	54	
38	40	52	
39	10	
40	16	
41	14	
42	21	51	
43	20	
44	47	54	
45	31	
46	48	
47	26	
48	15	
49	38	
50	11	
51	41	
52	49	
53	46	
54	36	
