node	size	children
0	35	7	8	10	11	12	15	16	20	21	24	25	27	29	36	
1	40	7	11	12	14	15	19	20	22	
2	13	7	11	13	16	20	24	26	32	33	35	
3	18	9	11	14	20	25	29	35	
4	39	10	11	13	14	16	19	21	23	25	26	
5	43	7	8	10	12	13	14	18	21	22	23	24	27	30	37	
6	18	13	15	16	26	34	37	
7	23	16	28	30	31	33	38	42	
8	49	17	19	29	33	37	
9	46	33	39	
10	22	18	23	27	32	
11	20	18	21	28	33	35	44	
12	41	33	36	38	45	
13	49	33	37	
14	34	19	24	25	28	39	
15	29	19	23	25	27	
16	46	30	34	39	
17	43	47	
18	42	28	32	
19	39	28	
20	41	28	37	38	53	
21	15	42	49	
22	32	28	
23	46	29	30	41	42	45	
24	48	32	33	36	37	40	42	43	
25	26	32	
26	21	46	50	51	
27	18	32	
28	28	42	
29	31	
30	35	51	53	
31	41	45	
32	42	41	
33	38	46	47	53	
34	14	44	
35	29	53	
36	29	41	
37	42	42	54	
38	13	48	51	54	
39	43	
40	46	
41	21	
42	24	
43	26	53	
44	34	53	
45	14	48	
46	44	48	52	
47	23	
48	48	
49	31	
50	46	
51	20	
52	48	
53	31	
54	48	
