node	size	children
0	26	10	13	17	25	27	
1	36	10	13	16	17	19	20	25	32	40	41	
2	18	9	10	12	18	19	20	30	
3	21	9	10	15	18	21	24	34	
4	12	9	10	11	18	19	20	22	23	24	27	28	31	37	
5	43	16	18	20	23	41	
6	20	13	16	18	22	23	24	38	
7	21	19	24	25	40	
8	27	9	14	18	19	23	24	26	30	34	35	36	
9	18	20	33	51	52	
10	16	28	29	36	43	44	
11	15	23	25	29	32	34	43	44	47	
12	31	27	38	
13	10	30	35	38	46	
14	36	30	34	37	42	50	52	
15	32	21	24	36	37	50	
16	30	36	39	
17	12	51	
18	36	32	51	
19	23	25	28	34	48	
20	11	49	
21	26	
22	15	34	39	
23	17	35	44	
24	14	47	50	
25	30	32	44	
26	15	32	38	39	44	53	
27	13	32	36	42	47	52	
28	28	36	39	
29	32	46	48	
30	32	49	
31	17	37	38	48	49	53	
32	26	50	
33	34	42	43	47	49	50	
34	20	44	
35	33	48	49	50	51	
36	39	48	
37	45	
38	23	
39	40	
40	34	45	48	54	
41	42	42	51	53	
42	10	
43	45	
44	29	54	
45	18	
46	13	
47	12	
48	17	54	
49	34	
50	44	
51	22	
52	18	54	
53	11	
54	13	
