node	size	children
0	10	13	14	19	21	23	29	37	39	40	
1	29	15	18	23	26	28	36	37	39	
2	32	18	21	26	27	29	39	
3	40	12	15	17	18	19	26	27	
4	26	11	15	17	19	21	26	28	29	
5	38	11	14	21	22	26	28	32	
6	23	11	14	18	19	20	24	
7	43	11	14	18	19	21	23	24	28	
8	44	16	18	22	23	24	30	
9	39	12	14	17	18	19	21	23	33	38	40	
10	24	13	19	23	24	28	
11	49	23	25	30	41	48	50	
12	11	24	27	35	44	47	
13	16	35	38	
14	40	31	33	35	
15	23	29	
16	39	25	26	28	29	30	40	42	49	
17	39	
18	16	26	27	28	30	46	
19	33	34	45	49	
20	28	41	47	
21	19	22	31	41	
22	47	31	34	35	36	40	42	45	51	
23	38	
24	48	39	
25	18	52	
26	27	31	33	36	38	47	52	
27	14	31	34	35	36	40	41	44	
28	27	43	44	46	51	
29	46	34	44	45	52	
30	17	47	
31	42	43	54	
32	18	49	
33	19	43	
34	47	
35	48	48	
36	38	45	
37	37	45	52	
38	44	
39	45	44	
40	14	45	
41	32	
42	14	52	
43	47	53	
44	28	
45	26	
46	41	
47	21	
48	33	
49	25	
50	47	
51	14	
52	26	
53	30	
54	35	
