node	size	children
0	31	9	13	15	20	21	22	24	27	28	30	
1	33	9	14	15	17	21	22	24	25	28	34	
2	43	9	11	12	13	18	20	21	22	25	27	28	32	
3	44	10	18	22	25	27	31	
4	22	10	14	17	19	20	21	22	24	26	27	28	29	30	32	
5	48	11	14	15	16	17	27	28	30	
6	10	15	17	19	20	21	24	28	30	38	39	40	
7	21	9	13	14	17	18	22	27	36	39	
8	11	9	10	13	14	18	19	20	22	26	27	29	30	36	37	38	40	
9	30	25	40	49	
10	47	41	
11	35	24	29	37	46	
12	19	33	50	
13	43	42	
14	43	27	32	46	
15	29	24	30	35	
16	38	23	24	32	35	45	
17	44	33	35	43	
18	23	
19	17	37	47	
20	20	
21	33	40	46	
22	44	37	51	
23	18	48	51	52	
24	19	38	48	50	
25	14	31	
26	39	35	46	
27	41	33	35	48	
28	29	49	
29	36	32	33	42	48	52	
30	16	37	52	
31	40	50	
32	25	41	47	
33	40	
34	18	47	53	
35	48	47	
36	18	42	43	53	
37	43	45	49	
38	31	44	50	
39	38	44	46	48	50	
40	22	46	50	51	52	
41	39	
42	42	53	
43	16	
44	27	
45	41	54	
46	12	
47	39	
48	13	
49	13	51	53	
50	16	
51	39	
52	23	
53	31	
54	44	
