node	size	children
0	30	7	10	13	14	18	20	22	23	25	28	30	
1	28	8	9	10	19	21	23	24	25	26	27	28	29	31	32	33	
2	21	7	14	15	16	17	18	20	23	24	27	28	31	33	36	
3	43	8	9	13	14	18	19	20	22	23	27	28	36	
4	14	8	11	12	17	18	19	20	23	24	25	26	28	35	
5	34	8	9	10	12	13	14	25	28	
6	33	17	19	21	23	24	26	
7	46	24	25	40	
8	27	21	25	28	43	49	
9	28	49	
10	22	31	35	
11	21	44	
12	42	27	43	47	48	
13	23	22	37	43	
14	10	50	
15	21	28	34	35	45	
16	39	22	26	30	31	
17	20	49	
18	40	29	40	
19	49	24	45	
20	44	26	28	36	43	49	
21	33	30	44	52	54	
22	13	53	
23	15	36	38	48	49	
24	24	33	44	45	51	
25	25	31	38	41	52	
26	41	30	40	42	51	52	54	
27	22	40	46	
28	10	45	52	
29	16	46	51	
30	13	52	54	
31	10	41	46	48	
32	25	39	
33	37	52	
34	37	43	48	51	
35	29	51	54	
36	13	46	51	53	54	
37	45	44	45	46	52	54	
38	43	54	
39	29	53	
40	43	
41	36	54	
42	12	
43	31	53	
44	25	
45	28	
46	28	
47	12	
48	22	
49	46	
50	42	
51	12	
52	43	
53	26	
54	45	
