node	size	children
0	10	14	20	30	35	41	
1	31	13	15	16	19	20	21	25	32	
2	28	16	18	19	28	36	37	
3	29	13	15	19	21	26	32	35	42	
4	42	14	17	19	22	25	26	28	31	32	33	
5	45	14	19	20	32	33	
6	25	13	15	18	20	23	25	26	27	29	
7	32	15	17	20	27	30	32	
8	36	20	21	24	25	30	
9	37	20	24	26	29	30	45	
10	21	14	15	18	23	25	
11	38	14	15	16	18	23	30	45	
12	14	13	15	16	18	21	22	23	26	31	32	33	41	
13	24	
14	26	28	32	45	46	49	
15	14	41	44	49	
16	39	30	34	36	49	50	53	
17	27	49	
18	22	29	33	39	43	47	
19	11	26	29	35	
20	44	26	28	29	45	
21	32	27	32	33	50	
22	36	28	43	
23	10	39	42	
24	10	28	42	46	48	
25	42	35	46	49	50	53	
26	22	35	
27	44	38	40	41	42	53	
28	38	36	51	53	
29	43	35	46	47	54	
30	21	36	
31	22	41	46	47	48	
32	36	36	50	53	
33	19	41	47	
34	15	49	
35	18	
36	37	51	53	
37	42	47	52	53	
38	22	
39	27	
40	17	
41	22	47	
42	11	52	
43	39	
44	37	49	
45	46	47	54	
46	35	
47	24	
48	23	
49	10	
50	39	
51	30	
52	19	
53	45	
54	22	
