node	size	children
0	32	12	13	14	25	26	33	36	
1	12	14	16	18	19	24	26	29	31	32	36	37	
2	27	11	13	14	15	24	29	
3	39	12	23	24	27	33	34	36	37	
4	29	15	17	36	
5	26	11	14	16	18	20	24	27	29	33	
6	37	25	27	29	34	
7	20	10	12	16	19	23	25	27	28	37	
8	23	10	14	30	31	
9	19	11	12	14	23	25	26	31	37	
10	26	31	32	40	41	46	
11	29	22	32	38	40	41	
12	10	17	22	32	36	37	45	50	
13	26	22	32	35	39	46	
14	11	18	19	21	35	36	40	43	46	50	
15	15	17	21	28	31	33	39	45	
16	38	19	42	43	
17	17	
18	48	36	49	
19	42	34	42	44	45	50	
20	38	32	33	
21	21	39	44	
22	11	31	44	47	54	
23	26	35	47	
24	44	39	44	
25	24	
26	33	33	
27	17	33	34	
28	18	
29	35	41	42	44	
30	21	47	51	52	54	
31	36	39	48	
32	14	46	54	
33	16	41	42	46	
34	40	40	54	
35	37	45	
36	40	42	50	
37	11	45	53	
38	21	
39	23	53	54	
40	38	53	
41	37	
42	42	54	
43	36	
44	19	53	
45	30	
46	12	
47	26	
48	38	
49	21	
50	29	
51	15	53	
52	26	
53	37	
54	23	
