node	size	children
0	42	13	14	16	17	19	21	
1	25	11	12	13	14	17	18	25	
2	12	10	11	12	22	28	
3	16	10	11	12	14	15	16	23	
4	24	12	18	20	33	
5	18	10	14	19	24	29	
6	14	10	15	16	18	27	
7	27	10	11	15	16	18	23	33	
8	47	11	12	18	23	31	
9	39	10	12	14	19	21	
10	35	17	29	41	42	
11	32	20	26	30	31	32	45	
12	36	23	28	35	40	46	
13	46	39	40	46	
14	10	27	33	43	45	
15	42	17	21	22	26	27	28	31	32	38	39	43	44	45	
16	18	31	
17	31	32	33	48	49	50	52	54	
18	11	26	27	28	44	52	
19	28	33	35	43	44	49	
20	30	44	49	
21	11	25	35	
22	25	30	36	
23	21	32	34	36	
24	25	32	
25	12	44	52	
26	37	36	43	52	
27	36	48	
28	38	51	
29	17	36	39	52	
30	18	36	49	54	
31	14	36	37	39	44	45	54	
32	45	38	46	47	53	
33	16	38	
34	42	53	
35	26	
36	23	50	
37	43	48	49	
38	21	
39	20	49	
40	21	48	52	53	
41	24	48	
42	42	
43	14	
44	32	47	48	49	
45	27	
46	17	
47	14	
48	26	
49	39	
50	42	
51	46	
52	42	
53	39	
54	45	
