node	size	children
0	29	16	21	23	25	26	32	
1	47	10	13	16	17	26	28	36	
2	49	16	18	21	26	27	28	38	
3	29	18	21	27	31	35	
4	27	9	13	14	17	18	21	23	24	27	35	38	41	
5	21	9	12	14	16	27	32	35	
6	31	9	10	11	13	27	28	30	35	39	
7	22	9	10	13	15	16	
8	44	9	12	13	15	19	21	26	39	
9	13	29	30	49	
10	45	33	34	42	45	46	
11	18	27	32	
12	29	32	34	47	52	
13	12	26	45	
14	37	22	29	34	36	45	47	
15	38	20	32	40	48	52	
16	16	37	50	52	
17	48	31	36	38	41	47	48	53	
18	39	19	29	36	39	48	
19	37	34	41	47	
20	13	32	35	39	47	53	
21	23	50	
22	32	34	39	41	46	50	
23	30	29	41	49	53	54	
24	19	54	
25	15	35	45	
26	19	38	44	49	54	
27	17	
28	34	30	45	46	52	54	
29	16	47	50	
30	20	
31	21	42	51	52	
32	36	42	45	51	
33	29	49	
34	33	43	50	
35	41	43	48	
36	24	45	48	
37	12	
38	18	43	45	
39	43	48	52	
40	24	48	
41	32	43	
42	41	
43	17	
44	47	
45	13	
46	22	
47	16	54	
48	45	
49	36	
50	12	
51	48	
52	44	54	
53	46	
54	40	
