node	size	children
0	20	12	22	29	30	39	
1	20	14	15	16	19	30	34	36	39	
2	32	29	33	35	38	40	
3	39	11	17	22	26	27	33	
4	19	11	17	18	19	20	30	32	38	
5	43	12	13	18	19	23	25	29	30	33	36	
6	42	12	14	20	23	29	33	
7	23	14	20	25	36	
8	19	12	13	16	17	18	21	25	33	36	38	
9	14	14	21	23	33	35	38	
10	42	12	34	
11	23	28	34	39	48	
12	40	23	31	36	38	41	49	
13	11	19	39	45	
14	25	20	22	24	28	33	34	45	
15	33	28	30	36	37	43	
16	20	28	32	35	43	44	
17	30	29	36	44	45	49	
18	12	22	47	
19	31	35	46	49	
20	23	35	
21	17	35	39	
22	25	33	51	
23	17	40	
24	16	53	
25	22	35	52	
26	43	37	40	46	52	
27	20	32	34	
28	28	43	45	
29	38	38	45	
30	47	34	38	42	
31	10	35	42	44	
32	32	42	52	
33	38	42	43	47	49	52	
34	47	46	
35	47	42	48	
36	44	46	50	
37	15	
38	32	53	
39	25	44	
40	21	42	43	49	
41	23	51	
42	48	54	
43	29	51	
44	38	
45	40	
46	29	
47	35	
48	28	52	
49	31	51	
50	34	
51	11	
52	20	
53	18	
54	25	
