node	size	children
0	43	15	16	18	21	22	23	26	32	
1	25	18	19	21	22	23	24	31	38	
2	39	14	16	18	19	27	29	36	
3	27	18	23	29	34	
4	47	15	16	18	19	22	
5	16	14	15	18	21	22	24	25	27	
6	19	14	17	22	27	28	31	37	
7	33	14	15	16	18	27	31	
8	10	15	23	34	
9	18	15	22	23	34	
10	24	15	16	19	20	23	33	
11	40	18	19	23	29	
12	36	19	22	23	30	31	33	
13	35	15	23	27	37	
14	24	
15	17	30	32	
16	15	28	30	49	
17	19	
18	48	24	25	44	45	50	
19	15	36	43	44	49	
20	14	27	37	45	53	
21	19	35	36	51	
22	44	37	38	42	43	
23	19	30	33	50	
24	27	34	39	40	43	48	50	52	
25	48	36	42	46	48	50	52	54	
26	26	39	40	46	
27	41	
28	43	36	38	46	48	50	51	52	53	
29	14	34	37	42	44	47	52	53	
30	20	35	39	41	45	48	
31	40	35	48	
32	20	42	46	
33	19	
34	26	43	47	51	52	
35	27	49	
36	40	
37	25	45	53	
38	14	49	53	
39	37	45	47	
40	43	48	49	
41	44	
42	16	
43	49	
44	18	
45	40	
46	47	
47	47	
48	24	
49	11	
50	41	
51	48	
52	42	
53	36	
54	14	
