node	size	children
0	33	16	20	27	28	34	
1	46	16	18	20	22	26	32	46	
2	35	14	16	20	23	33	37	
3	37	15	16	18	19	20	28	31	37	
4	47	15	16	19	32	35	40	45	46	47	49	
5	14	16	19	20	22	23	44	45	
6	14	19	20	21	22	34	35	39	41	42	44	
7	33	14	17	19	20	22	26	35	36	
8	43	19	22	27	32	36	45	
9	49	14	18	28	36	38	44	
10	47	14	16	23	24	25	28	34	39	
11	12	16	19	20	24	26	38	42	
12	45	14	18	22	24	26	33	38	48	
13	25	20	22	24	28	33	35	
14	25	31	34	40	41	49	56	
15	24	31	34	36	47	52	56	
16	22	30	31	38	52	
17	38	42	44	49	50	52	
18	23	32	44	49	56	
19	47	28	41	49	
20	26	37	43	57	
21	45	28	
22	47	36	38	
23	11	38	47	
24	28	27	29	31	35	40	
25	43	31	44	53	
26	20	28	32	33	41	
27	36	
28	10	
29	38	45	52	
30	30	55	
31	23	59	
32	34	41	44	59	
33	25	42	44	
34	44	41	43	50	
35	29	49	
36	35	43	
37	42	58	
38	43	47	51	
39	32	50	53	55	58	
40	18	41	53	
41	39	59	
42	27	
43	17	54	
44	14	56	
45	46	55	
46	36	55	57	
47	32	57	
48	19	53	58	
49	47	54	58	
50	35	
51	41	58	
52	20	
53	21	59	
54	43	
55	36	
56	17	
57	25	
58	13	
59	26	
