node	size	children
0	25	9	12	17	19	31	32	33	37	38	40	
1	47	9	15	16	17	20	24	25	33	
2	31	10	14	15	20	21	22	23	25	27	33	39	
3	48	10	13	15	16	21	23	34	35	
4	24	15	16	18	23	25	30	35	41	
5	18	9	10	11	18	21	25	44	
6	34	9	10	12	16	27	28	40	
7	27	9	10	14	15	17	18	19	25	26	28	30	31	
8	41	9	16	18	25	28	29	30	31	36	40	
9	23	25	
10	12	31	37	44	48	
11	16	25	29	40	47	51	53	
12	37	23	27	28	30	48	52	53	
13	46	32	52	
14	25	25	28	46	47	
15	45	28	35	40	
16	27	24	30	31	41	50	
17	32	32	42	43	
18	29	
19	46	23	44	
20	18	38	40	45	48	
21	36	47	49	51	
22	16	27	43	52	
23	39	41	48	49	
24	26	46	51	52	55	
25	24	41	47	52	
26	16	42	54	
27	44	43	48	
28	20	34	43	54	
29	13	35	37	44	47	54	
30	26	35	37	43	51	52	54	59	
31	42	46	49	53	56	59	
32	37	44	48	53	
33	40	55	
34	45	47	56	
35	20	49	
36	46	58	
37	46	46	51	53	
38	30	46	
39	32	46	49	
40	10	
41	37	
42	31	46	53	56	
43	12	48	
44	17	46	52	
45	47	54	
46	21	
47	44	
48	47	
49	38	
50	12	57	
51	47	
52	15	
53	12	
54	29	
55	30	
56	25	
57	18	
58	25	
59	42	
