node	size	children
0	15	16	25	28	29	31	35	38	
1	38	14	20	21	23	25	26	32	34	35	36	
2	32	14	20	21	23	25	30	35	38	40	
3	26	14	20	28	30	37	38	
4	11	17	20	32	34	35	38	39	44	
5	17	14	16	18	21	23	26	37	47	
6	12	12	14	16	18	19	21	23	26	33	
7	12	12	14	15	16	18	22	33	34	36	
8	11	20	21	27	30	33	35	40	45	
9	24	13	16	17	20	23	24	29	33	35	36	48	
10	25	12	21	24	28	33	35	36	46	
11	42	16	18	21	23	27	29	31	32	36	37	47	
12	31	40	43	50	
13	11	30	38	
14	44	33	34	41	44	
15	37	36	37	45	57	
16	40	27	28	45	
17	11	28	48	49	51	
18	20	29	34	42	44	
19	18	27	33	
20	43	29	53	
21	27	26	
22	45	33	
23	19	29	35	44	51	
24	45	33	42	
25	25	30	47	57	
26	39	41	48	55	
27	35	41	54	
28	47	52	
29	39	45	55	
30	43	
31	30	40	58	
32	46	42	44	
33	33	40	44	
34	42	59	
35	38	58	
36	32	48	51	56	57	
37	48	41	42	48	55	
38	47	41	
39	43	59	
40	17	57	
41	45	
42	25	55	56	59	
43	30	
44	22	
45	40	
46	41	56	
47	25	59	
48	21	51	57	58	
49	25	54	57	
50	26	
51	23	
52	36	
53	12	
54	11	
55	24	
56	28	
57	23	
58	44	
59	10	
