node	size	children
0	37	15	17	18	19	21	23	24	25	26	28	32	33	35	38	42	
1	20	12	17	21	22	23	25	35	
2	49	12	13	17	19	20	21	32	
3	25	15	17	19	20	21	23	25	29	30	32	33	35	
4	10	19	20	23	25	
5	37	12	15	17	18	19	20	21	23	31	32	33	
6	40	12	15	17	26	33	39	42	
7	14	12	13	15	18	19	33	38	
8	19	14	15	16	19	21	22	23	31	37	
9	13	13	21	24	28	32	36	
10	43	21	22	23	24	25	33	43	
11	14	22	28	31	
12	32	30	50	
13	32	49	
14	14	28	31	33	38	
15	32	30	39	
16	23	31	32	
17	41	
18	42	36	45	
19	30	27	
20	44	26	29	31	33	
21	35	48	51	
22	49	
23	30	41	
24	48	34	35	38	39	49	
25	13	
26	15	35	36	40	50	51	52	54	58	
27	46	40	43	49	56	
28	44	40	41	43	55	
29	41	50	54	
30	39	36	48	59	
31	15	35	36	41	43	44	48	53	58	
32	26	50	55	
33	27	41	47	
34	25	58	59	
35	47	58	
36	48	
37	44	46	50	
38	17	45	59	
39	31	
40	35	57	
41	32	58	59	
42	28	48	
43	34	51	
44	33	53	
45	49	52	
46	26	
47	33	57	
48	38	57	
49	44	53	55	57	
50	38	55	
51	37	
52	17	
53	44	
54	11	
55	27	
56	35	
57	26	
58	45	
59	47	
