node	size	children
0	20	13	16	17	22	30	33	
1	18	17	22	24	25	26	27	29	43	
2	38	19	22	24	25	32	35	41	
3	16	17	18	20	24	25	
4	18	16	17	18	20	25	26	37	39	44	
5	48	15	18	19	24	30	35	37	39	
6	17	17	18	19	26	30	44	
7	28	18	19	24	29	30	
8	25	12	13	17	30	35	
9	40	14	15	19	20	25	29	31	
10	39	18	21	25	26	38	41	
11	11	19	34	35	36	38	
12	19	23	27	29	34	35	36	43	
13	10	27	34	43	50	
14	26	24	26	30	31	32	37	46	
15	22	23	34	42	
16	34	23	29	39	44	46	
17	48	23	27	33	34	43	44	50	53	
18	47	23	39	42	44	52	
19	24	28	34	36	46	52	
20	45	40	47	53	
21	26	42	45	51	53	
22	30	41	42	
23	37	47	
24	31	
25	36	43	44	
26	27	35	41	52	54	
27	37	
28	19	34	38	43	47	
29	10	41	42	44	
30	17	43	47	54	58	
31	32	53	55	
32	37	53	56	58	
33	37	46	52	
34	47	49	50	51	57	
35	45	56	
36	18	50	
37	44	47	48	
38	34	58	
39	34	48	50	51	54	56	
40	31	46	58	
41	46	47	
42	26	51	
43	16	58	
44	44	
45	36	59	
46	10	
47	22	
48	43	
49	36	
50	15	55	
51	37	
52	30	54	55	
53	38	57	
54	11	
55	39	
56	26	
57	14	
58	24	
59	16	
