node	size	children
0	38	14	17	19	28	33	36	38	46	
1	21	17	19	
2	11	19	25	32	
3	26	16	19	22	26	27	31	40	43	
4	44	14	18	19	22	24	25	47	
5	24	22	23	27	32	
6	33	14	17	18	22	29	30	38	47	
7	17	16	17	18	19	33	35	38	40	
8	18	18	30	
9	35	15	16	17	18	21	24	26	30	
10	21	16	18	19	20	24	26	31	47	
11	36	14	16	17	19	23	24	27	31	
12	14	15	16	19	22	23	26	28	29	33	
13	16	15	16	17	23	26	30	33	35	41	43	
14	40	46	47	48	58	
15	37	27	36	42	
16	40	32	35	55	
17	11	24	27	35	43	45	49	54	
18	21	30	34	35	43	47	
19	23	30	41	51	57	
20	38	24	25	29	43	50	59	
21	37	27	35	47	52	
22	42	25	33	40	52	58	
23	36	39	56	
24	19	41	43	
25	30	37	48	
26	12	36	39	41	52	
27	26	36	47	53	
28	38	39	40	
29	21	40	57	58	
30	29	36	44	
31	15	36	
32	26	36	50	59	
33	37	
34	23	52	57	
35	29	57	
36	45	53	54	
37	31	49	54	
38	36	
39	14	57	
40	21	52	
41	47	
42	47	52	
43	18	48	50	
44	18	
45	25	
46	32	
47	18	58	
48	23	
49	48	
50	46	
51	24	
52	19	
53	16	
54	29	
55	18	
56	25	
57	27	
58	15	
59	41	
