node	size	children
0	31	10	18	25	26	37	
1	39	11	14	17	25	39	40	
2	45	11	12	13	17	20	22	34	38	
3	48	20	38	
4	14	10	11	12	16	24	27	34	
5	41	10	12	13	15	16	18	25	27	29	33	
6	10	10	12	13	15	16	18	19	22	32	
7	40	13	14	16	17	18	23	29	32	
8	12	9	11	14	16	17	18	22	
9	43	19	22	25	44	49	54	56	
10	38	21	25	42	43	46	48	54	
11	34	26	28	29	38	41	44	55	
12	21	40	41	49	51	52	54	56	
13	24	28	40	41	47	55	
14	37	55	
15	20	19	23	26	29	47	
16	44	38	45	48	
17	29	26	27	31	33	47	48	54	
18	47	22	31	33	44	47	53	55	56	
19	19	28	32	33	35	36	37	41	50	55	59	
20	21	28	30	33	58	
21	39	28	41	49	54	59	
22	42	47	53	
23	27	35	40	55	
24	44	44	
25	36	29	30	50	57	
26	38	31	40	57	59	
27	39	36	38	43	
28	20	57	
29	46	48	52	57	
30	30	52	54	56	
31	37	53	
32	16	57	
33	16	45	50	54	
34	46	56	
35	11	47	52	
36	30	48	
37	45	43	45	57	59	
38	36	53	
39	33	53	
40	20	
41	30	54	
42	23	46	48	52	
43	21	
44	45	59	
45	19	59	
46	37	
47	18	59	
48	18	
49	36	59	
50	29	
51	21	59	
52	38	
53	37	
54	39	
55	20	
56	43	
57	14	
58	34	
59	49	
