node	size	children
0	32	16	17	18	19	22	24	26	41	
1	32	16	18	19	24	25	28	30	32	
2	20	17	23	24	28	35	
3	40	17	19	24	33	35	44	
4	27	17	20	24	34	35	42	43	44	
5	18	17	19	24	27	30	32	33	45	
6	19	19	23	24	30	36	43	44	
7	38	16	24	30	43	
8	38	17	20	22	27	
9	31	22	32	39	43	
10	11	15	17	18	19	21	22	23	28	30	32	43	
11	16	18	22	23	25	35	
12	11	18	19	23	26	31	
13	38	19	22	
14	12	17	22	26	27	30	33	35	
15	24	28	
16	28	25	28	32	35	45	49	51	52	
17	25	37	39	44	47	54	
18	44	37	47	49	
19	19	37	53	55	
20	46	32	46	52	
21	19	33	40	47	54	55	
22	26	28	29	37	40	52	53	
23	23	31	34	38	39	45	
24	45	36	41	54	
25	11	36	44	48	50	53	
26	16	37	40	45	
27	38	43	44	52	55	59	
28	27	53	58	
29	31	45	58	
30	12	37	57	
31	45	40	44	
32	35	36	43	52	
33	13	40	49	53	54	
34	37	38	58	59	
35	37	
36	14	51	57	
37	49	
38	10	47	57	
39	16	50	53	
40	18	55	59	
41	35	55	
42	28	48	50	
43	15	46	47	
44	25	55	58	
45	37	51	56	59	
46	11	58	
47	12	
48	36	
49	36	
50	34	
51	22	56	58	
52	32	
53	30	
54	10	59	
55	13	
56	32	
57	24	
58	18	
59	39	
