node	size	children
0	20	15	20	23	30	32	43	
1	46	10	11	18	20	24	43	
2	17	10	17	18	20	29	31	
3	16	11	13	18	31	32	43	
4	44	13	16	17	18	20	29	41	44	
5	42	10	12	13	15	18	19	22	25	29	
6	13	10	12	15	23	26	32	36	40	41	
7	13	11	15	17	24	29	33	39	
8	12	10	11	14	15	19	26	27	33	
9	15	10	11	15	18	26	29	30	32	35	
10	30	28	29	33	46	
11	40	20	46	
12	33	22	27	33	52	
13	27	38	42	
14	39	20	31	33	35	48	52	
15	41	21	24	34	46	48	52	53	54	
16	14	31	40	41	42	55	
17	38	27	31	34	43	52	55	
18	32	43	45	46	47	52	
19	23	27	35	36	37	43	47	48	
20	11	40	52	53	
21	45	38	45	50	51	
22	14	57	
23	13	31	36	41	
24	41	41	45	46	
25	10	
26	31	32	45	52	
27	41	
28	11	37	38	45	47	48	51	
29	44	31	35	38	45	53	54	55	
30	16	49	
31	32	59	
32	24	46	55	
33	36	46	55	
34	42	46	53	
35	37	55	56	
36	18	53	
37	17	
38	34	
39	44	
40	13	
41	37	56	
42	12	54	58	
43	43	56	
44	14	45	51	54	57	
45	34	
46	10	56	
47	33	56	
48	15	
49	16	
50	18	
51	27	
52	47	
53	41	57	
54	11	56	
55	48	
56	36	
57	49	
58	43	
59	44	
