node	size	children
0	10	20	24	25	28	29	35	38	46	
1	18	17	20	21	35	36	43	
2	27	18	20	21	22	35	36	43	
3	30	20	21	22	26	27	40	41	43	46	
4	41	14	16	18	22	26	28	
5	24	15	16	22	26	32	39	
6	38	18	23	24	33	34	36	
7	25	15	16	17	18	19	20	23	25	35	36	37	43	
8	42	14	15	18	23	25	26	35	39	49	
9	26	15	23	24	27	32	33	43	
10	46	14	18	20	23	26	27	28	30	31	32	33	38	39	47	49	
11	39	15	16	18	20	36	39	44	47	50	
12	35	19	20	21	26	29	33	35	41	48	
13	11	15	16	18	20	23	27	29	33	35	
14	12	33	
15	47	53	
16	17	30	34	43	57	
17	41	41	42	43	
18	32	36	
19	37	50	55	
20	12	33	45	46	
21	36	35	44	
22	26	40	47	59	
23	26	40	45	50	53	58	
24	28	44	47	50	
25	21	51	
26	12	50	53	
27	21	38	39	48	50	
28	41	35	44	47	56	
29	35	48	56	
30	17	53	
31	36	43	56	57	58	
32	33	44	49	51	52	
33	28	42	44	
34	40	52	55	
35	46	
36	44	47	52	
37	11	50	54	
38	40	
39	24	48	
40	43	51	
41	48	56	
42	17	58	59	
43	48	55	
44	36	
45	25	
46	12	55	
47	31	52	
48	45	53	58	
49	41	57	
50	26	54	57	
51	33	
52	34	
53	10	
54	17	
55	40	
56	32	
57	30	
58	14	
59	37	
