node	size	children
0	46	21	24	29	34	
1	39	9	10	24	25	31	
2	16	9	10	11	12	15	16	22	25	28	29	30	31	36	
3	34	11	12	15	18	20	24	29	30	
4	29	10	13	18	21	26	30	32	38	41	
5	28	13	18	24	26	27	30	
6	38	10	13	15	17	23	25	28	30	41	
7	29	12	13	14	15	18	19	20	23	24	25	35	
8	10	13	15	17	18	21	23	24	25	30	34	35	
9	46	28	
10	37	28	38	
11	48	31	49	
12	15	51	
13	36	34	37	39	
14	12	29	
15	17	29	43	47	54	
16	28	46	48	
17	49	47	51	
18	12	29	37	
19	26	32	41	46	52	
20	29	24	26	32	33	34	
21	37	25	29	
22	31	25	26	27	
23	48	32	40	50	52	
24	48	44	46	
25	20	33	40	41	43	46	53	
26	22	41	49	56	58	59	
27	44	32	42	49	59	
28	46	32	37	44	49	52	
29	30	33	38	45	
30	19	33	36	46	58	
31	48	33	42	43	
32	15	42	45	49	52	
33	11	47	
34	31	56	59	
35	33	49	
36	43	42	45	47	52	56	
37	32	42	50	58	
38	30	56	58	
39	19	47	55	
40	29	46	56	57	58	59	
41	48	42	50	
42	26	56	57	
43	38	
44	37	56	
45	49	
46	36	58	
47	13	
48	21	
49	40	
50	24	59	
51	45	59	
52	13	57	59	
53	20	55	
54	48	55	
55	31	
56	30	
57	31	
58	16	
59	16	
