node	size	children
0	23	11	16	20	21	23	25	34	
1	41	9	11	12	16	17	19	21	22	29	31	
2	12	8	11	12	14	16	19	22	27	32	
3	47	8	9	14	15	19	20	22	27	33	
4	26	11	12	15	17	24	
5	39	9	10	12	16	17	18	27	32	
6	20	10	13	14	17	20	33	36	
7	29	10	15	16	17	18	20	21	22	
8	42	22	35	
9	13	24	34	
10	45	21	26	36	37	38	
11	45	19	35	
12	44	19	23	41	
13	36	19	33	45	
14	49	21	33	35	37	
15	48	22	27	28	31	
16	37	28	32	34	35	
17	35	43	50	51	
18	11	
19	33	34	42	51	
20	17	29	41	
21	45	34	41	
22	25	45	
23	18	32	34	35	
24	45	32	33	40	41	45	46	48	51	53	
25	46	35	36	40	43	
26	13	40	51	
27	25	30	37	44	
28	28	59	
29	10	39	45	51	
30	44	37	49	54	
31	13	39	40	
32	12	50	58	
33	28	40	46	50	52	
34	49	43	49	
35	25	37	39	
36	33	42	48	53	
37	36	50	
38	43	47	50	59	
39	25	46	58	
40	13	47	
41	21	46	
42	20	49	
43	21	47	49	52	
44	22	46	53	58	
45	46	49	55	
46	36	
47	45	57	
48	48	58	
49	49	57	
50	13	
51	38	57	59	
52	23	54	56	
53	28	54	
54	36	
55	47	
56	32	
57	18	
58	23	
59	47	
