node	size	children
0	45	13	15	18	21	22	28	39	40	
1	41	17	18	28	29	
2	30	13	15	16	17	19	23	30	38	
3	22	15	17	18	23	24	
4	30	16	17	19	21	24	36	39	
5	37	14	17	19	26	29	
6	15	13	14	19	28	29	30	35	
7	37	13	14	17	19	22	24	27	28	29	32	
8	33	16	17	18	20	29	33	
9	46	14	15	19	21	35	36	
10	22	13	19	21	27	32	
11	33	15	16	18	20	22	30	32	37	
12	27	13	15	16	18	29	35	
13	36	23	27	34	
14	37	24	27	37	
15	33	24	36	51	
16	17	33	
17	43	
18	48	37	
19	18	28	
20	20	30	40	43	
21	10	25	31	35	36	39	40	
22	24	27	31	36	37	49	
23	22	33	44	55	59	
24	31	35	45	59	
25	43	38	48	
26	46	38	41	42	50	58	
27	30	53	58	
28	12	33	35	52	
29	42	38	40	44	53	
30	44	33	38	39	53	56	58	
31	23	48	57	58	
32	23	51	54	59	
33	46	44	47	53	58	
34	22	49	51	56	
35	21	47	49	51	56	
36	30	47	49	52	
37	17	46	47	54	55	58	
38	32	42	46	48	49	56	
39	23	42	48	56	
40	23	48	55	58	
41	41	
42	32	
43	32	59	
44	34	54	
45	45	56	59	
46	32	57	59	
47	48	
48	43	52	55	
49	48	55	
50	49	56	
51	37	
52	34	
53	27	
54	38	
55	41	
56	19	
57	27	
58	35	
59	30	
