node	size	children
0	45	16	20	24	28	29	33	38	40	45	
1	42	17	20	23	33	41	45	
2	18	18	20	21	24	26	37	41	46	
3	13	19	23	31	33	35	
4	42	16	17	19	
5	21	16	19	20	27	38	40	
6	28	19	20	22	27	40	
7	40	17	18	20	23	32	42	
8	26	17	19	23	34	
9	33	19	30	33	46	
10	23	17	23	45	
11	34	20	23	29	
12	43	15	17	20	22	23	24	26	35	41	
13	28	16	19	34	
14	33	15	20	23	24	25	26	
15	46	24	25	34	41	54	
16	32	25	38	
17	35	24	46	52	
18	44	27	37	51	55	57	58	
19	17	25	30	40	52	55	
20	34	33	37	44	49	
21	37	
22	17	27	33	45	46	51	57	
23	49	32	34	38	46	47	51	58	
24	46	38	54	
25	22	47	50	52	55	56	
26	42	51	53	
27	29	50	55	
28	10	
29	20	36	39	40	41	45	46	55	58	59	
30	45	42	43	46	52	
31	14	42	
32	32	35	45	56	
33	39	40	51	56	
34	36	42	54	
35	41	51	55	
36	13	47	48	50	51	
37	10	50	52	53	
38	33	
39	14	50	
40	47	56	
41	41	
42	23	49	53	56	57	
43	18	47	49	50	54	56	
44	20	
45	45	
46	43	47	50	57	58	
47	37	
48	19	
49	12	
50	36	59	
51	44	
52	35	
53	49	
54	10	
55	35	
56	32	
57	27	
58	42	
59	14	
