node	size	children
0	41	13	15	18	19	25	26	27	29	32	40	41	42	45	
1	45	12	14	15	21	22	24	26	27	30	31	34	36	
2	14	10	12	15	17	24	25	30	33	36	39	
3	27	9	16	18	30	36	41	43	
4	14	9	10	13	14	19	20	24	26	28	30	33	36	
5	31	9	13	19	21	23	32	33	37	
6	48	12	13	14	16	17	23	25	26	29	30	32	33	37	39	40	41	
7	40	14	15	18	22	23	25	26	28	31	32	34	36	40	43	45	
8	31	9	11	13	16	18	23	25	26	32	36	38	40	41	45	
9	32	23	41	52	
10	20	29	33	36	44	49	52	54	
11	47	36	48	52	
12	36	
13	33	28	47	
14	12	26	40	42	49	
15	24	30	40	
16	16	31	32	
17	48	32	
18	34	23	24	31	34	47	
19	30	39	57	
20	17	32	59	
21	42	24	26	37	39	57	59	
22	43	35	54	
23	46	
24	17	54	58	
25	45	40	55	56	
26	11	
27	35	55	
28	35	46	47	48	58	
29	44	40	
30	41	
31	12	49	
32	21	39	
33	23	40	54	
34	35	53	
35	41	43	54	
36	31	41	43	45	59	
37	44	
38	46	51	53	57	59	
39	29	
40	11	46	47	49	53	57	
41	12	50	58	59	
42	49	
43	31	48	57	
44	37	54	
45	42	47	48	50	
46	18	
47	30	
48	49	
49	46	
50	21	
51	27	
52	34	
53	29	
54	39	
55	21	
56	49	
57	40	
58	29	
59	43	
