node	size	children
0	31	10	13	14	15	16	17	26	
1	32	12	13	14	15	16	17	25	26	28	31	34	38	
2	38	10	12	18	19	20	25	37	
3	44	11	12	17	19	28	30	
4	39	11	12	13	14	16	17	30	32	
5	36	10	12	21	28	
6	19	11	13	14	15	18	23	25	30	
7	18	11	12	15	16	28	29	30	
8	25	11	15	17	18	20	21	
9	42	11	14	17	18	19	20	25	26	28	30	31	36	
10	25	29	35	41	45	46	
11	15	
12	42	21	22	
13	12	21	26	
14	15	31	34	47	
15	15	24	26	41	47	
16	32	19	25	46	47	
17	25	21	23	26	29	38	42	47	
18	17	27	35	38	40	47	
19	32	33	34	44	45	50	
20	45	35	43	52	58	
21	15	58	59	
22	37	44	47	
23	27	32	34	38	44	48	49	51	
24	17	39	46	50	59	
25	36	33	41	42	53	
26	15	39	56	57	
27	13	29	36	39	59	
28	24	29	31	32	34	36	
29	45	40	42	51	54	
30	35	39	
31	11	42	46	52	54	
32	17	55	57	
33	17	45	55	
34	24	43	44	52	
35	41	55	
36	40	46	50	
37	46	41	
38	30	41	50	51	57	
39	12	54	
40	14	59	
41	32	
42	28	49	
43	13	51	
44	36	53	57	
45	17	50	52	57	
46	38	52	
47	27	52	58	
48	14	
49	33	
50	48	
51	11	
52	23	
53	15	
54	45	
55	10	
56	38	
57	17	
58	42	
59	45	
