node	size	children
0	44	12	13	16	17	20	21	22	25	31	32	34	35	
1	49	15	17	18	20	21	24	34	35	
2	48	16	17	19	20	22	28	34	36	
3	30	10	11	13	14	15	17	18	26	28	
4	22	11	17	19	20	21	23	
5	20	11	18	20	23	27	28	37	
6	38	18	22	26	33	
7	46	10	11	15	18	26	36	37	
8	24	15	18	19	20	21	22	23	25	26	28	35	
9	33	11	13	16	19	21	22	23	26	28	34	35	36	
10	31	43	
11	33	23	25	44	48	
12	16	49	
13	37	35	38	48	
14	24	29	44	
15	20	26	47	
16	22	26	35	45	48	
17	29	37	42	
18	43	24	26	30	50	
19	31	28	29	30	36	43	48	49	50	
20	42	29	
21	48	44	
22	10	28	
23	16	49	52	57	
24	45	
25	26	38	39	48	
26	34	
27	35	41	45	47	54	56	
28	14	38	45	
29	39	32	40	43	57	
30	47	32	45	51	55	58	59	
31	49	39	52	54	
32	42	46	
33	12	44	53	
34	29	42	44	50	57	
35	27	44	50	52	59	
36	37	43	51	56	
37	21	45	47	55	
38	15	51	56	
39	14	43	46	51	57	
40	14	59	
41	31	52	
42	40	
43	15	
44	34	57	
45	35	56	
46	21	
47	47	52	
48	40	55	
49	18	51	57	58	
50	40	
51	46	
52	44	
53	27	
54	16	
55	18	
56	23	
57	48	
58	41	
59	27	
