node	size	children
0	48	10	11	15	20	21	40	
1	41	10	11	13	14	17	19	27	32	
2	28	10	11	12	15	25	30	
3	41	10	13	14	15	16	18	19	29	35	39	
4	11	13	15	16	18	19	20	24	34	
5	33	16	18	19	22	23	
6	24	10	11	16	18	22	23	39	
7	46	13	16	18	22	25	26	28	39	
8	18	12	21	25	28	31	32	37	
9	31	10	11	13	18	19	20	21	29	35	
10	30	40	41	44	
11	45	24	26	30	40	47	
12	46	21	23	31	37	40	41	44	50	
13	13	21	25	49	
14	38	37	53	
15	38	24	25	37	39	44	49	
16	16	25	48	
17	19	22	42	
18	10	23	32	34	54	
19	31	23	32	
20	14	28	30	32	40	42	44	
21	37	37	40	45	51	
22	36	33	45	
23	36	34	36	46	56	
24	37	32	36	39	
25	40	39	55	
26	27	37	43	55	
27	32	32	33	38	44	50	57	
28	30	
29	17	41	45	55	
30	31	34	41	
31	44	52	59	
32	13	55	
33	23	57	
34	20	49	
35	21	42	48	49	59	
36	41	45	51	57	
37	47	46	49	55	
38	38	43	49	
39	29	57	58	
40	38	
41	25	58	
42	32	
43	41	
44	39	57	
45	25	57	58	
46	36	58	59	
47	32	55	56	58	
48	36	
49	32	55	58	
50	35	
51	19	58	59	
52	21	
53	43	
54	14	
55	33	
56	43	
57	13	
58	22	
59	41	
