node	size	children
0	40	11	12	14	16	27	29	32	42	45	
1	36	14	15	16	18	19	21	22	24	35	39	42	
2	32	16	23	29	39	
3	43	12	13	17	24	26	29	35	40	46	
4	27	14	16	19	20	21	
5	33	14	16	23	30	31	35	39	
6	34	16	25	26	35	41	46	
7	19	11	15	18	27	31	
8	41	13	18	20	29	34	45	
9	41	18	21	37	38	40	
10	27	14	18	20	28	29	39	
11	46	22	37	42	45	56	
12	42	45	46	51	54	
13	34	34	39	52	53	
14	40	29	37	39	44	51	52	53	54	56	
15	36	23	39	42	49	
16	14	22	36	41	42	45	49	53	56	
17	39	25	27	33	34	41	43	47	54	
18	36	41	52	
19	45	43	47	
20	44	22	24	33	35	41	43	45	52	55	56	
21	41	46	51	52	
22	44	58	
23	13	37	41	45	
24	41	
25	15	42	43	
26	26	40	57	
27	31	35	41	56	57	59	
28	47	37	44	48	
29	40	37	39	43	
30	41	47	55	
31	27	41	57	
32	41	50	52	58	
33	22	42	44	50	
34	24	45	54	
35	15	55	
36	49	55	57	
37	35	53	57	
38	49	
39	13	53	
40	10	
41	35	58	
42	31	49	56	
43	30	56	
44	29	
45	28	56	
46	36	49	57	
47	42	58	
48	49	
49	28	
50	35	58	
51	27	
52	14	
53	43	
54	47	59	
55	36	
56	33	
57	14	
58	37	
59	48	
