node	size	children
0	28	10	13	14	16	17	18	20	23	24	25	33	
1	17	10	16	20	22	26	34	
2	28	10	11	15	23	24	32	
3	24	10	16	26	32	40	
4	41	12	13	18	28	31	34	40	
5	33	11	12	13	17	27	29	31	
6	10	10	15	19	20	23	24	28	31	38	
7	31	20	23	29	31	38	
8	13	10	12	13	14	18	19	22	25	28	29	36	37	39	40	
9	46	13	19	27	29	35	36	
10	26	31	37	48	50	
11	17	22	24	29	48	
12	38	23	34	37	38	42	
13	13	38	50	52	53	54	
14	37	41	43	44	46	50	
15	25	19	37	49	50	
16	18	21	24	29	38	43	
17	27	35	39	41	45	53	
18	14	30	49	
19	36	34	
20	49	35	51	52	53	
21	28	30	31	33	51	53	
22	18	34	37	44	45	48	
23	45	32	37	
24	34	44	46	53	57	
25	22	30	
26	26	30	36	44	49	57	
27	14	30	42	47	
28	23	30	39	47	51	
29	42	30	32	34	48	49	52	
30	33	
31	45	42	59	
32	23	42	46	52	54	
33	33	46	47	53	55	57	
34	33	44	
35	43	42	43	44	50	
36	21	48	58	
37	41	42	
38	44	43	46	57	
39	44	50	53	59	
40	11	43	47	50	
41	41	
42	11	
43	45	57	
44	39	56	58	
45	23	
46	28	
47	13	59	
48	16	59	
49	47	
50	41	57	
51	44	59	
52	22	
53	46	
54	47	
55	29	
56	27	
57	39	
58	21	
59	23	
