node	size	children
0	39	10	11	12	14	20	24	25	30	
1	13	10	11	12	14	30	
2	31	8	9	10	11	12	17	18	23	
3	39	8	9	24	
4	25	9	11	12	24	30	31	
5	38	10	12	18	24	25	29	31	
6	35	9	10	12	15	21	25	31	
7	42	9	10	11	12	13	14	18	19	20	24	26	27	30	
8	18	20	22	25	33	37	
9	29	18	24	25	31	33	37	
10	41	23	31	32	
11	46	20	30	
12	23	14	19	24	31	35	37	
13	23	14	16	19	20	26	32	33	35	
14	27	26	
15	22	25	26	28	35	40	
16	15	
17	49	36	38	
18	49	37	
19	37	39	
20	21	42	
21	10	34	35	
22	11	23	31	33	34	
23	16	35	36	
24	23	
25	32	34	35	41	
26	28	35	36	38	42	
27	31	46	
28	18	33	35	
29	24	41	45	
30	41	36	37	44	
31	41	37	41	43	
32	31	39	48	52	
33	32	39	44	48	52	
34	46	38	39	41	42	43	56	
35	40	39	43	46	50	
36	18	41	46	
37	49	53	
38	23	47	55	60	63	64	
39	34	45	49	51	55	56	63	
40	42	44	45	51	55	57	
41	49	43	54	58	63	
42	45	48	53	54	64	
43	43	52	55	56	59	61	
44	21	53	54	56	57	
45	47	49	63	
46	32	49	53	
47	12	50	51	54	56	58	59	
48	42	58	
49	34	57	60	
50	18	64	
51	44	
52	13	58	59	64	
53	13	58	61	
54	43	64	
55	18	
56	45	57	62	63	64	
57	40	
58	32	
59	19	
60	41	
61	44	
62	18	
63	26	
64	17	
