node	size	children
0	24	9	13	14	20	21	28	
1	37	9	10	17	25	28	
2	33	9	11	13	18	30	
3	15	9	10	17	
4	11	9	12	13	27	28	
5	44	12	14	22	29	
6	24	11	12	13	15	19	21	22	23	24	28	
7	30	21	
8	44	9	12	18	20	24	
9	42	19	21	25	26	27	34	35	37	
10	35	18	21	27	28	30	38	
11	36	16	24	25	27	29	
12	43	15	18	25	27	
13	16	16	30	35	36	38	39	
14	40	15	25	26	31	33	39	
15	31	23	
16	10	25	30	31	33	37	
17	42	27	32	37	
18	24	37	48	
19	36	26	30	37	38	40	
20	12	30	37	38	39	45	
21	30	23	40	43	46	
22	10	25	26	28	29	36	39	
23	40	39	45	
24	16	34	50	
25	27	36	43	55	
26	46	36	42	51	54	
27	29	44	48	
28	41	39	43	51	
29	35	39	42	43	47	50	
30	13	36	50	55	
31	38	39	42	43	
32	28	42	49	
33	14	48	49	60	
34	10	49	50	54	59	
35	49	
36	38	48	57	
37	23	41	44	45	55	59	
38	12	41	45	60	
39	39	47	49	52	
40	48	50	55	59	64	
41	18	54	
42	35	53	55	
43	14	55	61	
44	32	61	63	
45	28	49	
46	31	50	56	
47	19	50	
48	47	57	
49	33	60	
50	41	
51	44	59	
52	34	56	58	62	
53	42	62	64	
54	24	64	
55	14	
56	31	
57	13	
58	42	63	64	
59	21	
60	49	
61	37	63	64	
62	40	63	
63	49	
64	40	
