node	size	children
0	34	6	7	8	22	
1	36	7	9	14	19	22	23	
2	38	6	7	8	12	
3	18	6	11	17	22	
4	15	6	7	8	10	12	15	17	19	21	
5	38	6	7	8	9	12	16	17	
6	42	18	20	
7	12	15	18	
8	11	13	26	
9	14	25	29	
10	15	15	17	28	
11	49	20	21	26	
12	40	13	
13	30	18	19	20	25	31	33	36	37	
14	16	23	24	26	28	29	36	37	
15	28	22	23	27	31	
16	44	18	23	
17	12	21	28	29	37	
18	38	25	27	30	31	35	36	39	43	
19	18	29	38	
20	26	24	25	31	36	40	42	
21	35	24	26	33	43	
22	41	26	42	
23	43	28	34	35	37	39	40	42	44	
24	46	34	35	
25	49	31	32	40	
26	12	33	34	45	48	
27	13	34	35	40	41	43	
28	39	40	45	
29	45	39	
30	44	34	43	45	
31	17	
32	19	48	53	54	
33	31	41	48	57	
34	48	39	40	44	46	55	57	
35	43	39	51	52	
36	15	39	44	46	
37	43	46	57	
38	16	47	50	53	54	59	61	
39	31	46	47	50	57	
40	36	47	49	64	
41	33	50	53	56	57	
42	44	48	49	56	
43	46	45	51	62	
44	42	50	55	
45	25	55	
46	42	61	64	
47	18	55	61	62	
48	43	
49	19	54	60	61	
50	43	58	62	63	
51	35	53	55	63	
52	35	61	
53	43	
54	31	60	61	
55	46	62	
56	35	59	63	
57	44	63	
58	13	
59	35	
60	11	
61	24	
62	38	
63	46	
64	18	
