node	size	children
0	26	9	11	12	13	15	19	21	23	26	30	
1	13	12	15	20	23	
2	21	9	12	16	17	20	21	
3	47	10	12	20	30	
4	32	14	18	21	30	
5	26	13	16	21	27	
6	37	13	18	21	24	
7	12	11	12	15	20	30	
8	10	9	11	15	19	
9	38	17	32	36	38	39	40	
10	13	17	18	21	25	26	27	31	40	
11	12	20	39	40	
12	22	24	32	39	
13	44	18	20	34	
14	18	19	34	39	40	
15	34	23	39	
16	46	22	26	27	
17	43	23	25	28	31	35	36	42	44	46	47	
18	37	28	29	31	38	46	47	
19	20	28	36	47	
20	12	23	25	26	27	29	30	34	42	44	46	47	
21	31	25	33	34	36	42	45	
22	47	29	36	41	42	43	47	
23	13	38	42	
24	38	38	46	52	
25	22	32	36	53	
26	39	32	36	43	
27	47	32	38	54	
28	23	41	53	
29	44	40	42	50	54	
30	36	34	40	46	
31	35	37	
32	44	43	45	56	
33	41	47	53	
34	48	54	56	58	59	61	
35	44	41	46	48	53	56	
36	27	41	48	49	59	61	
37	33	
38	38	45	46	57	60	
39	20	45	50	59	
40	21	41	
41	29	
42	27	51	54	61	
43	15	
44	34	62	
45	45	51	60	
46	20	50	53	55	60	
47	34	63	
48	29	50	54	56	63	
49	28	56	62	
50	13	
51	42	
52	25	59	
53	49	
54	34	56	61	
55	26	58	59	60	63	64	
56	25	62	63	64	
57	40	
58	20	
59	12	
60	37	
61	17	64	
62	13	
63	12	
64	46	
