node	size	children
0	13	6	7	9	14	16	17	19	23	
1	48	7	9	11	12	14	18	21	22	
2	14	8	10	13	16	20	23	
3	44	9	15	16	20	
4	43	7	8	9	17	26	
5	46	6	7	9	13	14	16	18	23	
6	12	18	23	
7	13	27	
8	14	18	23	32	
9	43	18	31	
10	23	14	17	18	21	25	29	
11	46	14	24	
12	22	21	32	
13	42	28	33	
14	42	26	
15	30	27	38	
16	39	23	25	30	37	
17	35	23	31	32	
18	16	25	34	35	38	
19	35	33	
20	16	31	
21	48	27	
22	38	29	30	35	36	37	45	
23	45	29	35	36	
24	43	30	35	41	44	
25	19	27	32	42	47	
26	35	29	33	37	43	
27	16	39	40	42	43	45	46	49	52	53	
28	12	33	36	
29	22	40	42	44	50	52	
30	24	35	38	45	50	
31	25	33	38	39	41	42	46	51	52	
32	34	34	36	41	44	45	51	52	
33	28	44	46	47	48	49	53	60	
34	19	44	46	47	48	50	53	
35	45	40	41	49	52	60	
36	11	43	50	51	
37	47	41	46	
38	10	41	47	57	
39	18	43	
40	38	55	57	
41	45	51	55	58	62	
42	45	48	49	50	52	
43	21	50	51	
44	44	49	51	60	
45	29	49	55	60	
46	12	59	62	
47	48	55	59	
48	16	54	61	62	
49	45	56	60	
50	38	54	
51	40	54	63	
52	21	54	62	64	
53	27	57	
54	25	
55	20	
56	10	
57	38	
58	26	
59	19	
60	16	
61	45	
62	47	
63	35	
64	20	
