node	size	children
0	33	8	21	25	
1	18	8	9	12	14	18	19	20	
2	45	8	10	11	12	13	15	19	27	
3	36	8	11	13	15	18	19	25	
4	19	9	10	13	15	16	19	20	
5	44	8	13	17	25	
6	25	8	13	16	20	22	25	
7	29	12	14	21	22	26	
8	45	15	22	30	
9	13	15	27	
10	14	19	26	28	
11	28	18	25	28	30	31	
12	44	18	24	26	29	
13	18	14	22	23	26	32	
14	12	28	
15	29	25	27	29	36	
16	15	25	35	39	
17	39	30	37	
18	27	38	
19	27	23	
20	42	27	33	40	
21	14	32	
22	15	29	33	36	38	40	45	49	50	
23	42	42	43	47	50	
24	12	30	33	36	39	41	42	43	45	46	50	
25	47	43	44	45	50	
26	38	32	33	42	
27	31	32	33	48	
28	35	34	36	40	53	55	
29	42	40	46	49	
30	18	38	44	48	55	56	
31	28	37	42	49	54	56	
32	30	43	44	55	
33	41	34	36	40	43	52	55	
34	18	42	47	51	54	61	
35	14	60	61	62	
36	46	51	55	60	62	63	
37	48	51	57	60	61	
38	22	44	47	54	56	61	
39	35	55	61	64	
40	23	42	43	49	56	58	59	
41	33	48	59	
42	16	
43	42	57	
44	37	51	54	56	57	64	
45	33	
46	41	61	64	
47	11	51	54	
48	34	61	
49	42	
50	11	51	62	
51	12	
52	31	64	
53	42	64	
54	42	60	63	64	
55	32	59	62	
56	45	
57	12	62	63	
58	20	62	63	
59	43	
60	39	
61	31	
62	28	
63	22	
64	12	
