node	size	children
0	38	9	11	15	18	19	30	
1	30	9	10	11	15	19	20	
2	14	9	11	12	15	18	
3	14	9	11	12	13	15	16	21	24	28	
4	33	9	11	12	16	17	18	20	24	
5	17	11	14	
6	30	9	12	13	16	18	21	25	28	
7	46	11	16	29	
8	39	10	13	15	16	20	27	
9	35	22	29	33	
10	25	18	25	
11	43	21	29	36	
12	37	18	31	39	
13	43	
14	48	21	24	29	33	
15	37	18	21	26	32	34	
16	39	19	21	32	
17	18	43	46	
18	16	33	40	43	
19	40	33	37	39	42	44	45	
20	44	28	30	33	38	39	40	44	
21	15	23	24	25	28	33	34	40	
22	15	26	28	35	38	41	42	
23	33	35	50	
24	18	43	50	53	
25	35	49	
26	41	44	
27	18	36	44	50	
28	12	44	53	
29	22	33	38	39	45	52	
30	34	38	45	
31	30	38	53	
32	34	49	51	53	59	
33	18	52	
34	22	40	42	43	52	60	
35	49	40	51	60	
36	33	51	53	54	
37	23	48	52	54	56	59	
38	16	40	45	51	58	
39	42	43	45	58	
40	15	48	
41	45	58	
42	37	48	
43	46	51	54	57	60	61	64	
44	14	47	48	50	54	63	
45	26	48	49	50	60	61	
46	27	61	62	
47	29	55	57	
48	24	60	
49	48	54	62	
50	26	55	57	
51	32	55	
52	41	62	63	
53	23	54	
54	43	61	63	
55	44	
56	24	63	
57	11	
58	16	
59	29	
60	35	
61	20	
62	12	
63	32	
64	13	
