node	size	children
0	31	9	12	14	18	22	26	
1	27	9	11	14	21	23	28	
2	24	11	12	14	15	18	28	
3	41	10	11	12	14	16	20	23	24	
4	15	9	10	11	13	16	17	
5	10	10	11	12	16	23	24	27	
6	47	12	13	14	16	17	18	24	
7	31	9	12	13	16	17	19	20	
8	38	10	13	14	20	32	
9	31	25	27	39	
10	47	39	
11	23	18	23	31	
12	20	17	21	32	37	
13	36	16	26	32	36	37	
14	25	18	19	32	34	35	37	
15	44	23	25	34	38	39	
16	33	24	25	37	
17	13	26	28	31	32	39	
18	46	26	34	36	39	
19	22	26	30	35	37	40	
20	28	29	40	45	
21	20	29	36	37	44	
22	28	24	27	45	
23	21	40	52	
24	46	43	49	
25	16	34	40	44	49	51	
26	30	34	39	46	48	49	50	53	
27	47	33	
28	17	53	
29	17	37	48	
30	15	37	39	43	
31	41	41	
32	36	39	41	
33	30	54	
34	26	59	60	
35	40	41	45	53	
36	48	49	50	52	60	
37	40	42	47	53	61	
38	38	42	57	61	
39	13	41	51	
40	18	
41	18	47	57	
42	26	
43	48	49	62	
44	34	48	52	53	64	
45	46	48	51	57	60	64	
46	10	47	48	50	52	57	63	
47	39	56	60	
48	47	56	58	60	
49	41	55	
50	46	55	58	63	64	
51	43	54	59	64	
52	34	54	58	
53	11	57	60	62	
54	19	62	
55	17	62	
56	38	62	63	
57	40	62	
58	21	
59	18	
60	36	
61	19	
62	15	
63	44	
64	32	
