node	size	children
0	38	7	8	11	16	17	19	24	
1	13	7	9	10	11	12	13	14	15	20	22	
2	19	9	10	11	12	13	14	15	19	21	
3	49	7	9	10	15	16	18	19	21	22	
4	18	7	9	11	12	13	14	17	18	20	26	
5	38	8	14	
6	43	7	8	11	12	15	22	
7	37	22	25	27	34	
8	40	13	17	21	25	33	
9	16	16	18	21	28	33	
10	33	23	25	28	
11	13	25	26	28	29	
12	21	13	22	30	
13	34	28	31	32	38	39	
14	13	23	33	
15	40	
16	16	23	25	26	31	32	36	
17	45	25	26	29	36	42	
18	46	22	26	40	
19	36	29	
20	27	26	32	38	
21	30	30	35	39	40	
22	46	31	33	34	42	43	46	
23	32	27	30	39	47	48	
24	23	34	35	48	49	
25	47	36	39	44	45	49	
26	47	29	32	36	38	39	44	
27	10	35	40	43	56	
28	24	54	
29	27	37	42	
30	30	35	50	52	55	
31	31	37	45	49	
32	31	48	52	
33	34	35	41	44	48	
34	39	38	40	41	42	49	
35	22	48	60	
36	48	49	
37	25	43	47	49	57	
38	19	47	
39	14	52	59	
40	19	43	48	
41	37	43	48	50	
42	49	54	58	62	
43	35	61	
44	43	57	58	
45	38	53	63	
46	37	54	
47	16	51	52	57	
48	24	58	60	64	
49	45	53	59	60	62	
50	41	
51	18	62	63	64	
52	13	58	60	61	
53	25	62	64	
54	33	
55	20	62	
56	21	62	
57	15	
58	39	
59	14	
60	43	
61	46	
62	11	
63	34	
64	12	
