node	size	children
0	23	9	10	12	15	18	23	27	28	30	
1	27	12	15	18	19	20	24	30	
2	39	9	12	15	16	18	22	23	29	30	
3	39	7	9	10	15	17	20	23	28	29	
4	16	8	9	11	13	17	19	22	23	24	27	
5	40	6	7	8	9	15	17	24	25	27	28	30	31	
6	26	14	18	25	29	37	
7	11	24	29	30	33	
8	20	17	24	30	33	35	36	37	
9	19	21	22	24	25	28	
10	34	20	23	28	33	37	
11	10	15	26	28	
12	26	34	
13	35	26	43	
14	39	24	43	
15	45	36	
16	38	25	32	38	44	
17	30	23	27	35	44	
18	24	28	
19	24	25	29	37	38	
20	47	29	32	
21	18	37	43	
22	42	30	43	
23	30	46	51	
24	37	34	36	40	48	51	
25	30	35	36	47	
26	35	32	41	
27	11	32	35	42	43	49	50	
28	14	38	40	51	
29	46	41	42	46	50	
30	41	36	44	46	
31	43	33	34	51	
32	33	40	41	44	
33	44	44	45	49	51	53	
34	43	38	39	41	54	
35	48	41	49	50	56	
36	39	45	48	
37	21	38	40	55	56	57	
38	30	55	56	
39	27	63	
40	36	46	54	63	
41	47	46	48	
42	18	48	49	
43	42	46	51	63	
44	27	
45	23	46	49	55	62	
46	29	57	58	60	62	
47	30	52	
48	48	56	
49	19	64	
50	22	57	62	
51	28	57	
52	42	60	
53	14	59	60	
54	14	
55	14	
56	28	
57	17	61	63	
58	28	60	
59	24	
60	41	
61	33	
62	10	
63	31	
64	13	
