node	size	children
0	14	5	8	13	14	17	21	
1	41	5	6	7	12	13	15	17	18	
2	47	6	7	9	10	12	18	
3	21	5	6	16	18	
4	47	5	6	11	12	13	16	17	18	21	
5	22	10	13	15	20	23	
6	35	11	21	22	
7	10	22	
8	42	15	24	
9	31	19	21	24	26	
10	13	18	20	28	29	30	
11	35	19	20	26	31	32	33	
12	10	19	20	25	26	30	
13	10	20	26	34	
14	14	17	27	28	
15	31	35	
16	42	18	20	21	
17	32	22	28	36	38	
18	24	23	30	37	41	
19	35	23	38	39	40	
20	37	31	32	40	
21	30	23	40	
22	11	30	33	35	41	47	51	
23	41	35	38	41	45	46	47	
24	23	37	38	39	41	47	49	
25	16	29	38	39	42	45	47	49	50	
26	44	35	42	48	49	
27	15	36	47	49	57	
28	23	39	44	56	
29	29	40	
30	48	46	54	
31	14	56	59	
32	18	40	49	54	
33	13	43	54	
34	22	39	48	
35	11	41	48	50	
36	10	58	59	62	
37	14	53	54	55	57	59	
38	35	48	54	57	58	
39	38	45	48	55	61	64	
40	28	48	54	55	64	
41	46	49	52	57	
42	24	60	
43	29	57	58	64	
44	34	48	59	60	
45	15	56	
46	38	56	
47	32	54	57	62	
48	17	
49	41	58	
50	33	56	59	61	62	
51	29	60	
52	49	59	63	
53	32	56	
54	26	61	62	
55	48	
56	12	60	62	63	
57	24	63	
58	39	
59	24	
60	34	
61	28	
62	32	
63	35	
64	19	
