node	size	children
0	10	7	8	14	18	19	22	
1	15	6	7	8	9	14	16	18	
2	32	5	9	11	12	13	16	21	22	
3	40	6	7	9	14	16	18	
4	46	5	6	7	9	11	15	18	19	20	22	
5	18	17	19	23	25	
6	19	
7	44	10	13	
8	22	13	22	29	
9	37	12	13	14	17	24	26	
10	46	30	34	
11	20	24	28	34	
12	20	21	29	30	33	34	
13	41	27	32	
14	14	
15	45	17	22	23	
16	16	20	27	31	34	
17	48	24	31	32	33	37	
18	36	24	25	31	
19	40	33	
20	49	33	36	39	42	
21	12	29	30	32	35	39	
22	46	24	32	35	
23	32	31	42	50	
24	39	33	43	
25	15	41	47	50	51	
26	31	32	33	47	51	
27	30	30	40	51	
28	41	31	34	38	40	44	47	50	51	
29	37	40	
30	45	36	40	41	44	52	60	
31	10	35	38	44	48	57	
32	23	37	48	57	58	
33	11	43	44	45	47	49	54	56	57	59	
34	42	44	49	57	
35	25	47	61	62	64	
36	12	47	49	58	64	
37	16	54	55	56	61	
38	24	47	51	
39	18	49	53	61	
40	14	50	51	
41	27	46	47	50	51	
42	47	
43	39	45	48	
44	35	52	64	
45	32	52	54	60	64	
46	36	
47	46	59	63	64	
48	10	59	61	
49	42	54	57	58	
50	18	54	59	
51	31	59	
52	11	
53	28	61	62	
54	30	
55	11	61	
56	25	64	
57	21	
58	25	
59	12	61	
60	37	
61	36	
62	38	
63	17	
64	18	
