node	size	children
0	19	6	15	17	18	27	
1	10	8	10	11	13	
2	49	8	11	12	17	18	20	21	
3	28	6	7	9	10	11	13	16	18	20	21	25	27	
4	45	10	15	17	18	20	23	26	27	
5	49	11	15	19	20	24	27	
6	43	16	29	
7	33	16	20	28	32	
8	36	14	16	23	26	
9	16	17	26	30	
10	23	19	21	33	
11	18	18	22	31	
12	36	21	26	30	36	
13	32	28	30	34	
14	35	22	
15	13	28	31	33	
16	36	33	
17	13	21	22	26	32	
18	25	26	29	
19	42	21	26	28	35	
20	43	21	29	30	34	36	
21	32	28	29	32	34	
22	37	29	41	47	
23	25	28	34	37	38	43	
24	14	30	44	45	
25	38	37	45	46	
26	23	34	46	47	
27	31	36	37	42	
28	38	38	
29	36	36	42	44	50	51	52	
30	28	39	44	47	50	51	
31	44	42	44	45	
32	24	39	40	41	44	49	
33	16	36	46	
34	45	41	48	51	
35	23	52	
36	41	41	42	51	
37	35	45	
38	42	52	
39	29	43	48	52	53	55	57	
40	20	57	60	
41	35	48	58	
42	27	61	62	64	
43	48	64	
44	27	50	
45	48	50	52	54	55	60	
46	46	50	52	55	
47	48	61	62	
48	10	54	57	59	
49	24	54	57	
50	13	54	59	62	
51	33	55	56	
52	31	58	64	
53	41	60	61	64	
54	38	63	
55	35	59	
56	20	
57	12	58	61	
58	23	
59	29	
60	18	
61	40	
62	38	
63	15	
64	18	
