node	size	children
0	26	7	8	9	12	13	
1	31	7	10	23	
2	26	8	10	11	17	22	
3	49	7	10	13	15	17	
4	45	10	11	21	
5	45	7	10	13	15	
6	45	7	8	9	10	12	14	16	17	
7	31	25	
8	25	17	23	25	
9	15	12	18	
10	35	21	22	23	
11	18	16	18	26	28	
12	16	20	21	25	29	32	
13	11	18	21	22	
14	35	22	28	33	34	
15	36	31	
16	22	18	19	23	24	26	28	
17	39	20	25	26	32	
18	16	
19	10	32	37	
20	29	30	38	
21	32	38	41	
22	35	32	33	37	38	
23	19	27	34	
24	38	29	34	37	39	41	45	50	
25	10	34	
26	11	37	38	48	50	
27	49	43	50	
28	25	39	41	43	
29	38	47	48	49	51	53	54	58	59	60	
30	13	35	39	42	51	52	57	59	
31	40	40	49	58	
32	43	41	49	50	51	54	60	
33	47	44	56	
34	36	36	40	44	45	46	49	51	52	57	
35	43	43	58	
36	48	43	49	51	61	
37	35	43	60	63	
38	43	63	
39	22	49	50	52	54	58	62	
40	43	62	
41	15	45	52	57	58	60	61	63	
42	25	44	50	52	57	61	
43	32	54	63	
44	42	52	63	
45	23	56	
46	13	53	55	60	
47	12	
48	29	52	53	59	63	
49	40	56	58	
50	17	52	54	58	62	64	
51	48	57	
52	49	
53	41	
54	26	63	
55	46	61	
56	10	62	
57	20	64	
58	32	
59	39	
60	14	
61	48	
62	24	
63	27	
64	43	
