node	size	children
0	47	8	9	11	18	21	29	
1	45	8	19	20	24	28	
2	17	8	10	11	17	20	27	
3	13	8	9	10	11	16	18	23	
4	44	8	11	16	21	26	28	29	
5	42	13	14	15	16	
6	32	9	11	13	23	24	
7	26	8	9	12	18	24	
8	13	13	28	31	34	38	
9	25	13	16	17	26	29	33	
10	47	17	18	24	25	26	36	37	
11	21	33	
12	27	32	33	35	
13	23	37	39	40	44	
14	11	24	26	28	35	36	40	
15	29	30	32	38	43	44	45	
16	23	26	36	42	43	
17	48	27	30	37	38	41	44	
18	30	23	24	26	30	32	
19	35	23	36	
20	30	22	25	28	33	35	36	45	
21	24	46	47	
22	34	33	37	46	
23	19	32	36	45	
24	15	31	45	
25	40	31	36	45	46	
26	17	38	40	42	44	45	
27	22	44	
28	32	38	44	50	
29	15	34	38	44	
30	14	58	60	
31	24	43	52	59	60	
32	43	42	43	45	55	
33	36	40	42	46	47	49	
34	20	40	53	56	
35	22	47	50	52	57	
36	32	
37	14	40	42	49	56	
38	14	45	49	
39	25	
40	19	56	57	62	
41	16	48	51	
42	35	
43	38	49	52	55	61	64	
44	14	46	54	58	
45	28	57	
46	48	63	
47	37	54	56	57	63	
48	15	62	
49	15	64	
50	16	55	60	61	62	
51	39	55	60	63	
52	11	54	
53	20	
54	35	
55	43	
56	21	62	
57	15	63	
58	19	62	63	
59	25	
60	45	63	
61	21	
62	37	
63	39	
64	49	
