node	size	children
0	17	12	14	15	16	22	
1	34	10	12	20	24	
2	35	10	11	12	21	24	
3	12	12	13	15	16	18	22	24	26	32	
4	46	10	15	16	22	
5	35	10	12	17	24	25	
6	49	10	12	15	16	23	
7	20	11	14	15	18	23	
8	43	10	12	13	15	18	21	26	27	30	
9	45	10	11	12	15	16	19	27	30	
10	45	24	41	43	
11	28	21	38	
12	28	26	31	38	41	
13	18	
14	43	29	33	40	
15	34	19	30	36	39	44	
16	24	20	22	27	
17	43	39	41	43	
18	28	24	33	35	41	
19	34	45	49	51	
20	38	30	36	
21	36	28	38	46	47	
22	29	30	31	37	41	45	47	49	51	53	
23	21	30	36	40	45	48	
24	13	31	34	41	42	48	
25	41	44	50	
26	27	37	45	51	53	
27	11	35	38	49	50	56	58	
28	17	35	50	59	
29	11	38	47	49	51	54	55	57	60	61	
30	16	52	54	57	58	60	
31	15	38	
32	17	38	45	56	58	59	
33	21	47	49	55	
34	37	36	44	47	48	52	53	57	61	
35	38	
36	21	45	58	
37	21	45	49	52	58	60	
38	37	49	58	59	61	
39	48	49	60	64	
40	23	46	51	64	
41	10	47	
42	48	53	55	
43	15	50	54	
44	22	45	46	47	50	59	62	
45	18	
46	37	55	58	62	64	
47	45	62	
48	20	57	62	64	
49	33	
50	44	55	58	
51	15	57	64	
52	34	56	
53	14	
54	44	
55	10	62	63	
56	46	64	
57	42	
58	28	
59	16	
60	23	
61	32	62	
62	36	
63	47	
64	12	
