node	size	children
0	18	13	15	16	
1	14	10	11	16	
2	40	9	17	22	
3	19	10	12	13	15	18	20	
4	16	9	10	13	14	15	16	17	20	21	
5	49	13	14	15	16	18	26	
6	15	10	14	16	18	
7	14	10	13	15	16	18	21	
8	47	13	14	15	16	21	
9	46	19	23	
10	47	17	
11	19	19	25	28	30	
12	17	17	18	33	
13	16	18	21	
14	13	
15	33	17	21	
16	20	29	32	
17	36	25	27	29	34	37	39	40	
18	39	25	31	39	40	
19	32	28	38	
20	28	22	28	38	39	43	
21	18	24	29	36	40	
22	13	35	36	
23	40	29	35	47	
24	33	30	36	40	41	46	50	
25	39	28	32	34	36	42	48	
26	23	35	38	39	41	49	51	
27	12	
28	14	35	43	45	47	48	58	
29	39	39	49	55	58	
30	20	35	38	46	47	
31	44	38	41	42	45	46	56	58	
32	33	39	41	49	56	
33	12	34	35	43	54	58	
34	41	47	49	53	54	
35	30	46	47	
36	30	45	46	58	61	63	
37	32	46	53	60	
38	35	49	55	
39	28	58	61	63	
40	38	46	48	56	59	
41	31	45	46	
42	20	56	
43	41	44	
44	36	62	64	
45	15	61	
46	44	57	
47	12	60	
48	47	57	62	64	
49	46	59	
50	40	60	64	
51	28	52	54	59	62	64	
52	37	
53	14	60	
54	21	64	
55	47	
56	29	60	
57	28	60	61	
58	27	61	64	
59	19	60	
60	49	
61	47	
62	14	
63	11	
64	41	
