node	size	children
0	41	13	18	21	23	
1	41	8	12	13	15	20	27	29	
2	39	10	12	13	15	22	26	
3	23	8	9	12	18	19	26	
4	27	11	18	21	23	
5	35	8	12	13	14	17	19	21	26	
6	14	12	13	14	16	25	
7	41	9	12	13	15	
8	42	21	24	26	27	33	36	38	
9	19	21	27	35	38	
10	31	15	20	24	27	29	32	33	34	35	
11	17	15	27	31	32	36	37	
12	18	18	22	27	37	38	
13	27	30	36	
14	25	29	38	
15	40	37	40	42	
16	39	44	47	
17	48	28	
18	11	27	29	43	48	
19	19	25	43	47	48	
20	39	26	36	42	46	
21	26	27	32	37	
22	45	30	45	
23	47	31	39	41	42	
24	17	31	36	40	47	49	52	
25	38	30	34	39	43	45	47	52	
26	26	30	38	39	40	41	47	53	
27	24	33	45	46	51	52	
28	36	45	49	50	52	53	
29	14	40	41	51	
30	30	43	57	
31	22	42	52	55	
32	16	40	41	44	46	55	
33	26	40	43	51	61	
34	41	39	43	50	
35	42	40	
36	14	48	52	
37	29	47	55	58	
38	38	51	54	
39	31	49	51	60	63	
40	22	
41	34	61	
42	20	52	
43	17	49	50	57	59	61	
44	15	57	60	
45	44	
46	31	50	51	
47	32	
48	28	
49	14	56	59	64	
50	30	55	59	64	
51	39	59	61	62	
52	47	56	
53	20	56	62	
54	24	55	56	57	60	62	64	
55	16	64	
56	20	
57	10	
58	28	
59	20	
60	34	
61	33	
62	49	
63	20	
64	10	
