node	size	children
0	31	9	11	13	16	30	31	
1	29	13	16	27	33	
2	38	10	12	15	27	
3	44	10	13	17	
4	11	12	21	23	31	
5	15	11	13	17	21	24	25	33	
6	32	13	14	22	24	27	
7	27	12	13	17	21	30	32	
8	13	13	19	22	23	24	25	
9	41	22	25	34	40	
10	25	24	28	31	42	
11	25	16	28	35	42	
12	28	20	27	33	36	
13	11	26	27	30	
14	15	18	30	32	35	36	41	42	
15	29	19	22	24	26	28	34	
16	27	29	41	45	
17	35	26	43	
18	30	30	43	
19	35	32	34	36	44	47	49	
20	43	27	34	41	
21	35	27	34	42	44	
22	14	41	42	45	
23	32	41	42	49	
24	43	35	43	48	49	
25	28	37	39	41	45	48	49	
26	47	45	54	59	
27	48	36	44	46	47	49	
28	41	36	57	60	
29	11	37	54	
30	34	50	58	
31	34	37	40	43	
32	10	37	41	48	
33	42	36	37	40	42	46	49	50	53	58	
34	24	37	38	43	46	56	
35	29	54	55	58	
36	38	43	56	59	
37	24	44	49	
38	20	44	51	52	55	56	59	60	
39	32	44	60	62	63	64	
40	11	45	64	
41	37	60	64	
42	48	51	52	54	56	61	64	
43	49	54	
44	26	56	58	
45	48	52	53	59	
46	44	55	56	61	64	
47	29	
48	20	52	53	55	59	
49	25	56	58	62	
50	42	53	
51	26	52	62	63	
52	48	61	
53	46	
54	38	63	
55	14	63	
56	33	64	
57	38	
58	46	64	
59	39	
60	12	
61	22	
62	47	
63	38	
64	13	
