node	size	children
0	24	7	8	12	15	17	18	
1	40	5	8	11	15	17	19	
2	49	5	6	7	8	9	10	12	14	18	
3	32	5	6	7	8	10	12	16	17	18	19	
4	20	6	7	10	12	15	16	19	20	
5	14	20	26	31	
6	46	25	26	30	
7	25	16	23	26	27	28	30	
8	22	15	21	25	30	31	
9	23	13	
10	40	12	17	18	20	32	
11	17	16	18	23	27	30	32	
12	48	26	29	38	
13	34	22	26	29	
14	41	35	
15	47	20	27	31	
16	37	21	29	34	
17	24	24	25	28	
18	12	26	35	
19	15	20	
20	16	30	33	35	39	42	
21	37	39	42	
22	28	33	
23	11	33	38	40	44	
24	20	32	37	41	
25	28	27	31	32	36	38	
26	23	27	45	46	
27	28	38	50	53	
28	14	41	46	
29	16	33	37	48	
30	44	42	
31	48	39	51	
32	45	37	38	41	49	53	55	
33	48	43	46	59	60	
34	37	40	48	49	50	53	
35	43	50	51	52	60	62	
36	39	48	49	55	58	62	
37	39	40	43	48	51	54	55	60	
38	43	43	50	57	
39	35	49	50	51	57	60	62	
40	41	48	52	61	63	
41	46	49	50	59	60	62	
42	13	52	64	
43	21	48	49	53	
44	12	48	51	59	63	
45	47	49	51	
46	20	47	53	62	
47	24	60	64	
48	30	61	62	63	
49	33	63	
50	34	62	
51	23	64	
52	43	56	57	
53	38	61	
54	18	57	59	
55	24	62	
56	15	
57	42	
58	31	
59	16	
60	49	64	
61	30	
62	13	
63	39	
64	44	
