node	size	children
0	23	10	11	12	13	14	20	
1	46	10	11	13	18	20	
2	49	10	11	13	16	20	
3	25	10	11	12	19	23	25	
4	36	11	15	19	26	
5	10	11	12	19	22	
6	45	10	12	14	
7	43	10	12	13	14	
8	48	10	12	13	21	23	
9	25	10	11	12	14	15	19	21	
10	15	
11	20	18	24	25	26	
12	32	17	20	33	
13	21	
14	12	24	34	
15	43	
16	44	22	26	
17	36	27	29	33	34	35	36	
18	29	27	32	33	40	
19	39	30	33	34	38	39	40	
20	42	23	28	37	38	40	
21	38	22	23	25	27	29	34	38	
22	29	29	37	41	42	
23	47	36	
24	48	32	34	36	37	48	
25	40	29	31	35	
26	13	33	36	41	
27	32	41	
28	38	50	
29	22	44	45	47	
30	41	36	37	44	51	
31	19	39	45	50	
32	41	
33	33	47	49	50	51	
34	29	40	42	46	
35	35	46	54	
36	43	43	45	49	50	51	53	54	
37	38	42	43	44	48	50	51	54	
38	16	41	42	44	53	58	
39	23	41	42	47	48	50	52	56	
40	43	
41	42	62	
42	33	
43	30	53	
44	27	51	53	58	59	
45	17	
46	13	51	53	57	
47	27	50	57	64	
48	18	55	57	
49	44	63	64	
50	37	66	67	
51	21	58	60	61	63	
52	25	55	57	61	65	
53	23	61	62	67	69	
54	41	
55	27	64	66	
56	35	
57	22	62	67	68	
58	25	62	65	67	
59	21	65	66	
60	39	61	64	65	68	69	
61	45	
62	39	68	
63	16	69	
64	17	
65	38	68	
66	27	
67	24	69	
68	24	
69	18	
