node	size	children
0	23	6	7	10	12	18	20	21	22	23	24	
1	40	5	6	7	8	11	12	18	19	20	21	22	28	
2	22	5	6	8	11	12	13	17	18	19	21	22	29	
3	18	8	9	10	12	13	18	21	22	24	27	30	
4	46	5	10	13	14	15	16	17	18	20	21	22	23	24	28	
5	13	30	35	
6	42	16	19	20	28	30	32	
7	19	17	19	
8	16	19	22	32	
9	21	27	30	
10	27	22	24	27	28	31	33	
11	25	19	27	
12	40	17	19	22	24	31	33	
13	14	17	27	33	
14	17	17	19	29	35	
15	30	40	43	
16	18	24	30	
17	44	28	34	
18	18	28	37	
19	44	27	39	42	43	
20	19	36	
21	32	26	31	39	
22	41	
23	24	25	27	41	
24	24	33	
25	29	31	40	45	49	
26	36	31	36	38	40	44	
27	41	31	32	34	38	
28	16	32	42	46	51	
29	36	32	48	
30	47	
31	23	41	46	48	49	57	58	
32	33	38	40	42	48	50	
33	48	39	44	46	50	57	59	
34	39	46	48	
35	25	38	55	
36	35	50	58	
37	38	46	48	58	
38	40	49	50	52	63	
39	41	48	53	
40	45	54	60	63	
41	41	47	48	50	
42	16	58	
43	19	55	56	60	
44	39	55	
45	41	46	47	61	65	
46	24	53	61	62	65	69	
47	32	60	61	
48	48	55	57	61	69	
49	38	57	
50	42	52	60	
51	19	68	
52	47	60	63	64	
53	46	65	67	
54	23	65	
55	48	60	62	65	68	
56	25	65	
57	23	
58	37	61	
59	29	66	
60	28	66	
61	48	69	
62	13	69	
63	43	
64	48	
65	17	68	
66	15	
67	38	
68	47	
69	36	
