node	size	children
0	21	9	11	13	16	18	21	23	
1	29	11	17	20	22	24	30	
2	43	14	15	21	24	28	29	
3	46	9	23	
4	40	12	
5	21	11	13	20	28	
6	27	9	11	18	30	
7	24	9	10	29	
8	38	9	10	12	15	16	21	
9	33	19	29	
10	43	15	17	18	19	23	25	26	27	30	31	37	
11	19	19	21	29	31	
12	22	17	19	27	29	30	31	
13	21	16	17	24	26	30	31	
14	41	15	17	23	24	29	33	
15	28	24	25	28	32	37	
16	21	28	44	
17	16	28	34	37	45	
18	16	27	28	36	41	45	
19	49	31	37	
20	21	30	34	39	41	
21	38	23	27	
22	14	24	40	
23	24	31	38	42	44	50	
24	37	32	39	42	46	50	
25	44	49	
26	42	36	38	50	51	
27	45	36	41	42	
28	48	32	36	38	40	44	47	
29	34	35	36	
30	37	36	41	50	
31	46	40	41	43	48	56	57	
32	31	44	50	
33	18	53	56	
34	29	38	44	45	48	52	
35	20	38	48	54	
36	14	38	40	44	46	47	49	51	52	
37	26	46	47	51	59	
38	22	48	49	50	56	
39	27	53	55	
40	15	46	49	59	
41	48	53	
42	17	51	52	54	65	
43	16	
44	23	63	64	
45	39	50	51	60	65	
46	19	53	63	66	
47	23	52	64	66	
48	45	66	67	
49	38	52	57	58	60	
50	22	53	61	67	68	
51	31	62	67	68	
52	24	68	
53	41	61	64	
54	44	68	
55	37	64	65	
56	42	64	68	
57	49	69	
58	42	66	
59	35	61	
60	13	
61	43	
62	27	
63	38	
64	44	
65	36	
66	10	
67	26	
68	49	
69	37	
