node	size	children
0	40	5	10	11	12	14	15	17	18	26	
1	13	5	8	10	12	14	16	23	24	25	
2	18	5	6	7	9	11	15	18	19	25	26	
3	39	5	7	9	11	13	14	15	16	17	25	
4	43	7	9	12	13	16	19	23	25	
5	18	22	24	
6	23	18	21	22	24	30	
7	49	13	17	18	22	23	26	
8	46	21	23	24	29	
9	22	18	24	
10	20	14	15	27	30	
11	41	13	15	17	27	
12	49	22	25	30	33	34	
13	34	22	28	37	
14	29	28	34	37	
15	46	28	35	
16	43	32	
17	42	20	21	23	26	31	36	
18	39	22	
19	41	23	
20	15	
21	32	36	
22	46	28	32	
23	48	33	37	39	
24	26	27	
25	21	27	33	34	
26	18	32	36	40	41	
27	28	33	38	48	51	
28	31	35	41	43	46	
29	35	
30	41	43	45	
31	42	35	38	43	49	
32	38	33	38	44	47	51	53	55	
33	14	41	47	55	57	58	62	
34	29	44	48	51	61	
35	29	49	50	58	60	62	
36	42	43	53	56	60	
37	13	43	49	52	53	58	61	
38	43	42	46	47	62	
39	46	47	49	58	60	61	65	66	
40	21	50	59	61	
41	24	48	57	58	60	61	
42	26	50	
43	34	51	54	55	64	
44	14	49	57	61	63	66	
45	44	49	
46	23	51	55	60	
47	48	58	
48	31	59	60	64	
49	46	67	69	
50	20	60	
51	48	64	66	69	
52	31	62	66	68	
53	48	59	69	
54	27	57	63	
55	43	60	
56	10	68	
57	40	63	64	65	
58	10	65	
59	14	
60	47	66	
61	22	65	
62	35	
63	18	
64	21	
65	34	
66	32	
67	40	
68	32	
69	47	
