node	size	children
0	25	9	11	12	19	24	29	
1	14	12	13	16	17	18	22	
2	49	9	13	21	22	27	
3	37	9	10	12	13	19	20	24	
4	30	9	11	12	13	15	19	21	23	26	28	
5	11	9	10	12	13	14	15	23	26	29	
6	20	9	13	24	28	29	
7	17	9	12	13	16	23	
8	19	9	10	12	13	14	16	21	23	29	
9	11	14	17	20	25	33	
10	27	14	18	22	25	27	30	31	32	
11	26	24	25	
12	44	16	19	24	25	29	32	
13	14	25	30	
14	46	27	37	
15	49	23	31	
16	34	29	33	37	
17	46	31	32	
18	22	23	25	28	32	
19	39	24	25	27	28	31	
20	15	26	28	
21	49	23	27	36	
22	47	27	32	41	
23	26	31	34	38	45	
24	23	37	41	43	
25	37	42	
26	14	47	
27	35	31	42	43	44	
28	49	32	44	
29	19	33	39	42	44	46	
30	14	40	43	44	48	50	51	
31	49	35	36	39	40	41	48	52	
32	36	36	43	46	
33	19	37	46	47	52	
34	18	41	42	43	48	
35	12	43	52	57	
36	16	42	53	55	58	
37	22	47	53	
38	18	58	
39	44	48	57	
40	44	
41	37	46	47	58	
42	29	48	55	57	59	
43	33	53	55	
44	32	53	54	61	66	
45	23	56	
46	43	66	
47	28	49	54	59	60	
48	44	58	63	69	
49	28	54	55	61	62	63	
50	21	54	69	
51	11	
52	31	58	
53	16	56	60	65	68	
54	12	66	
55	38	66	
56	12	60	62	
57	20	62	
58	25	64	66	
59	25	67	
60	30	67	
61	34	
62	49	
63	14	
64	25	67	68	69	
65	15	67	68	
66	47	
67	40	
68	30	
69	31	
