node	size	children
0	47	10	12	16	18	19	20	
1	41	6	7	8	11	16	19	21	
2	29	6	10	11	12	13	16	19	23	
3	23	6	9	10	11	12	13	15	24	
4	17	7	9	12	13	16	18	
5	17	7	8	9	11	13	14	16	
6	19	14	23	24	32	
7	48	13	26	29	
8	25	14	22	29	30	
9	16	13	14	17	32	
10	46	14	23	25	
11	40	23	32	
12	28	17	20	28	30	
13	46	26	27	31	34	37	
14	46	19	27	31	
15	36	27	34	
16	35	20	24	34	35	
17	29	20	25	26	33	36	
18	24	22	33	
19	17	28	40	41	
20	10	25	27	30	34	37	
21	46	28	35	38	41	43	
22	49	28	34	35	36	37	39	41	
23	42	32	35	37	41	
24	15	36	38	42	
25	49	33	36	39	40	50	
26	45	36	37	39	54	
27	20	50	
28	40	33	38	40	53	55	
29	13	34	44	52	54	
30	21	40	42	
31	29	35	42	44	45	47	48	
32	29	37	54	55	
33	37	52	57	58	
34	42	39	46	49	51	56	59	
35	10	51	54	55	60	
36	39	48	50	51	58	59	60	
37	18	38	44	52	58	59	
38	20	50	52	60	65	
39	10	50	52	59	65	
40	14	56	
41	28	48	54	58	66	
42	20	51	56	58	
43	10	46	59	67	
44	29	59	60	
45	34	
46	27	
47	23	57	
48	38	61	67	
49	43	56	61	63	64	65	68	
50	46	
51	14	58	63	
52	22	62	
53	33	58	60	61	
54	26	59	63	64	
55	29	
56	16	62	65	67	
57	47	62	
58	25	62	
59	38	64	
60	21	67	
61	19	69	
62	27	
63	37	
64	23	
65	33	
66	36	
67	37	
68	34	
69	48	
