node	size	children
0	14	8	12	16	19	20	22	24	26	
1	16	6	7	11	12	13	14	21	26	27	
2	34	6	7	9	10	12	15	18	22	26	27	
3	43	7	9	10	13	15	23	26	
4	32	7	8	10	12	13	15	17	18	19	20	
5	46	6	8	10	12	14	15	19	23	
6	49	14	22	33	34	
7	16	13	14	15	22	
8	13	20	29	31	33	
9	29	19	21	26	30	32	
10	21	26	27	
11	11	13	16	30	32	
12	16	30	
13	47	21	25	39	
14	45	22	28	38	
15	32	24	25	36	
16	41	30	36	40	
17	46	25	42	
18	37	25	37	
19	41	25	27	33	35	37	
20	38	34	37	39	
21	34	33	41	
22	20	36	41	46	48	
23	17	30	40	42	44	45	
24	33	36	37	47	
25	11	32	35	39	
26	18	35	36	37	42	
27	17	34	40	44	
28	30	32	33	45	47	
29	29	38	41	42	43	51	54	
30	20	42	49	53	
31	49	38	42	46	53	
32	32	37	38	44	47	52	
33	36	40	
34	46	40	44	48	52	
35	24	40	48	53	54	
36	11	45	48	49	50	54	
37	21	47	
38	12	45	46	48	50	
39	13	45	50	58	
40	27	50	54	
41	18	44	52	
42	14	49	53	59	
43	40	
44	19	56	
45	16	53	56	
46	49	52	55	64	66	
47	15	52	56	58	64	
48	14	53	
49	47	65	67	
50	46	57	63	66	69	
51	47	57	58	59	63	64	69	
52	19	61	62	
53	17	55	56	58	60	62	65	
54	16	55	57	
55	13	62	64	
56	33	62	
57	20	61	
58	36	61	
59	39	
60	32	68	
61	28	
62	18	
63	13	
64	40	
65	33	
66	39	
67	23	
68	12	
69	14	
