node	size	children
0	29	10	13	14	15	25	26	
1	38	8	9	11	22	23	
2	15	12	17	24	26	
3	15	9	11	13	15	
4	16	7	11	15	
5	11	7	11	12	20	
6	42	7	8	9	10	22	
7	14	13	16	21	23	34	
8	15	14	22	23	26	29	34	
9	12	12	27	32	33	34	
10	14	12	13	18	21	23	
11	12	17	23	30	34	
12	34	31	37	40	
13	44	22	35	40	
14	28	19	23	27	28	38	
15	25	21	29	37	
16	48	
17	14	27	36	39	
18	30	29	32	38	
19	19	38	45	
20	25	44	
21	21	28	43	47	
22	23	27	35	44	45	47	
23	44	34	38	47	
24	12	27	35	37	43	46	
25	38	27	
26	27	34	36	38	47	
27	16	37	44	
28	42	41	43	
29	49	35	44	52	
30	40	37	40	52	
31	16	39	47	
32	14	36	50	51	
33	24	37	38	40	45	
34	45	36	40	44	
35	43	42	45	54	60	
36	40	42	50	
37	47	42	43	49	50	52	55	59	60	62	63	
38	24	48	56	59	
39	43	43	49	58	59	
40	24	42	52	53	59	
41	25	44	55	62	
42	25	53	61	63	66	69	
43	48	51	56	57	63	64	66	
44	45	57	61	62	63	66	
45	14	49	54	
46	10	51	52	62	
47	31	51	55	67	
48	16	62	
49	24	59	60	66	67	
50	26	57	68	
51	18	56	58	59	
52	21	57	64	
53	12	57	66	
54	13	57	61	65	
55	48	64	67	68	
56	26	67	
57	38	67	
58	38	
59	23	
60	43	68	
61	34	67	68	
62	38	
63	43	67	
64	13	
65	33	
66	30	
67	49	
68	33	
69	48	
