node	size	children
0	28	8	9	13	14	15	17	18	24	
1	20	9	10	12	20	21	22	25	
2	27	13	27	
3	38	19	20	
4	44	11	15	
5	26	9	10	12	20	
6	22	10	18	
7	16	9	17	18	21	27	
8	37	16	21	23	27	28	33	
9	10	23	32	
10	35	14	18	22	28	
11	20	
12	13	26	28	
13	35	14	22	27	
14	12	21	28	36	40	
15	25	26	34	40	
16	30	23	26	
17	28	38	
18	48	21	
19	24	22	30	
20	23	34	40	
21	19	28	30	35	41	42	49	
22	11	34	38	39	46	49	50	
23	38	28	35	42	
24	28	28	36	38	42	45	
25	10	36	37	47	50	
26	47	31	32	43	
27	40	29	40	42	47	50	
28	34	34	35	38	42	46	58	
29	22	43	50	57	
30	35	34	35	51	52	56	58	
31	27	46	56	
32	40	36	40	41	53	55	
33	41	55	
34	13	41	44	55	64	
35	36	43	46	48	50	
36	43	48	62	65	
37	24	45	51	56	
38	10	41	56	60	62	
39	29	43	52	55	61	62	
40	12	41	46	47	51	54	62	66	
41	37	51	52	69	
42	40	51	58	62	
43	31	58	61	62	65	67	68	69	
44	38	57	65	68	
45	31	56	58	61	
46	49	54	55	56	57	64	
47	11	55	58	
48	33	51	59	
49	30	68	
50	13	
51	36	
52	38	69	
53	16	59	68	69	
54	40	59	61	63	65	66	69	
55	18	63	65	68	
56	40	62	
57	40	59	61	69	
58	16	59	61	68	
59	37	67	69	
60	44	
61	31	
62	25	
63	18	
64	29	
65	46	
66	30	68	
67	29	
68	38	
69	11	
