node	size	children
0	33	9	11	14	30	
1	23	9	11	14	15	18	20	21	22	
2	12	9	11	14	16	18	20	
3	34	10	11	12	13	16	17	
4	22	11	14	15	16	28	30	
5	39	13	15	30	31	
6	35	11	22	
7	15	9	11	14	15	16	22	27	28	
8	23	9	11	14	21	25	
9	25	19	24	29	39	
10	37	18	25	26	28	30	32	35	
11	48	22	34	38	
12	26	15	18	32	
13	36	19	24	27	35	36	
14	26	19	32	
15	40	29	35	40	43	
16	27	24	32	33	35	42	
17	23	28	37	
18	48	39	
19	44	23	31	34	39	41	
20	46	30	31	36	42	44	
21	20	30	43	44	
22	35	29	37	43	
23	40	35	37	
24	31	33	35	36	37	45	46	47	
25	13	40	
26	28	40	
27	49	47	
28	41	37	
29	40	39	42	
30	46	32	35	38	
31	10	32	36	39	42	45	
32	15	43	48	53	
33	45	40	41	50	
34	16	42	43	52	
35	31	42	49	56	
36	26	51	55	
37	22	43	47	49	55	
38	35	42	
39	11	40	
40	21	46	51	54	60	64	
41	39	52	53	58	63	64	65	
42	34	45	50	60	62	63	
43	49	47	48	
44	30	57	61	
45	20	51	53	58	59	67	68	69	
46	25	51	52	59	61	66	68	
47	10	57	66	67	
48	39	52	55	58	67	68	
49	15	55	63	67	68	
50	31	62	69	
51	38	62	67	
52	18	61	62	65	69	
53	44	61	62	69	
54	16	64	67	
55	48	59	61	
56	29	
57	46	
58	46	67	
59	41	
60	41	
61	39	68	69	
62	23	69	
63	27	69	
64	35	67	
65	14	68	
66	41	
67	42	
68	19	
69	31	
