node	size	children
0	18	9	10	13	15	18	20	21	28	
1	29	10	13	14	15	25	33	
2	35	8	13	14	16	19	24	29	32	33	
3	39	12	13	17	20	21	27	
4	30	14	15	17	22	24	26	
5	44	17	21	30	
6	32	13	14	19	20	
7	35	11	13	15	20	21	25	30	
8	47	19	29	30	31	37	38	
9	30	17	20	26	32	37	40	
10	24	31	39	
11	13	15	21	23	24	30	31	38	
12	39	20	23	24	29	30	38	39	
13	39	19	36	39	40	
14	39	22	26	28	32	35	40	
15	26	33	34	43	
16	19	29	37	39	
17	29	27	32	40	
18	40	24	44	
19	16	25	27	29	33	
20	23	26	27	34	39	42	
21	31	28	29	31	36	39	42	
22	28	25	29	30	
23	48	28	39	44	
24	23	38	48	
25	31	46	49	
26	26	47	52	
27	43	35	45	46	49	
28	41	42	45	46	
29	36	
30	13	47	48	
31	38	37	38	45	
32	37	36	37	39	49	51	
33	13	38	40	
34	19	42	43	58	62	
35	34	45	58	62	
36	40	41	42	48	52	
37	43	56	
38	24	45	52	55	
39	20	55	
40	48	43	54	56	62	
41	14	50	65	69	
42	44	50	52	56	57	63	65	68	
43	19	47	50	55	58	59	63	65	
44	18	47	50	60	61	62	
45	21	53	55	56	65	67	69	
46	43	65	
47	47	62	67	
48	35	
49	49	
50	33	56	61	69	
51	49	53	55	56	58	59	67	
52	49	57	62	65	
53	17	66	
54	36	63	64	
55	20	63	
56	15	63	65	
57	13	
58	26	69	
59	11	69	
60	24	65	
61	35	69	
62	47	
63	23	
64	23	
65	29	
66	48	
67	34	
68	29	
69	18	
