node	size	children
0	41	9	12	13	14	17	18	19	21	28	
1	14	9	13	15	17	18	26	
2	33	9	13	15	17	18	23	28	
3	31	9	14	15	16	18	19	23	24	
4	48	10	12	13	16	19	20	
5	48	15	16	
6	45	12	15	16	19	20	24	
7	45	9	10	12	14	15	20	
8	12	10	11	13	14	15	17	18	
9	10	36	
10	13	20	22	25	26	
11	28	16	17	23	
12	11	17	19	22	25	28	34	
13	10	18	20	24	30	35	
14	26	23	25	27	31	35	
15	36	23	26	
16	22	37	44	
17	26	41	
18	36	26	33	41	44	
19	13	41	43	
20	17	26	35	39	44	
21	26	37	
22	42	32	38	39	
23	31	27	32	38	
24	18	29	36	40	44	45	49	50	
25	45	40	44	
26	23	39	41	43	45	50	52	
27	33	37	39	41	43	45	47	52	
28	20	31	38	41	44	52	
29	13	37	40	45	49	53	
30	21	50	51	
31	11	42	45	60	
32	41	38	55	
33	22	37	38	42	52	
34	19	37	38	39	45	46	49	50	53	56	57	59	60	
35	42	38	42	53	
36	21	42	48	
37	37	50	52	59	67	
38	33	45	63	66	69	
39	15	69	
40	32	57	64	65	
41	34	48	51	61	67	
42	22	67	
43	13	52	60	62	
44	14	50	53	54	
45	13	58	62	67	69	
46	22	67	
47	24	55	60	
48	26	60	
49	23	61	
50	30	55	60	
51	47	
52	12	57	68	
53	34	55	58	61	63	
54	10	60	62	
55	36	64	65	68	69	
56	47	64	65	66	68	
57	38	66	68	
58	20	61	66	
59	26	
60	47	62	
61	34	
62	20	
63	34	
64	21	
65	24	
66	41	
67	39	
68	13	
69	15	
