node	size	children
0	46	8	9	15	16	17	19	20	21	
1	43	11	16	17	19	20	26	
2	26	9	12	17	18	19	20	21	23	25	26	
3	28	9	10	15	21	26	
4	11	9	10	11	20	22	26	
5	12	8	10	12	13	15	16	18	
6	34	7	8	13	15	16	
7	42	18	19	23	25	30	
8	35	14	17	27	
9	41	18	20	24	30	
10	49	13	16	
11	30	19	24	30	33	
12	22	15	22	24	25	31	
13	28	26	31	
14	32	22	38	
15	35	29	35	
16	20	37	
17	37	25	26	35	39	
18	16	26	38	
19	22	22	35	37	
20	31	40	41	
21	47	22	31	33	
22	45	28	34	35	39	40	42	43	45	
23	12	29	32	43	
24	45	39	42	45	
25	46	29	38	
26	23	27	38	43	
27	48	41	46	50	
28	40	37	41	42	
29	36	36	
30	21	38	42	43	46	
31	46	40	44	
32	33	40	45	
33	49	44	45	52	
34	36	37	44	50	
35	44	57	
36	19	44	54	58	61	
37	14	43	46	53	59	61	
38	36	43	44	55	58	
39	12	42	48	58	
40	35	48	56	61	
41	26	45	
42	19	53	58	59	61	63	65	67	
43	37	48	62	63	65	
44	32	47	49	57	62	65	
45	22	48	56	62	63	67	
46	34	49	51	53	58	61	64	65	68	
47	28	
48	29	67	
49	11	65	66	68	
50	30	57	64	66	67	
51	40	57	60	66	
52	14	63	
53	17	64	67	
54	11	62	64	66	
55	33	66	69	
56	48	62	67	
57	27	
58	37	65	
59	33	65	68	
60	12	65	68	
61	25	66	
62	45	
63	16	
64	45	
65	22	
66	24	
67	18	
68	34	
69	36	
