node	size	children
0	34	8	9	11	12	14	16	18	
1	10	9	11	14	16	18	20	22	
2	26	7	12	18	20	
3	35	7	8	11	12	14	18	21	22	
4	39	7	11	12	17	20	21	
5	45	7	8	9	11	12	13	14	15	17	18	
6	38	7	8	9	10	11	16	17	21	
7	30	16	20	
8	24	22	23	25	29	
9	24	14	15	17	22	30	
10	47	19	
11	18	24	
12	42	13	
13	30	28	34	35	
14	37	21	28	
15	30	31	
16	35	30	31	33	
17	11	19	
18	14	20	21	26	28	31	
19	46	25	27	33	36	38	41	42	
20	41	25	32	33	41	
21	43	29	33	
22	33	38	41	
23	44	24	25	31	36	37	38	40	
24	43	38	48	
25	48	33	34	40	42	45	
26	39	36	45	
27	21	35	
28	30	37	47	
29	27	37	
30	36	31	48	
31	47	40	44	53	55	57	
32	18	41	52	53	
33	42	47	53	57	
34	27	37	43	46	48	51	
35	23	39	42	47	48	51	
36	29	42	44	46	56	57	
37	30	48	50	52	
38	48	61	63	65	
39	19	61	
40	22	52	62	64	65	
41	28	60	64	
42	42	50	58	61	62	
43	14	56	59	68	
44	14	49	51	53	55	60	68	
45	14	52	56	60	65	
46	28	49	50	57	59	65	66	67	69	
47	17	49	53	57	59	60	63	65	
48	28	49	50	54	61	69	
49	24	
50	41	63	
51	33	63	66	68	
52	10	58	60	61	65	
53	31	63	64	65	66	
54	13	66	69	
55	46	63	67	
56	26	61	64	67	
57	17	64	68	69	
58	38	
59	13	66	
60	37	66	67	
61	25	67	
62	18	
63	27	
64	14	
65	36	67	
66	49	
67	28	
68	18	
69	45	
