node	size	children
0	34	11	12	13	15	18	29	
1	26	11	13	17	29	
2	43	22	29	31	32	
3	32	12	15	22	29	
4	16	12	13	25	
5	48	10	11	12	13	16	21	22	26	
6	29	12	14	
7	28	9	10	13	14	15	21	32	
8	34	12	13	29	33	
9	33	26	28	37	
10	11	19	20	32	34	36	40	
11	35	18	22	28	36	38	39	
12	17	18	26	
13	18	16	18	22	28	29	32	37	39	
14	38	23	24	26	30	33	34	37	
15	32	28	
16	11	28	35	43	
17	39	27	34	
18	15	36	
19	10	36	
20	19	25	26	28	32	36	45	46	
21	22	25	32	34	36	37	
22	21	24	29	32	35	37	42	47	
23	49	32	37	39	42	
24	20	36	44	53	
25	11	40	44	47	
26	28	41	44	52	54	
27	33	54	55	
28	38	38	51	
29	41	36	37	48	
30	14	34	55	
31	45	35	
32	33	50	
33	22	41	52	53	
34	22	51	56	
35	16	45	
36	40	41	42	45	54	
37	15	45	47	
38	24	49	54	56	60	
39	15	49	51	54	56	63	
40	34	49	56	58	59	
41	31	51	52	66	67	69	
42	24	50	66	
43	17	62	65	67	
44	48	57	59	67	
45	36	59	64	65	
46	15	54	68	
47	20	50	51	59	60	61	69	
48	20	62	64	67	68	
49	41	
50	39	58	60	
51	18	59	66	
52	35	56	68	
53	24	61	65	66	
54	30	59	62	67	68	
55	10	62	67	68	
56	32	
57	42	
58	32	65	69	
59	48	
60	14	65	
61	42	
62	23	66	
63	27	
64	49	68	
65	43	
66	20	
67	14	
68	35	
69	30	
