node	size	children
0	27	10	14	15	21	26	
1	16	10	14	16	22	23	29	
2	16	10	12	13	15	18	19	22	23	30	
3	45	9	11	12	17	18	21	
4	28	9	11	12	13	
5	10	9	10	13	15	
6	47	9	13	15	16	20	24	28	29	
7	38	9	15	20	21	25	
8	15	10	15	25	
9	48	17	18	19	21	27	
10	22	16	18	21	32	33	
11	20	20	29	33	
12	38	18	21	33	35	36	37	
13	11	19	23	29	31	34	37	
14	28	16	34	
15	38	17	19	29	35	
16	13	34	41	
17	14	26	28	36	
18	36	26	30	37	
19	49	28	30	37	
20	20	30	35	
21	37	28	29	35	43	
22	32	23	24	26	28	33	37	
23	10	31	48	
24	10	33	
25	40	33	36	41	
26	43	36	41	42	45	
27	24	35	36	
28	45	40	44	
29	33	34	35	39	40	
30	47	34	35	41	
31	38	42	43	47	55	
32	40	40	41	43	44	50	
33	18	38	40	
34	17	40	53	55	56	
35	46	49	54	56	
36	37	40	49	
37	15	38	54	55	
38	15	48	60	
39	33	48	52	57	61	62	
40	40	44	46	48	50	57	62	
41	48	52	54	57	64	
42	37	50	56	57	63	64	
43	39	51	54	58	61	
44	49	54	64	
45	36	56	65	66	68	
46	15	57	59	61	65	66	
47	48	56	59	65	
48	16	50	59	62	63	69	
49	49	59	
50	15	64	
51	42	62	
52	32	60	64	68	
53	42	62	
54	22	62	63	66	
55	44	67	69	
56	16	69	
57	13	68	
58	17	59	63	67	
59	43	67	68	
60	20	69	
61	10	66	67	
62	11	65	
63	46	66	
64	13	67	
65	28	
66	43	
67	30	
68	16	
69	44	
