node	size	children
0	41	9	11	12	13	14	18	23	24	
1	39	8	11	12	13	14	15	19	20	27	
2	36	9	10	11	13	17	20	25	
3	38	9	11	12	13	16	
4	18	13	25	26	
5	48	9	12	13	14	
6	41	8	12	13	20	25	26	
7	18	8	9	12	19	27	
8	48	15	27	
9	39	15	
10	29	15	19	21	28	
11	10	15	22	27	28	29	31	
12	13	19	23	28	29	
13	20	19	23	33	
14	10	31	33	
15	49	24	25	34	36	40	
16	21	21	29	30	32	
17	22	26	30	32	34	
18	35	24	30	31	33	34	
19	49	22	24	28	39	
20	35	24	28	39	
21	32	33	46	
22	46	29	30	34	43	
23	27	32	34	35	39	43	45	47	
24	47	35	43	
25	11	29	33	37	44	46	
26	37	33	46	
27	34	32	
28	48	38	40	46	
29	31	44	50	
30	16	36	38	41	46	54	55	
31	15	36	40	41	43	47	48	54	
32	44	36	42	50	52	
33	19	37	38	39	43	47	51	52	
34	13	50	52	53	57	
35	40	46	60	
36	18	
37	20	42	45	49	56	59	
38	47	41	42	49	53	54	61	
39	23	42	48	56	62	
40	26	59	
41	26	54	55	56	59	64	
42	28	49	57	61	
43	11	61	
44	27	62	
45	16	48	54	61	
46	45	51	59	62	66	68	69	
47	42	51	65	
48	23	56	57	62	64	
49	34	61	
50	27	59	60	69	
51	45	59	
52	12	57	58	59	63	
53	19	57	67	
54	41	56	61	62	
55	25	56	62	63	
56	18	68	
57	38	
58	47	63	
59	11	
60	37	63	67	
61	11	
62	15	
63	35	
64	39	
65	15	
66	23	
67	13	
68	42	
69	29	
