node	size	children
0	41	14	17	18	20	29	
1	28	10	11	14	17	20	21	
2	46	9	11	13	16	17	18	
3	18	10	15	16	24	28	
4	14	10	11	12	13	14	16	23	25	
5	47	8	10	13	16	18	21	
6	28	10	12	15	17	18	20	25	
7	21	10	11	12	14	17	18	19	20	24	
8	14	17	31	36	
9	31	20	28	
10	12	18	28	30	
11	21	20	
12	39	18	24	34	36	
13	41	20	21	
14	21	18	
15	14	22	27	
16	30	22	34	
17	17	29	37	41	
18	36	36	41	
19	35	26	34	36	38	
20	18	23	31	34	43	
21	49	24	27	29	30	39	
22	35	24	28	29	31	33	
23	45	37	44	
24	22	34	43	45	
25	39	38	40	
26	36	35	50	
27	19	32	38	44	45	50	
28	37	31	45	
29	43	31	34	36	43	
30	42	45	
31	18	38	44	46	
32	14	57	
33	29	42	43	45	47	49	51	53	56	
34	37	37	47	50	56	
35	34	43	51	52	53	58	
36	21	37	41	42	44	45	47	48	50	51	57	58	
37	48	44	53	55	56	58	60	
38	33	56	63	65	
39	42	44	47	48	53	
40	19	49	50	59	
41	34	47	
42	41	51	53	54	58	
43	13	51	55	56	59	
44	45	
45	29	56	69	
46	36	60	61	69	
47	45	
48	49	53	64	
49	40	55	63	69	
50	22	54	59	65	
51	36	57	
52	20	55	66	
53	37	62	65	69	
54	46	63	67	68	
55	49	59	60	63	65	
56	43	60	64	69	
57	43	60	64	68	
58	22	68	
59	17	69	
60	30	
61	30	
62	38	69	
63	17	
64	30	
65	46	
66	42	
67	20	
68	25	
69	15	
