node	size	children
0	33	8	11	12	14	15	18	20	21	22	
1	36	8	10	11	12	13	14	17	21	28	
2	18	8	10	11	22	26	
3	20	8	11	15	20	24	26	
4	43	8	12	14	15	20	24	27	
5	36	8	12	14	15	20	21	
6	40	9	14	15	16	18	23	25	29	32	
7	25	8	11	14	20	22	25	
8	37	27	29	
9	31	17	35	36	
10	29	15	16	33	
11	35	26	35	
12	27	18	19	26	31	32	
13	16	28	32	
14	38	27	36	
15	22	28	29	34	
16	19	28	35	
17	44	25	
18	13	28	44	
19	23	33	36	
20	26	28	31	42	
21	30	27	28	30	35	41	42	
22	44	35	
23	31	35	42	
24	41	37	40	53	
25	41	37	55	
26	47	
27	44	33	36	49	
28	25	36	44	49	51	
29	34	33	34	35	48	
30	29	37	43	47	
31	17	46	47	50	
32	44	41	47	49	51	
33	41	39	40	46	52	56	60	
34	36	38	45	46	50	63	
35	22	39	40	45	46	47	59	60	61	
36	16	39	40	44	46	47	59	61	64	
37	25	44	45	47	50	53	56	57	61	64	
38	12	47	51	59	65	68	
39	30	59	63	65	
40	32	62	67	
41	28	46	51	
42	32	52	60	
43	46	54	55	
44	27	52	55	65	
45	29	52	57	65	
46	31	57	61	69	
47	35	60	61	
48	36	
49	41	65	
50	34	63	
51	10	61	
52	12	60	66	
53	40	58	
54	31	60	67	68	69	
55	41	61	68	
56	27	67	69	
57	33	66	67	
58	16	67	
59	30	68	69	
60	38	68	69	
61	39	68	
62	24	
63	34	
64	38	
65	20	
66	31	
67	17	
68	18	
69	27	
