node	size	children
0	30	10	11	12	13	14	20	
1	21	10	12	20	21	
2	21	9	11	13	14	15	
3	35	10	11	13	15	20	21	23	
4	25	10	12	13	19	23	
5	47	9	11	12	13	15	18	22	23	
6	42	13	14	15	17	20	
7	46	9	10	12	13	15	24	
8	31	9	10	12	13	14	20	
9	31	21	27	32	
10	24	23	25	26	27	
11	42	20	23	24	28	
12	27	21	23	32	
13	15	16	29	32	33	
14	32	17	19	27	32	
15	25	31	33	
16	37	30	31	34	37	40	
17	40	27	36	38	
18	16	27	34	
19	36	38	
20	12	28	41	
21	33	25	
22	38	27	39	
23	16	29	30	41	42	43	44	45	46	
24	35	31	35	37	41	48	50	
25	39	35	36	39	42	43	49	
26	40	37	44	46	50	
27	34	34	38	42	44	48	50	
28	11	38	41	42	43	47	49	56	
29	11	37	47	54	
30	41	41	44	47	49	50	
31	14	35	45	46	
32	41	42	46	49	
33	10	34	43	46	47	54	55	
34	31	44	47	53	59	
35	43	
36	48	44	53	58	
37	38	50	53	
38	23	49	51	53	62	
39	43	50	57	64	
40	18	46	47	53	56	59	64	
41	49	47	53	58	
42	29	43	46	60	
43	39	57	59	
44	28	62	
45	28	56	
46	47	54	56	60	
47	48	54	56	66	
48	28	52	56	61	62	64	
49	45	52	
50	31	53	58	60	
51	49	68	69	
52	10	64	
53	36	60	67	69	
54	43	57	67	69	
55	42	63	67	
56	27	68	
57	27	68	
58	28	67	
59	13	
60	21	67	
61	45	
62	44	65	
63	45	67	68	
64	10	
65	35	
66	22	
67	33	
68	44	
69	20	
