node	size	children
0	43	8	9	10	12	14	15	16	18	
1	31	8	10	14	15	
2	28	9	12	18	20	27	
3	37	7	8	18	19	20	29	
4	11	7	9	10	11	16	18	21	22	23	
5	13	7	9	13	19	23	30	
6	10	7	8	9	10	19	
7	13	22	35	
8	21	30	33	
9	15	19	32	34	38	
10	29	29	35	36	38	
11	11	24	25	32	36	38	
12	17	32	35	
13	20	16	22	27	34	36	
14	36	17	22	33	36	
15	10	22	24	26	41	
16	31	24	35	41	
17	37	25	35	
18	43	25	39	
19	40	28	33	35	37	40	
20	37	32	35	36	40	
21	14	22	24	32	34	
22	17	33	36	39	
23	45	33	39	
24	42	33	34	37	
25	19	34	39	41	
26	21	39	
27	36	31	37	43	44	50	
28	34	32	38	40	
29	10	37	42	43	47	49	
30	22	33	36	41	42	
31	14	
32	26	41	43	48	54	55	
33	29	43	47	
34	39	40	43	
35	38	41	55	
36	12	
37	45	45	47	51	
38	37	39	45	51	
39	23	59	60	64	
40	26	
41	37	49	51	55	57	
42	15	49	51	58	59	60	61	63	64	66	
43	41	48	
44	44	46	47	63	66	
45	25	51	54	56	59	67	72	
46	36	55	62	64	67	69	
47	41	53	62	63	68	
48	39	52	60	61	62	71	73	
49	22	56	58	67	73	
50	37	52	61	63	65	67	68	
51	42	58	64	66	68	72	73	
52	24	58	74	
53	45	72	
54	29	68	72	
55	40	59	64	69	
56	42	60	62	63	70	72	
57	32	58	62	68	
58	39	73	74	
59	41	73	74	
60	22	69	
61	17	69	
62	45	
63	46	68	72	
64	40	69	71	
65	22	69	71	73	
66	40	
67	21	
68	31	
69	29	
70	45	
71	17	74	
72	48	
73	15	
74	43	
