node	size	children
0	41	8	9	13	14	17	18	22	27	30	
1	30	9	11	12	13	18	27	
2	27	8	9	10	11	12	13	17	19	22	25	28	
3	17	12	17	19	22	28	
4	42	8	12	20	22	29	
5	14	12	
6	24	9	10	11	12	20	23	
7	24	9	15	17	19	20	30	
8	35	20	31	34	
9	31	33	34	38	
10	49	16	18	23	27	31	
11	45	19	22	26	27	28	35	
12	41	15	18	
13	10	35	
14	36	18	21	
15	48	24	25	26	
16	40	26	28	30	36	41	46	
17	14	36	37	38	41	43	
18	43	28	36	43	
19	33	25	30	40	43	46	
20	23	28	31	34	41	46	
21	44	27	32	42	43	
22	32	27	37	
23	47	26	27	28	44	
24	25	32	33	34	35	38	46	
25	33	32	35	48	
26	40	34	47	49	
27	24	34	51	
28	30	32	43	45	46	54	
29	27	43	46	47	48	
30	11	39	41	45	48	50	
31	17	43	47	52	57	
32	40	53	
33	15	
34	30	48	59	
35	19	52	56	63	
36	30	45	54	60	
37	46	60	
38	39	46	56	
39	47	45	46	48	54	
40	14	42	52	59	60	
41	10	51	62	67	71	73	
42	30	52	56	71	73	
43	22	49	51	70	71	
44	33	49	
45	34	55	58	60	64	66	67	
46	39	58	65	68	69	
47	31	57	58	59	68	70	
48	32	60	61	66	68	
49	20	56	63	65	68	70	
50	19	58	65	66	68	73	
51	20	59	61	72	
52	40	69	72	74	
53	30	71	
54	49	57	63	
55	22	59	60	73	74	
56	30	70	71	
57	10	
58	10	66	67	70	
59	11	66	
60	45	
61	26	
62	29	72	
63	25	66	70	
64	26	70	
65	44	
66	19	
67	13	
68	39	74	
69	33	74	
70	32	74	
71	43	74	
72	45	74	
73	42	
74	22	
