node	size	children
0	14	8	9	15	17	22	25	26	
1	24	8	9	10	13	14	15	16	18	19	20	23	24	27	
2	18	8	10	13	16	17	18	19	23	28	
3	40	8	9	12	13	15	16	17	18	19	23	27	29	
4	34	8	10	11	12	13	15	16	17	20	21	25	
5	32	8	11	12	15	22	32	
6	12	8	10	11	15	16	17	19	24	25	30	31	
7	25	9	10	19	25	29	30	31	
8	23	35	
9	48	20	21	38	
10	38	20	23	30	
11	47	22	27	29	39	
12	30	23	39	
13	44	20	36	
14	12	20	26	35	36	37	
15	15	19	29	36	39	
16	10	29	33	
17	14	37	39	
18	38	31	37	
19	31	40	
20	23	26	31	35	40	
21	15	39	
22	34	26	36	37	41	42	
23	37	41	
24	46	26	42	
25	44	37	
26	36	42	47	
27	34	
28	31	38	41	44	
29	22	36	37	46	50	
30	41	42	45	50	
31	34	34	35	44	47	
32	44	39	50	
33	10	47	
34	22	43	49	53	58	
35	34	44	45	51	55	
36	34	40	45	52	55	57	
37	29	40	44	53	57	
38	18	45	49	
39	21	43	48	51	57	58	
40	45	52	55	57	
41	34	53	54	56	63	
42	24	49	58	64	
43	24	51	61	
44	36	49	54	64	
45	20	53	64	
46	32	57	59	71	
47	38	53	55	
48	46	54	62	65	
49	28	55	
50	28	60	65	66	69	71	
51	15	57	71	
52	23	54	65	
53	42	66	73	74	
54	38	62	68	73	
55	33	64	66	68	72	
56	12	62	63	66	
57	49	
58	42	60	67	
59	10	66	
60	32	72	
61	15	69	70	
62	30	
63	37	73	
64	11	70	
65	29	70	
66	23	
67	19	73	
68	37	73	
69	28	
70	11	
71	10	
72	23	
73	34	
74	38	
