node	size	children
0	44	9	12	13	16	17	21	22	
1	30	15	22	23	
2	42	10	12	20	25	
3	10	9	13	15	22	24	
4	27	12	13	18	19	21	
5	40	12	13	15	17	19	20	21	24	26	
6	20	12	13	15	17	24	
7	34	11	12	13	15	20	24	27	
8	30	9	13	14	22	23	
9	11	23	29	31	
10	19	19	21	26	28	32	
11	36	21	32	
12	47	17	20	27	30	
13	23	
14	46	16	19	24	30	
15	40	19	20	21	22	26	29	34	
16	14	28	41	
17	41	31	33	41	43	
18	48	31	34	37	41	42	
19	25	33	37	
20	36	34	37	
21	22	23	34	38	
22	26	
23	11	47	
24	46	28	37	38	46	48	49	
25	34	28	33	35	38	40	46	49	
26	31	29	33	40	41	42	46	47	49	
27	32	32	35	36	38	42	
28	31	38	39	
29	12	38	44	50	
30	49	43	
31	22	46	52	53	
32	49	
33	16	41	47	53	
34	32	41	43	47	49	
35	22	
36	40	38	41	45	
37	34	49	50	51	61	
38	48	55	59	60	
39	27	44	48	59	
40	26	44	53	
41	38	49	53	54	55	60	
42	19	60	
43	41	51	52	59	61	
44	24	51	59	60	62	64	
45	17	52	55	61	
46	18	
47	29	50	55	56	59	64	
48	30	51	61	62	63	66	
49	30	50	51	52	55	66	
50	14	58	65	66	
51	45	62	68	
52	41	61	69	
53	28	57	61	67	72	
54	31	64	67	70	
55	22	64	70	
56	33	67	
57	23	70	74	
58	22	74	
59	31	69	70	
60	41	66	68	70	72	73	
61	17	68	71	
62	10	
63	44	69	70	73	
64	35	69	73	
65	17	69	73	
66	11	
67	40	
68	21	
69	44	
70	48	
71	31	
72	28	
73	11	74	
74	30	
