node	size	children
0	25	12	14	24	26	30	
1	35	9	10	11	14	17	
2	35	8	9	10	11	12	13	16	25	29	
3	33	8	12	15	21	22	
4	43	11	14	20	24	28	
5	46	9	16	18	21	22	27	
6	19	9	16	17	20	21	
7	34	9	11	12	14	21	27	
8	42	21	26	28	31	33	38	
9	49	17	21	22	23	25	27	28	34	35	39	
10	31	23	35	
11	20	24	34	
12	45	19	22	23	24	31	
13	29	16	25	28	34	
14	45	23	24	
15	23	19	33	35	
16	29	23	24	25	27	29	31	35	37	42	47	
17	13	23	28	32	46	
18	35	41	48	
19	34	27	30	42	
20	49	26	36	
21	22	27	33	35	
22	44	30	33	36	41	
23	12	42	48	50	
24	20	33	35	41	49	50	54	55	
25	12	48	53	
26	38	33	37	
27	35	34	39	48	51	54	
28	25	
29	17	35	
30	24	33	36	40	
31	23	41	44	49	55	
32	18	48	52	55	
33	18	42	44	49	61	
34	48	40	51	59	63	
35	33	42	48	
36	26	42	50	51	58	
37	28	50	51	54	59	62	63	
38	20	45	46	48	54	56	
39	27	41	43	53	60	62	
40	38	51	54	59	71	
41	44	51	70	
42	26	60	67	
43	22	56	65	69	
44	16	65	69	
45	37	54	59	
46	10	50	52	55	68	
47	35	67	
48	20	68	
49	13	52	54	64	
50	35	56	67	
51	12	56	57	58	60	
52	25	59	60	65	
53	30	60	65	68	73	
54	28	58	65	72	
55	48	61	67	
56	24	65	66	73	
57	23	72	
58	19	69	74	
59	11	71	74	
60	38	68	69	70	
61	28	67	68	70	
62	10	67	68	71	72	
63	47	73	
64	40	72	
65	34	
66	22	
67	35	73	
68	27	73	
69	40	
70	41	
71	13	73	
72	36	74	
73	43	
74	24	
