node	size	children
0	27	8	9	10	12	14	15	16	28	
1	30	9	14	19	22	
2	21	8	10	15	16	17	22	28	
3	20	11	13	14	15	19	25	
4	12	8	12	15	16	25	28	
5	30	9	15	16	19	26	
6	24	9	10	12	14	16	26	27	
7	18	9	13	14	15	17	23	
8	45	18	24	36	
9	17	22	34	36	
10	40	19	21	32	
11	25	27	33	35	
12	38	19	30	
13	33	18	
14	12	19	20	24	25	26	
15	11	20	21	24	
16	42	24	25	
17	34	24	29	37	39	
18	49	27	32	35	36	42	44	
19	11	26	27	28	32	
20	45	37	45	46	
21	26	27	28	30	42	43	
22	24	36	39	40	43	
23	19	31	32	35	42	49	51	
24	31	31	42	45	47	
25	33	31	32	39	43	46	47	49	
26	25	32	42	49	
27	20	30	35	38	49	51	
28	28	35	38	39	40	47	49	
29	20	30	38	39	43	49	
30	18	56	
31	48	47	48	54	56	
32	33	46	51	55	56	57	58	
33	47	39	42	47	50	51	58	
34	23	51	
35	37	54	
36	47	40	41	43	47	49	60	
37	37	43	48	
38	44	47	52	57	62	66	
39	35	64	
40	10	66	
41	37	48	65	
42	12	63	
43	17	61	62	64	
44	42	53	60	
45	26	48	51	
46	23	53	55	
47	30	53	56	57	65	71	
48	32	53	57	59	61	
49	31	59	60	65	70	
50	19	55	72	73	
51	41	58	61	62	71	72	
52	16	53	60	62	
53	40	64	
54	17	62	
55	29	62	64	
56	16	64	65	70	72	
57	21	69	
58	10	62	65	
59	22	64	71	
60	42	65	
61	45	67	
62	43	
63	10	71	
64	35	
65	23	70	74	
66	33	68	
67	11	
68	33	74	
69	38	
70	19	
71	39	74	
72	15	74	
73	13	
74	21	
