node	size	children
0	17	10	11	13	16	17	
1	40	10	13	16	17	19	23	25	
2	44	10	13	25	
3	21	10	12	13	14	15	
4	41	11	13	14	25	
5	25	11	12	18	20	24	
6	26	11	14	18	
7	21	11	13	14	16	
8	37	9	10	11	13	16	17	21	
9	10	23	30	
10	45	21	22	29	33	
11	28	21	23	27	
12	10	19	24	26	33	
13	32	18	34	35	
14	41	16	18	21	25	34	
15	29	23	28	37	38	40	41	
16	10	24	26	33	36	41	
17	21	21	37	
18	34	23	28	41	
19	40	36	39	
20	18	22	27	28	32	35	36	39	
21	22	28	37	39	40	41	43	
22	49	33	34	37	40	
23	21	27	30	36	41	50	
24	25	38	42	46	
25	18	31	39	40	
26	21	36	43	
27	42	37	48	54	
28	27	39	42	45	
29	11	40	41	
30	47	36	41	42	
31	13	37	40	50	51	52	54	
32	35	41	
33	47	37	38	39	49	54	
34	22	45	49	
35	26	40	44	45	51	
36	46	43	47	50	
37	43	53	54	56	57	59	61	
38	26	45	51	55	56	61	63	
39	28	47	48	56	57	61	62	
40	11	54	56	60	61	63	
41	12	50	52	
42	34	51	
43	42	51	52	60	61	
44	35	60	63	64	
45	41	51	52	63	
46	49	51	56	64	
47	30	60	61	63	66	67	
48	22	54	58	60	68	
49	28	52	59	
50	32	56	
51	35	61	72	
52	20	63	66	
53	37	65	66	70	
54	16	60	
55	22	64	72	74	
56	31	63	68	
57	47	66	71	73	
58	45	60	70	73	74	
59	12	67	70	71	
60	45	64	67	68	71	
61	46	69	71	72	
62	23	
63	48	67	69	70	72	73	
64	40	73	
65	36	
66	21	
67	46	71	72	
68	33	74	
69	49	
70	36	
71	44	
72	19	
73	14	
74	36	
