node	size	children
0	39	5	6	7	10	12	15	16	18	20	
1	37	5	7	12	13	16	20	22	
2	39	7	8	12	
3	22	5	6	9	10	11	12	14	18	22	
4	42	5	6	7	9	13	14	15	18	20	
5	35	13	24	29	30	
6	22	11	17	23	
7	42	28	
8	48	20	21	22	27	29	
9	32	19	
10	29	30	
11	36	35	
12	41	22	23	24	27	35	
13	48	20	24	25	27	30	
14	39	30	31	
15	30	18	19	26	31	36	
16	23	19	25	31	
17	40	26	32	41	
18	19	27	39	42	
19	29	23	29	30	
20	20	23	28	32	
21	37	29	32	35	
22	32	24	27	33	
23	48	39	41	45	47	
24	20	35	36	46	48	
25	47	38	42	
26	31	38	41	42	43	
27	26	38	
28	34	43	
29	43	33	35	39	
30	21	33	34	
31	26	42	45	50	53	55	
32	19	43	44	46	
33	49	39	46	
34	40	39	41	46	53	
35	47	40	41	52	54	55	
36	35	37	47	50	
37	31	61	
38	43	50	51	54	57	59	61	
39	19	48	51	55	59	
40	26	60	
41	27	49	59	60	
42	43	
43	21	54	67	69	71	74	
44	32	60	61	65	70	72	
45	29	55	56	64	67	
46	47	53	66	67	69	71	72	
47	45	54	73	74	
48	10	57	58	62	66	72	74	
49	30	63	65	72	
50	18	59	65	66	70	71	
51	45	63	70	71	74	
52	19	56	58	59	65	66	69	74	
53	19	60	74	
54	40	66	74	
55	14	56	60	64	68	70	72	74	
56	39	71	
57	34	73	
58	49	70	
59	30	66	
60	14	66	
61	33	
62	18	73	
63	10	
64	36	66	
65	19	67	73	
66	12	
67	36	
68	46	
69	31	
70	14	
71	21	
72	45	
73	37	
74	47	
