node	size	children
0	44	7	8	13	14	16	17	18	24	25	
1	46	6	8	12	15	16	18	19	23	
2	27	6	11	13	15	17	19	21	
3	47	6	8	10	11	12	13	15	16	18	19	
4	47	8	9	11	17	18	21	
5	45	6	8	11	13	17	19	
6	17	21	
7	13	18	29	
8	44	23	24	
9	42	19	23	
10	32	25	27	
11	26	17	19	27	28	
12	13	17	30	
13	25	16	27	
14	47	34	35	
15	21	20	24	26	30	
16	27	25	26	30	31	33	
17	23	25	
18	11	
19	29	22	27	30	
20	23	32	38	43	
21	48	26	29	31	34	38	41	
22	30	31	38	39	41	43	
23	35	32	35	
24	30	42	
25	24	30	
26	34	47	48	49	
27	19	32	46	47	
28	15	31	32	48	51	
29	40	34	36	37	39	40	43	44	
30	17	35	44	45	50	
31	22	58	59	
32	32	39	41	44	55	
33	15	46	47	48	50	53	
34	14	44	45	51	55	57	
35	24	37	40	56	
36	43	50	
37	36	57	60	61	64	
38	20	49	51	56	60	
39	22	50	51	
40	32	
41	14	50	54	55	
42	14	47	49	58	
43	25	47	57	62	64	
44	19	62	
45	16	54	56	57	60	65	68	
46	35	61	62	
47	38	71	72	
48	14	52	61	63	69	
49	28	55	61	63	67	71	
50	48	55	67	70	
51	37	54	69	72	
52	15	
53	15	73	74	
54	16	63	69	70	73	
55	39	62	
56	11	64	70	
57	20	60	61	62	69	72	74	
58	35	60	64	72	73	
59	43	63	73	
60	21	66	67	
61	15	66	70	
62	19	71	
63	25	66	72	
64	45	66	
65	21	66	68	74	
66	37	
67	39	74	
68	49	
69	41	74	
70	27	
71	36	
72	32	
73	22	
74	18	
