node	size	children
0	25	9	12	14	17	20	
1	31	9	10	14	18	24	
2	49	9	10	12	14	17	24	
3	32	10	11	24	
4	37	8	9	12	13	14	17	19	
5	26	9	16	18	20	21	23	
6	12	11	15	20	26	
7	31	10	12	13	18	
8	32	21	23	33	
9	18	21	33	
10	18	29	
11	14	27	
12	37	16	19	
13	19	
14	41	21	27	
15	23	21	27	28	
16	26	23	26	27	32	35	37	41	
17	29	24	26	39	41	
18	34	22	
19	16	33	
20	11	39	40	41	42	
21	33	23	24	25	26	38	41	42	
22	22	31	43	46	
23	31	29	30	34	37	40	42	
24	11	29	42	43	44	45	47	48	51	52	
25	33	30	39	42	43	46	48	51	52	
26	16	29	37	40	43	46	48	49	50	
27	45	41	43	45	48	50	56	58	
28	19	40	52	
29	41	36	38	52	
30	25	48	51	54	
31	24	36	40	42	45	60	
32	23	35	39	44	
33	27	41	44	55	58	60	
34	38	35	42	50	53	57	60	
35	10	48	52	53	56	60	61	
36	38	44	47	48	50	60	62	67	
37	49	51	55	61	
38	26	50	52	61	63	64	70	
39	45	47	58	
40	26	47	51	53	54	62	
41	14	45	51	55	57	62	63	69	
42	33	55	57	58	60	69	
43	17	55	59	62	65	70	
44	40	54	55	62	
45	12	54	70	72	
46	44	53	68	70	72	73	
47	15	57	70	73	
48	40	54	57	65	
49	34	57	59	63	71	
50	16	54	55	66	
51	45	71	
52	25	61	62	71	
53	46	70	
54	18	70	
55	10	
56	20	
57	17	71	72	
58	14	67	
59	16	71	
60	34	
61	43	
62	32	72	73	
63	46	74	
64	49	73	
65	16	73	
66	13	71	73	
67	29	73	
68	21	
69	11	74	
70	16	
71	47	
72	45	
73	32	
74	41	
