node	size	children
0	16	7	8	12	21	26	
1	46	8	9	11	12	13	20	
2	19	8	10	12	13	14	16	18	19	20	22	26	
3	16	7	10	11	12	13	15	18	19	21	26	
4	24	7	10	12	15	18	19	20	
5	31	7	9	10	11	13	15	16	20	21	23	
6	14	8	15	16	19	20	
7	14	16	17	27	33	
8	45	17	
9	10	18	27	31	35	
10	45	16	21	25	29	33	
11	32	15	18	19	21	35	
12	49	15	18	33	
13	38	16	18	30	
14	47	30	34	
15	23	29	41	
16	17	23	24	31	
17	34	22	
18	38	23	24	28	39	
19	48	24	26	
20	48	26	32	37	38	
21	29	37	41	
22	36	36	37	39	43	51	
23	11	34	37	43	48	51	
24	19	29	39	43	45	51	
25	39	27	31	35	36	38	39	48	
26	10	29	33	36	40	41	42	50	
27	41	37	40	43	45	46	55	59	
28	17	41	
29	44	46	53	55	59	
30	41	48	
31	16	53	55	57	
32	37	49	
33	30	37	39	57	
34	43	40	48	52	57	
35	21	57	
36	20	47	51	61	62	
37	25	51	55	
38	11	55	66	
39	49	54	60	62	66	
40	40	63	66	
41	28	47	56	57	64	
42	49	44	62	66	
43	16	59	61	66	
44	23	55	57	67	
45	21	55	65	74	
46	19	60	73	
47	36	
48	15	64	68	74	
49	30	55	57	64	65	69	74	
50	27	56	58	69	
51	11	58	68	
52	35	59	
53	20	57	61	65	
54	30	64	67	69	
55	11	70	71	72	
56	25	61	68	69	74	
57	40	63	71	74	
58	24	62	67	69	
59	45	67	72	73	74	
60	14	67	71	
61	12	68	
62	20	71	
63	14	71	
64	36	68	70	71	
65	16	69	72	73	
66	29	72	
67	48	
68	20	
69	41	
70	12	
71	22	
72	48	
73	24	
74	18	
