node	size	children
0	40	5	8	9	13	17	25	
1	13	7	8	10	11	14	21	22	26	
2	18	6	7	9	11	12	15	19	20	23	
3	39	6	7	9	11	12	14	16	19	
4	43	6	7	11	13	14	19	
5	18	15	18	19	20	28	32	
6	23	14	18	26	
7	49	
8	46	17	24	28	31	
9	22	18	23	24	25	
10	20	23	25	26	27	30	
11	41	20	23	
12	49	20	21	24	25	26	37	
13	34	21	35	
14	29	30	31	
15	46	23	28	29	30	
16	43	24	
17	42	21	25	28	
18	39	
19	41	25	29	34	
20	15	29	34	36	39	40	42	
21	32	45	
22	46	34	
23	48	28	29	33	38	40	44	
24	26	30	35	36	42	
25	21	33	
26	18	29	32	35	
27	28	36	55	
28	31	41	42	43	47	50	52	
29	35	34	35	46	47	50	54	55	
30	41	33	39	55	
31	42	38	44	45	
32	38	34	38	48	
33	14	57	61	
34	29	43	49	52	53	60	62	
35	29	39	42	43	45	51	56	58	59	61	62	
36	42	41	48	50	54	
37	13	39	48	55	56	57	59	
38	43	47	51	
39	46	47	58	64	
40	21	52	60	61	
41	24	49	50	55	56	59	67	
42	26	50	61	
43	34	
44	14	56	60	
45	44	50	54	
46	23	54	60	66	
47	48	58	71	73	
48	31	67	
49	46	56	62	68	73	
50	20	58	59	69	71	
51	48	59	61	64	65	
52	31	56	57	64	
53	48	61	64	
54	27	56	67	
55	43	58	59	60	66	71	
56	10	64	67	71	
57	40	73	74	
58	10	65	69	
59	14	63	67	
60	47	
61	22	63	
62	35	65	72	
63	18	69	
64	21	
65	34	70	
66	32	70	
67	40	69	
68	32	
69	47	
70	35	
71	10	
72	17	
73	38	
74	49	
