node	size	children
0	23	9	13	19	
1	40	9	12	16	
2	45	9	11	12	16	18	27	
3	17	9	10	18	21	25	
4	29	8	10	11	16	18	19	
5	20	9	11	13	16	18	19	21	
6	48	11	13	15	16	17	18	19	
7	28	11	13	14	18	20	
8	39	17	21	
9	29	
10	28	29	30	
11	22	23	
12	28	21	
13	48	19	21	25	
14	12	17	21	33	
15	36	28	29	31	
16	28	29	
17	39	22	31	41	
18	21	30	39	
19	11	26	33	
20	13	24	29	32	33	41	
21	24	30	39	
22	31	
23	30	43	46	
24	38	31	40	44	46	49	
25	43	39	43	49	
26	17	49	
27	49	34	44	45	48	
28	40	31	41	
29	46	49	51	52	57	
30	14	37	38	44	50	52	53	57	
31	14	39	48	51	52	56	57	59	
32	29	35	44	57	
33	34	36	45	53	58	
34	15	42	43	44	45	46	49	51	52	
35	33	58	62	
36	19	48	51	
37	18	46	59	67	
38	41	44	46	52	53	59	
39	31	45	53	
40	10	50	53	54	55	65	67	
41	16	44	53	61	65	68	
42	12	47	58	65	66	
43	46	54	57	71	72	74	
44	46	53	57	63	
45	33	69	70	74	
46	36	67	73	74	
47	39	69	
48	22	57	60	61	62	69	70	71	
49	46	64	69	73	
50	17	53	
51	46	63	
52	34	59	63	70	72	
53	40	63	64	67	72	73	
54	31	61	63	64	65	71	72	73	
55	22	73	
56	40	70	72	73	
57	47	
58	18	69	70	71	74	
59	27	62	66	70	73	74	
60	32	70	
61	39	71	72	
62	45	
63	30	74	
64	43	
65	41	69	71	73	
66	48	71	
67	49	72	74	
68	25	
69	20	
70	36	
71	11	
72	41	
73	30	
74	26	
