node	size	children
0	13	7	8	10	11	12	15	16	17	25	29	
1	19	8	11	13	15	16	17	22	23	24	29	
2	30	7	9	10	12	15	16	20	22	26	29	
3	35	8	9	10	11	12	13	15	16	22	25	30	31	
4	49	7	9	10	13	16	17	20	22	26	30	
5	13	9	10	11	12	13	14	15	16	26	30	
6	40	7	8	10	12	16	22	30	31	
7	15	18	24	31	32	36	
8	47	19	23	24	30	
9	25	25	29	30	
10	49	17	21	27	29	30	
11	40	23	33	36	
12	48	17	18	21	24	28	
13	39	15	18	21	22	25	35	
14	28	26	34	
15	34	37	
16	24	26	29	37	
17	25	25	29	38	42	
18	36	25	29	30	39	41	
19	29	34	40	
20	32	24	39	41	
21	29	
22	40	31	33	40	42	
23	45	25	
24	42	36	46	
25	19	40	
26	49	34	42	49	
27	17	34	35	46	
28	26	32	40	42	43	
29	13	36	38	46	47	49	
30	19	34	37	38	43	44	47	
31	19	33	34	40	42	43	47	
32	46	39	45	49	51	56	
33	44	39	43	52	
34	19	43	48	49	54	
35	34	49	53	56	
36	27	56	
37	32	47	49	52	
38	19	45	55	61	
39	29	51	55	57	
40	25	46	47	
41	30	46	
42	47	
43	34	45	59	60	
44	36	46	50	60	
45	38	61	65	
46	34	57	59	64	65	
47	36	58	61	
48	49	51	54	
49	10	62	66	
50	37	57	
51	37	63	64	72	
52	17	59	61	72	
53	45	65	
54	17	62	68	
55	10	
56	15	57	
57	30	63	64	68	
58	15	63	70	
59	12	62	63	69	73	
60	44	62	65	74	
61	42	70	73	74	
62	23	70	
63	17	73	
64	43	67	70	74	
65	14	71	
66	47	68	
67	34	
68	10	
69	46	
70	25	
71	11	
72	47	
73	18	
74	25	
