node	size	children
0	47	11	17	18	20	22	
1	41	9	13	19	20	27	
2	17	8	9	10	11	12	15	16	
3	10	9	14	18	20	24	
4	31	8	9	10	12	13	14	25	26	
5	30	10	11	12	14	20	
6	18	9	10	15	18	20	
7	11	9	11	13	14	16	18	22	
8	48	22	24	25	27	28	33	
9	40	23	
10	34	21	28	30	31	
11	20	20	23	30	
12	32	20	28	33	
13	19	22	24	
14	46	22	24	26	27	33	34	
15	41	18	
16	29	29	31	34	
17	35	32	36	40	
18	26	26	28	32	
19	27	36	41	
20	24	25	36	37	42	
21	33	24	38	
22	43	41	
23	37	29	34	42	47	
24	49	31	35	42	46	47	
25	28	29	41	44	46	
26	37	29	37	38	39	44	
27	46	33	38	39	44	48	
28	30	39	42	44	
29	10	39	44	46	50	51	55	
30	25	38	39	42	47	51	57	
31	10	43	51	54	56	
32	45	35	45	47	54	55	56	
33	34	36	37	46	50	
34	27	35	40	41	46	47	56	
35	18	53	
36	14	58	60	
37	36	50	58	
38	29	
39	30	49	51	56	
40	28	46	47	59	61	62	
41	35	52	53	59	60	61	
42	13	58	
43	12	50	53	54	61	67	
44	26	50	53	61	62	67	
45	39	49	55	56	57	
46	22	52	61	
47	38	61	62	
48	40	
49	26	72	
50	43	58	
51	45	65	
52	34	66	67	
53	36	68	
54	20	60	65	
55	34	59	62	63	69	
56	23	58	60	62	65	66	
57	48	73	
58	25	64	67	
59	42	64	69	70	73	
60	34	64	
61	49	66	74	
62	15	63	
63	36	69	71	74	
64	38	
65	28	72	
66	17	
67	17	69	73	
68	16	
69	20	
70	21	
71	44	
72	28	
73	37	
74	41	
