node	size	children
0	23	8	9	14	15	16	23	25	28	30	
1	40	8	12	14	15	18	19	22	30	
2	44	8	11	14	15	24	25	30	31	
3	34	11	12	15	17	21	
4	49	8	12	13	
5	15	8	9	12	13	14	17	23	26	29	30	
6	48	8	10	11	12	13	15	20	23	28	
7	49	8	10	13	14	15	20	21	23	28	29	30	
8	32	20	21	33	37	
9	42	18	23	29	
10	35	24	
11	18	17	25	27	29	34	35	
12	27	18	22	23	28	32	
13	19	23	28	
14	41	20	25	30	
15	40	17	25	26	
16	21	20	28	31	37	
17	26	32	42	
18	41	
19	45	27	29	
20	32	27	30	
21	47	39	40	
22	26	
23	13	34	
24	34	28	35	41	
25	42	28	29	32	39	40	
26	25	27	
27	18	43	
28	29	36	37	44	
29	14	32	43	45	
30	32	40	43	46	48	
31	17	33	44	
32	23	45	47	50	54	56	
33	21	38	41	46	56	
34	26	38	42	52	
35	30	42	43	52	
36	19	40	46	48	50	51	
37	49	41	42	44	47	56	
38	23	49	50	53	63	
39	35	49	51	52	62	
40	30	44	53	62	
41	44	48	
42	28	47	48	59	66	
43	19	46	47	52	55	63	65	
44	17	52	71	
45	40	50	51	54	56	60	61	66	71	
46	16	53	57	58	60	71	74	
47	36	55	60	64	68	71	73	
48	21	53	54	55	73	
49	26	53	62	69	74	
50	38	62	
51	40	59	60	66	
52	25	64	72	
53	28	68	74	
54	45	67	
55	34	58	67	
56	44	67	68	
57	17	67	68	
58	14	
59	45	67	68	74	
60	34	67	68	71	
61	24	67	71	
62	29	67	68	70	
63	28	68	71	72	73	74	
64	42	
65	41	
66	44	
67	46	
68	42	
69	27	
70	48	
71	17	
72	41	
73	26	
74	32	
