node	size	children
0	30	6	8	11	14	16	
1	14	8	11	16	18	21	23	
2	27	6	9	12	13	16	24	
3	31	6	8	9	10	11	15	16	
4	32	5	6	7	9	12	15	16	
5	15	14	21	23	26	31	32	
6	38	17	21	26	
7	40	13	14	15	22	23	
8	44	14	
9	20	13	14	18	19	21	
10	22	19	26	
11	13	21	25	
12	46	23	24	28	29	
13	23	19	21	23	27	32	
14	30	25	
15	42	19	20	29	
16	22	19	37	
17	33	23	28	33	35	
18	18	
19	30	36	38	43	
20	41	34	42	44	46	
21	25	30	
22	40	26	31	33	37	
23	41	27	31	33	46	
24	10	32	44	
25	20	38	
26	27	34	37	
27	41	41	50	
28	46	50	
29	13	36	44	
30	10	34	35	41	
31	25	47	50	
32	43	39	
33	38	45	49	52	58	
34	15	43	47	48	52	53	57	58	
35	16	46	49	53	
36	24	60	
37	23	47	50	
38	21	40	51	
39	27	56	58	
40	39	49	55	62	63	64	68	69	
41	38	48	49	50	52	54	63	68	
42	38	49	61	68	
43	30	50	51	64	66	69	
44	41	47	48	52	62	64	66	
45	12	52	62	69	
46	23	48	55	56	
47	11	64	67	68	73	
48	15	54	56	60	62	63	64	68	69	71	
49	44	56	59	63	66	69	73	74	
50	40	54	55	65	66	72	74	
51	11	59	62	65	70	71	74	
52	24	54	58	67	74	
53	28	64	66	70	
54	13	68	
55	14	63	
56	11	66	67	
57	39	62	64	
58	47	67	73	
59	44	62	68	
60	44	63	66	71	74	
61	10	
62	10	71	
63	12	73	74	
64	14	74	
65	37	
66	18	
67	20	74	
68	46	
69	41	
70	26	
71	33	
72	25	
73	45	
74	19	
