node	size	children
0	46	9	10	13	14	16	22	
1	31	5	8	9	10	14	21	
2	30	5	7	10	13	
3	13	5	8	10	11	17	21	
4	34	5	6	8	13	14	16	23	
5	21	18	20	31	
6	43	14	16	28	
7	34	15	26	
8	31	14	27	
9	44	16	18	26	
10	36	13	16	30	
11	36	12	13	31	
12	39	22	25	30	35	
13	26	22	29	30	37	
14	42	19	23	24	32	
15	43	30	38	
16	37	21	22	26	33	35	38	
17	23	35	37	39	
18	12	26	29	30	34	35	40	41	43	47	
19	37	33	34	37	39	44	45	47	48	
20	36	24	28	34	36	38	39	
21	47	24	27	28	29	36	40	
22	48	24	27	28	36	38	40	
23	15	24	33	35	36	37	38	
24	13	33	36	46	47	
25	40	51	
26	40	33	39	40	41	44	53	
27	13	33	34	41	44	
28	28	36	40	46	47	50	
29	22	37	38	39	48	50	
30	25	33	37	39	43	46	
31	24	38	42	50	52	
32	35	36	39	51	
33	11	42	43	45	
34	44	43	58	59	
35	31	46	
36	23	41	46	53	
37	37	41	51	53	
38	48	43	49	51	
39	30	40	43	44	53	
40	18	53	54	59	62	
41	15	61	
42	12	49	51	53	
43	32	50	
44	15	56	57	
45	28	55	58	59	
46	27	49	61	63	
47	38	49	
48	29	51	54	57	
49	45	55	56	59	62	
50	15	59	73	
51	38	55	
52	14	61	66	
53	29	60	64	68	72	
54	37	64	71	
55	11	63	
56	26	63	65	68	71	72	
57	31	62	67	72	
58	18	69	71	72	
59	34	72	
60	45	
61	27	71	
62	41	
63	28	72	
64	16	
65	45	
66	30	68	70	
67	48	74	
68	21	
69	39	
70	14	
71	45	
72	37	
73	13	
74	16	
