node	size	children
0	39	11	12	13	14	16	18	21	23	31	
1	15	10	11	13	14	18	21	26	
2	34	10	13	14	17	21	22	28	
3	33	10	14	15	18	19	
4	44	10	13	
5	10	12	16	17	19	31	
6	42	10	13	14	16	19	20	25	28	
7	41	9	13	16	19	21	22	31	
8	17	11	13	14	16	19	21	28	
9	16	23	25	26	27	33	35	37	
10	21	25	35	
11	27	20	29	31	35	
12	48	31	33	
13	21	18	27	30	31	32	35	40	
14	35	24	28	30	
15	41	16	25	26	27	41	
16	41	28	30	37	38	39	41	
17	26	26	33	35	38	39	
18	34	38	42	43	
19	30	28	37	40	46	
20	31	26	32	33	36	39	40	
21	23	25	27	39	40	41	
22	49	37	38	40	41	46	
23	25	29	37	40	46	
24	33	34	
25	26	33	41	
26	30	38	51	
27	22	
28	10	44	53	
29	11	34	39	40	53	
30	24	34	
31	40	33	
32	36	38	40	48	
33	37	60	
34	33	44	46	57	
35	48	43	58	62	63	
36	39	43	50	52	
37	31	45	53	60	
38	34	46	50	56	62	
39	22	45	46	56	59	
40	33	46	51	56	60	
41	25	51	56	
42	43	52	53	60	62	63	64	65	66	
43	18	54	55	60	64	67	
44	20	52	61	64	65	69	
45	30	50	60	
46	30	47	49	51	58	62	63	67	69	
47	33	67	
48	36	56	58	69	
49	42	58	
50	49	63	64	65	66	70	
51	22	56	72	
52	15	58	
53	28	
54	17	56	66	68	
55	44	56	66	72	
56	18	69	71	
57	17	73	
58	35	66	69	
59	20	65	67	
60	41	
61	37	
62	16	69	70	
63	34	72	74	
64	48	71	
65	24	71	73	
66	12	
67	12	
68	12	72	
69	15	
70	16	
71	42	
72	37	
73	39	
74	39	
