node	size	children
0	47	5	6	9	10	11	12	13	14	15	16	17	21	23	
1	38	5	7	8	11	15	16	18	22	26	
2	20	5	7	9	10	11	12	13	16	24	27	
3	26	5	7	8	9	11	12	13	16	17	19	20	24	25	26	
4	47	6	8	9	13	16	17	20	24	
5	34	14	17	24	29	
6	20	14	15	30	
7	34	19	27	
8	21	13	14	
9	24	24	
10	41	
11	39	22	27	
12	13	13	19	
13	15	21	23	26	29	30	32	36	39	41	
14	39	22	23	29	42	
15	13	27	30	33	
16	22	22	31	33	37	
17	30	29	37	42	
18	17	19	21	28	38	39	
19	28	31	44	45	49	
20	18	29	40	43	44	47	
21	39	29	33	
22	19	
23	46	34	44	46	
24	25	35	47	
25	42	44	45	
26	32	29	30	33	43	
27	26	29	30	32	44	46	47	49	
28	43	30	33	34	45	
29	44	38	43	46	47	50	55	
30	45	46	
31	23	37	55	
32	42	41	
33	18	54	
34	19	35	37	38	53	54	55	
35	12	45	52	64	
36	35	57	60	63	64	
37	40	54	62	65	
38	16	67	
39	26	45	59	64	
40	20	62	65	
41	17	44	48	52	60	61	
42	38	43	46	54	59	62	
43	17	63	65	73	
44	18	72	
45	21	50	60	67	68	70	
46	14	54	56	66	74	
47	40	62	64	74	
48	26	51	55	60	69	74	
49	30	58	60	63	69	
50	32	59	
51	23	71	
52	23	65	68	72	
53	28	64	72	
54	42	71	
55	10	62	
56	19	59	65	
57	49	59	60	62	71	72	
58	33	60	62	63	70	
59	24	74	
60	20	
61	43	72	
62	21	
63	43	72	
64	47	
65	14	
66	14	72	
67	29	
68	17	
69	36	
70	19	
71	30	
72	25	
73	41	
74	29	
