node	size	children
0	22	10	11	12	13	16	18	21	24	25	
1	32	7	8	11	12	18	23	
2	28	5	8	9	12	15	16	19	20	25	
3	35	5	6	8	9	11	12	15	19	26	
4	46	8	10	11	15	16	21	24	26	
5	45	12	14	15	18	28	
6	21	14	18	32	
7	32	25	27	28	
8	41	13	17	20	22	26	
9	16	14	20	22	25	
10	47	22	25	29	
11	27	20	22	26	30	
12	14	21	33	35	36	38	
13	18	33	
14	29	27	
15	32	20	25	26	27	
16	15	36	
17	22	26	29	31	38	
18	46	
19	33	21	22	26	32	
20	27	33	
21	33	37	38	41	43	
22	30	31	32	43	
23	24	34	35	40	44	
24	29	28	29	32	
25	25	46	
26	41	28	29	45	
27	27	33	53	55	
28	35	39	45	46	47	48	
29	14	35	38	42	47	48	52	54	
30	25	37	45	47	50	52	
31	19	34	35	40	41	53	55	
32	13	34	43	
33	48	49	55	59	62	
34	38	39	49	54	59	61	
35	40	39	41	56	59	
36	41	47	51	53	55	
37	49	51	57	
38	16	48	62	
39	34	
40	41	54	58	60	
41	13	47	54	60	66	67	
42	14	47	62	
43	34	62	
44	27	56	62	
45	48	50	53	59	
46	40	51	53	55	58	65	
47	18	56	70	72	
48	12	66	
49	11	60	61	72	
50	21	57	68	70	
51	24	57	59	62	64	
52	44	58	74	
53	32	60	
54	47	66	
55	49	57	59	65	70	
56	22	66	70	74	76	
57	10	72	73	75	76	
58	33	68	74	
59	32	63	66	74	79	
60	28	79	
61	11	
62	37	64	71	
63	42	68	77	
64	26	78	
65	40	69	76	79	
66	20	69	77	79	
67	42	68	
68	45	77	
69	18	75	77	79	
70	48	75	76	77	
71	36	
72	16	79	
73	16	76	
74	41	
75	15	
76	36	
77	32	
78	10	
79	25	
