node	size	children
0	19	9	10	12	17	
1	28	10	12	13	14	17	18	24	
2	32	13	14	16	17	26	
3	41	11	12	14	15	17	22	
4	37	8	10	11	12	20	26	
5	10	8	9	10	14	19	
6	17	9	10	11	13	15	19	22	23	
7	32	9	10	13	14	21	
8	16	15	16	
9	18	20	25	27	
10	14	23	31	34	35	
11	47	17	24	27	28	29	32	
12	38	15	24	28	30	
13	36	21	29	
14	36	19	25	35	
15	17	24	27	28	39	40	
16	26	25	26	34	38	39	
17	42	23	24	29	39	40	
18	37	21	22	25	29	36	
19	10	33	35	
20	19	25	28	29	35	39	42	
21	21	39	41	43	45	47	48	49	
22	39	33	40	46	48	49	
23	21	31	32	45	
24	35	30	37	41	43	
25	19	33	37	40	41	
26	15	31	32	33	35	39	40	43	44	
27	43	
28	43	39	49	
29	16	54	56	
30	39	40	44	45	46	48	50	
31	48	41	51	
32	44	36	41	42	43	
33	35	42	48	56	
34	47	56	
35	27	40	48	49	
36	20	45	63	64	
37	17	46	59	61	64	
38	44	55	59	61	
39	49	46	49	51	65	
40	47	44	49	56	58	
41	26	52	53	61	63	
42	27	44	
43	31	55	63	64	
44	20	66	
45	26	61	69	
46	22	59	62	69	
47	24	59	64	69	
48	13	58	70	71	
49	25	58	62	64	70	
50	31	57	58	61	62	67	
51	23	58	62	74	78	
52	46	59	
53	10	60	66	70	72	
54	17	64	66	67	69	72	
55	35	60	66	71	
56	23	61	62	67	75	
57	32	79	
58	19	69	79	
59	23	68	69	70	79	
60	14	67	74	76	
61	28	
62	17	75	76	
63	42	70	75	77	
64	26	
65	30	74	75	79	
66	28	74	
67	19	
68	25	78	
69	23	74	75	78	
70	11	72	73	77	78	
71	29	72	79	
72	27	
73	35	
74	39	
75	42	
76	10	
77	42	
78	47	
79	45	
