node	size	children
0	36	12	13	14	
1	20	10	13	14	16	18	24	
2	49	10	12	13	14	15	19	21	
3	22	11	12	13	14	27	
4	18	11	12	14	17	19	22	26	
5	13	10	14	17	
6	23	9	10	11	12	13	15	16	19	
7	22	10	11	12	13	14	17	
8	48	10	11	13	20	
9	15	19	33	
10	12	21	23	29	
11	25	
12	15	19	25	28	36	
13	26	17	35	
14	40	21	26	31	33	35	
15	47	17	33	
16	10	25	31	
17	38	25	31	32	39	40	43	
18	29	25	32	33	42	
19	12	26	30	35	36	43	
20	13	27	41	
21	36	23	27	33	
22	42	29	35	41	45	
23	24	31	33	41	52	
24	35	31	36	39	50	
25	20	30	35	36	37	42	
26	27	34	35	36	49	
27	35	36	37	42	46	49	
28	39	41	42	44	
29	25	40	
30	13	45	52	
31	39	53	59	
32	16	42	53	58	
33	42	45	
34	32	50	54	58	59	
35	32	43	
36	27	47	53	56	
37	48	38	
38	33	47	53	54	55	57	62	67	
39	20	47	55	56	
40	12	49	50	54	56	57	60	
41	26	48	54	60	66	
42	25	44	45	51	54	59	60	62	65	
43	29	46	47	49	54	57	60	62	63	
44	35	53	56	67	74	
45	39	58	
46	26	54	64	65	
47	40	61	62	70	
48	35	53	56	60	67	
49	15	
50	32	58	60	
51	12	57	60	67	
52	21	67	
53	27	62	
54	30	77	
55	36	67	
56	22	62	65	69	73	79	
57	43	69	75	77	78	
58	43	65	67	77	79	
59	26	79	
60	29	64	78	
61	21	71	75	77	
62	24	68	69	
63	40	79	
64	48	76	
65	34	73	
66	38	72	78	
67	10	71	72	76	
68	23	
69	21	77	
70	22	77	78	
71	27	78	
72	30	78	79	
73	18	78	
74	45	
75	15	
76	31	
77	32	
78	29	
79	44	
