node	size	children
0	33	14	17	24	27	28	31	
1	13	9	10	13	16	17	18	20	24	
2	32	9	20	25	26	
3	13	9	13	15	19	
4	43	10	11	13	14	20	24	25	26	
5	49	9	10	14	22	24	27	
6	28	10	11	12	13	14	16	22	
7	44	9	10	14	17	30	
8	26	9	11	17	18	26	31	
9	31	18	27	28	32	35	
10	20	27	35	
11	25	22	25	27	28	36	37	
12	44	18	19	23	25	30	
13	49	15	16	20	
14	21	19	21	24	26	
15	43	
16	35	38	
17	38	27	32	
18	29	36	
19	25	27	29	32	40	
20	26	39	
21	41	25	
22	26	31	32	38	43	
23	47	
24	17	33	40	43	
25	13	
26	36	32	33	36	37	47	
27	43	37	38	40	41	
28	39	32	37	42	43	51	
29	43	33	39	42	43	45	46	48	
30	24	33	49	50	51	
31	27	33	34	41	48	49	
32	45	39	42	61	
33	27	39	49	52	53	58	61	
34	38	39	45	58	61	
35	11	61	
36	40	45	51	61	
37	22	39	59	60	61	
38	18	49	52	54	58	
39	39	55	63	66	
40	27	61	64	
41	23	44	47	58	62	63	
42	44	51	53	56	66	69	
43	22	45	52	55	56	62	65	68	69	
44	27	62	64	69	
45	13	59	64	68	69	74	76	
46	24	73	
47	24	56	59	62	64	73	
48	15	55	69	74	
49	26	55	56	59	66	70	
50	31	59	70	75	
51	16	58	62	
52	12	57	62	
53	31	66	69	73	
54	32	64	
55	20	73	74	76	78	
56	45	64	67	71	76	
57	29	65	72	78	
58	18	62	66	67	76	
59	19	63	70	71	76	
60	26	71	
61	45	71	
62	33	74	
63	24	70	75	
64	31	74	75	77	
65	14	76	
66	10	72	
67	22	75	76	
68	43	75	
69	12	75	79	
70	27	78	
71	11	
72	20	
73	44	
74	46	
75	16	
76	43	
77	21	
78	20	
79	21	
