node	size	children
0	43	6	7	9	13	14	15	16	17	
1	11	5	7	8	9	11	14	15	
2	19	6	7	9	10	11	15	23	
3	38	7	19	
4	13	9	10	11	14	18	20	21	
5	49	10	22	28	31	
6	42	18	27	29	
7	10	10	15	33	
8	34	12	
9	11	14	19	
10	48	29	
11	11	30	35	36	37	
12	33	29	35	41	
13	36	21	33	41	
14	36	23	30	31	36	39	
15	19	31	33	
16	48	31	32	40	
17	23	38	
18	33	21	24	25	37	41	
19	13	29	30	33	35	37	40	
20	29	25	34	38	41	45	
21	20	29	30	42	44	47	
22	37	39	42	44	47	
23	34	26	27	31	35	36	42	45	46	
24	37	35	42	
25	32	35	38	46	50	
26	41	38	41	
27	40	38	39	41	42	
28	11	41	44	47	
29	35	40	44	
30	29	36	47	52	54	
31	47	37	39	46	55	
32	33	39	54	
33	49	34	36	43	
34	45	44	45	52	54	57	
35	48	45	
36	22	42	53	58	60	61	
37	22	47	53	61	
38	21	45	46	47	
39	29	46	51	
40	13	61	
41	28	54	59	
42	15	62	66	
43	48	48	50	51	52	58	61	62	68	
44	23	48	50	52	53	58	66	
45	22	49	55	57	61	64	
46	33	50	51	53	
47	15	52	53	61	63	64	
48	46	60	65	70	73	78	
49	49	62	72	
50	29	56	62	
51	33	56	58	59	70	76	77	
52	23	56	58	70	77	78	
53	15	77	
54	24	63	64	
55	23	61	63	67	78	
56	13	62	74	76	77	78	
57	41	64	66	67	70	78	
58	12	69	
59	47	66	68	74	
60	41	67	76	77	79	
61	45	71	75	76	79	
62	34	75	
63	28	
64	21	71	77	
65	16	71	72	
66	26	79	
67	13	
68	11	71	
69	33	71	72	75	76	78	
70	34	
71	38	79	
72	15	
73	25	79	
74	17	
75	49	79	
76	18	
77	15	
78	45	
79	39	
