node	size	children
0	45	7	11	12	13	14	15	16	18	22	29	30	31	
1	13	11	12	15	17	19	21	22	28	
2	40	7	8	9	11	12	15	17	21	23	24	25	
3	32	7	8	10	12	15	17	18	21	23	26	28	
4	36	10	14	15	17	18	21	26	
5	35	11	12	14	17	18	19	21	22	
6	37	11	14	15	22	
7	23	19	28	36	
8	34	19	28	
9	44	19	26	35	
10	22	20	30	
11	10	26	29	30	37	
12	22	
13	38	17	19	21	26	29	30	33	
14	40	27	30	34	
15	43	17	27	29	32	
16	31	33	
17	16	26	30	34	35	
18	40	33	42	
19	18	24	30	
20	25	24	40	
21	45	42	
22	36	25	
23	23	25	40	41	
24	24	43	
25	49	37	43	
26	24	34	38	44	48	
27	42	32	34	
28	14	43	46	47	
29	13	32	40	46	
30	27	32	34	35	38	42	47	
31	30	
32	48	38	48	54	
33	14	48	49	52	53	54	55	
34	21	46	55	
35	10	39	42	52	55	
36	48	39	45	50	52	57	
37	18	39	52	
38	30	43	52	53	60	
39	47	50	56	58	61	
40	11	44	47	49	52	56	57	
41	49	55	59	66	
42	44	46	53	54	63	
43	35	53	57	61	65	68	70	
44	14	62	63	68	
45	30	51	53	67	
46	37	51	54	
47	44	59	68	
48	47	50	57	59	69	
49	16	57	60	64	65	
50	27	66	68	77	
51	14	60	70	74	77	
52	21	59	65	69	70	75	77	
53	44	60	61	72	76	
54	39	63	67	
55	22	66	69	78	
56	38	65	75	
57	27	61	70	73	78	
58	45	78	
59	39	
60	19	73	
61	24	79	
62	42	74	
63	48	67	68	73	
64	30	70	74	
65	40	76	
66	42	67	71	
67	43	74	
68	40	76	
69	35	76	78	
70	13	75	
71	15	75	
72	44	74	75	
73	48	
74	34	
75	21	
76	13	
77	15	
78	25	
79	40	
