node	size	children
0	12	9	11	13	18	21	27	
1	23	12	13	21	27	
2	11	10	12	22	23	26	
3	15	12	13	14	19	28	
4	44	13	14	18	22	24	
5	40	14	15	17	28	
6	11	11	14	19	
7	24	15	19	
8	28	9	10	13	15	
9	13	25	27	
10	14	17	19	20	24	31	33	35	36	
11	11	16	18	21	27	
12	39	20	36	
13	47	16	19	21	
14	44	21	22	31	
15	44	16	21	23	24	25	
16	10	35	
17	10	28	30	34	40	
18	12	25	40	
19	14	29	
20	37	24	37	
21	18	24	27	37	
22	20	30	34	36	40	42	
23	46	27	
24	41	35	40	
25	26	33	40	41	44	47	
26	33	30	38	43	44	46	
27	25	30	38	45	
28	45	31	32	37	39	48	
29	19	38	51	57	
30	28	41	52	
31	42	
32	15	39	49	51	53	55	
33	10	39	41	47	50	56	
34	48	40	50	56	
35	15	37	50	53	
36	39	44	
37	18	44	47	55	57	61	63	
38	46	43	52	60	62	
39	14	60	
40	44	62	64	
41	28	50	54	58	59	61	
42	16	58	59	60	61	
43	38	52	53	62	64	67	68	69	70	
44	12	52	61	62	67	68	69	
45	41	65	
46	15	59	67	68	
47	26	56	61	62	64	
48	46	59	61	62	69	
49	16	58	61	64	69	
50	27	64	66	70	
51	35	74	78	
52	22	58	74	
53	10	62	68	71	
54	31	60	67	68	
55	11	58	75	76	
56	27	69	70	77	78	
57	23	75	
58	32	77	78	79	
59	17	68	79	
60	18	66	
61	31	66	68	70	72	
62	32	69	70	71	72	
63	38	73	
64	44	67	77	
65	39	67	69	78	
66	36	73	77	
67	19	73	74	75	
68	18	75	78	
69	25	79	
70	42	79	
71	25	76	77	
72	15	
73	42	
74	12	
75	15	
76	15	
77	32	
78	25	
79	17	
