node	size	children
0	27	9	12	14	15	
1	49	11	12	14	15	16	
2	16	11	12	13	15	16	21	22	
3	31	15	20	28	
4	18	15	16	23	28	
5	13	9	14	
6	44	11	15	19	
7	25	11	12	14	17	20	
8	40	10	11	12	14	15	18	21	23	25	26	28	
9	19	16	19	21	22	
10	29	16	18	20	28	
11	13	18	20	29	
12	35	18	20	23	29	31	35	
13	19	16	31	
14	21	30	34	35	
15	42	21	22	33	
16	49	32	34	38	
17	14	24	29	30	34	36	
18	49	29	34	37	40	
19	32	29	31	32	
20	32	27	30	34	37	39	41	
21	32	30	33	37	
22	39	41	42	46	
23	38	43	44	46	47	48	
24	17	
25	19	44	47	49	
26	24	36	37	42	45	46	
27	41	30	40	41	47	
28	13	32	36	
29	28	36	44	55	
30	12	36	37	44	
31	12	42	51	53	55	
32	18	41	43	48	49	52	54	
33	19	49	
34	21	38	52	54	
35	10	52	
36	21	43	46	50	56	
37	25	45	50	
38	47	46	52	
39	16	46	47	
40	32	47	60	
41	10	49	55	58	60	
42	47	60	
43	35	55	64	
44	49	
45	16	52	63	65	69	
46	19	59	60	64	
47	19	54	57	67	
48	14	
49	42	57	64	69	
50	23	54	55	56	64	
51	29	58	66	68	69	70	76	
52	18	61	62	65	67	70	
53	35	57	59	61	69	72	
54	28	57	58	61	67	69	
55	21	69	75	
56	35	65	67	79	
57	44	67	74	75	78	
58	33	67	78	
59	22	72	75	77	
60	33	65	75	
61	28	65	69	72	75	77	
62	36	65	78	79	
63	46	73	74	79	
64	23	72	
65	21	70	71	74	
66	11	70	74	
67	25	70	79	
68	49	71	77	
69	30	72	78	
70	18	
71	48	
72	36	78	
73	30	77	
74	13	77	
75	48	78	
76	16	
77	31	
78	39	
79	18	
