node	size	children
0	24	10	12	13	18	20	24	
1	12	8	10	11	12	16	18	
2	48	8	10	11	12	13	15	16	17	21	
3	37	8	9	19	21	23	
4	20	8	9	10	11	12	
5	35	7	8	9	11	12	16	
6	38	9	12	16	
7	23	
8	46	23	29	32	
9	17	18	20	22	24	30	
10	18	22	23	27	30	
11	43	18	22	27	
12	46	14	18	20	26	29	
13	12	18	
14	33	20	26	30	34	36	
15	17	32	35	38	
16	31	22	24	
17	48	21	35	
18	20	31	
19	25	20	21	33	
20	38	27	33	39	40	41	45	
21	35	33	35	37	38	41	42	
22	24	28	31	33	37	39	43	
23	22	25	36	38	
24	49	33	36	44	45	
25	31	42	47	48	49	50	
26	49	34	35	
27	31	34	41	
28	34	
29	15	37	
30	18	34	40	51	
31	39	33	34	39	40	43	46	50	
32	11	43	46	50	51	
33	28	48	
34	34	44	53	
35	40	49	54	56	
36	38	40	50	51	57	58	
37	48	54	57	
38	46	40	48	58	
39	21	52	54	58	61	
40	49	52	63	
41	32	46	57	
42	47	51	54	58	65	
43	43	49	60	62	65	
44	45	48	60	62	65	
45	30	52	62	64	
46	48	59	64	67	72	
47	48	60	61	65	69	
48	18	52	53	55	56	66	69	71	
49	30	60	64	71	
50	46	54	55	61	64	66	75	
51	40	59	65	71	72	
52	11	66	69	79	
53	40	60	71	73	
54	36	67	68	70	
55	32	64	72	78	
56	34	60	
57	33	65	74	79	
58	19	79	
59	43	64	68	78	
60	41	67	71	78	79	
61	22	
62	26	67	69	76	78	79	
63	14	68	69	76	79	
64	37	
65	17	69	71	78	
66	43	74	
67	43	79	
68	45	
69	26	76	
70	15	
71	35	77	
72	35	76	77	
73	10	
74	16	77	
75	40	
76	31	
77	35	
78	26	
79	12	
