node	size	children
0	47	12	13	14	15	18	19	21	24	25	
1	33	11	12	16	18	19	
2	31	8	9	12	14	15	18	20	24	25	30	
3	28	8	9	10	11	13	14	15	18	23	24	30	
4	15	11	15	16	18	28	
5	44	9	10	11	14	18	23	24	
6	35	8	9	11	13	17	23	24	26	
7	27	11	14	16	19	20	23	
8	49	19	25	26	27	37	
9	22	19	23	37	
10	27	28	
11	38	22	24	25	35	
12	10	20	22	33	
13	39	19	20	22	26	30	
14	48	31	35	
15	10	19	29	30	36	
16	12	26	27	28	41	
17	36	
18	23	25	43	
19	31	25	26	
20	22	29	36	39	40	41	
21	45	28	32	37	39	
22	32	31	43	
23	22	25	28	38	43	
24	31	28	29	
25	12	40	42	48	53	
26	23	34	42	48	
27	30	45	48	
28	35	38	39	41	50	53	
29	36	38	42	45	47	49	50	
30	32	31	42	44	47	48	53	
31	43	40	45	55	59	
32	31	41	48	53	
33	49	44	46	53	56	
34	29	49	54	
35	11	41	50	55	
36	37	40	
37	12	42	50	51	59	
38	37	47	52	58	60	64	
39	33	49	55	60	
40	36	49	61	65	
41	24	44	58	
42	49	45	55	57	62	
43	38	46	52	55	61	62	
44	39	55	61	67	68	70	
45	12	56	58	59	68	
46	14	59	60	62	66	
47	14	73	
48	19	54	58	61	67	
49	34	54	61	68	
50	46	
51	32	54	58	64	
52	16	62	67	69	
53	14	64	68	
54	16	66	79	
55	18	63	64	69	71	76	
56	10	64	72	
57	21	60	
58	32	67	
59	48	75	79	
60	23	71	74	
61	47	70	71	75	76	
62	37	71	77	
63	28	68	71	78	
64	39	70	79	
65	23	67	76	79	
66	45	
67	13	
68	12	
69	22	75	77	
70	30	
71	43	75	
72	18	75	78	
73	44	
74	40	
75	41	
76	31	
77	12	
78	20	
79	26	
