node	size	children
0	24	7	11	14	16	19	23	
1	38	5	7	8	19	22	23	24	
2	28	5	7	10	11	13	20	21	23	24	
3	15	7	13	15	17	24	
4	12	6	9	11	12	13	
5	31	10	16	19	21	
6	15	12	14	15	19	21	25	30	
7	44	13	15	21	25	
8	28	12	20	22	25	28	
9	28	11	19	20	28	
10	46	18	19	21	30	32	33	36	
11	39	27	38	
12	26	21	38	
13	48	27	34	39	
14	16	23	24	25	29	30	33	34	
15	37	19	32	38	
16	13	30	32	
17	41	35	36	
18	27	34	36	42	46	49	
19	34	34	35	46	
20	45	30	31	36	37	39	42	43	45	47	
21	44	25	33	47	
22	46	30	33	42	47	48	
23	21	26	33	35	37	42	47	
24	22	46	48	
25	18	40	54	
26	37	38	39	40	43	50	54	
27	41	38	45	
28	19	34	37	39	46	52	53	
29	12	37	39	41	42	43	53	
30	23	34	35	37	39	40	41	45	47	
31	21	36	38	42	53	54	
32	24	43	44	47	
33	23	56	
34	19	47	54	
35	48	43	53	57	
36	30	42	45	59	
37	18	45	53	
38	30	43	49	50	
39	45	43	44	48	
40	29	47	49	58	59	
41	19	50	58	62	68	
42	15	65	
43	21	57	66	
44	19	64	
45	19	50	
46	16	50	52	54	63	65	67	
47	47	50	51	65	
48	18	50	58	60	
49	27	51	61	67	
50	25	64	65	66	69	71	
51	14	55	59	64	
52	45	69	71	
53	46	65	66	68	70	
54	30	67	68	72	
55	34	62	74	
56	38	62	63	
57	33	75	77	
58	31	66	
59	26	64	75	
60	42	62	64	70	75	
61	33	70	72	75	78	
62	30	76	78	
63	19	73	76	
64	11	76	79	
65	16	76	
66	30	70	77	
67	18	
68	32	70	
69	27	78	
70	32	
71	47	
72	48	77	
73	32	
74	38	77	
75	40	
76	41	
77	23	
78	22	
79	22	
