node	size	children
0	35	8	15	19	
1	19	12	13	14	15	18	19	22	23	
2	23	7	8	9	12	13	18	19	20	21	22	25	
3	44	7	12	14	17	18	19	20	27	
4	24	7	8	9	10	11	12	16	17	18	24	27	28	
5	32	8	9	12	14	15	17	19	20	22	23	25	30	
6	29	8	12	13	17	19	22	27	29	
7	41	20	22	31	
8	16	20	27	28	30	
9	46	
10	41	18	24	26	
11	21	22	24	
12	13	22	31	
13	45	17	25	32	
14	19	20	21	24	29	35	
15	45	19	20	34	
16	39	19	20	23	25	27	29	35	
17	36	25	26	34	38	39	40	41	
18	48	31	43	
19	38	29	
20	24	39	
21	34	27	29	41	43	
22	39	25	30	41	44	
23	19	40	43	
24	34	25	30	34	
25	18	33	36	38	39	40	42	44	
26	28	37	40	44	50	
27	24	31	36	39	42	43	
28	21	42	43	46	47	
29	16	31	34	41	42	43	44	48	51	
30	39	36	42	
31	47	
32	49	43	54	
33	45	
34	19	54	55	58	
35	46	48	53	55	
36	11	39	
37	31	41	48	50	54	
38	24	44	49	58	
39	18	61	62	
40	16	62	
41	10	52	53	58	60	
42	27	46	49	51	52	62	
43	27	45	46	47	58	61	
44	40	46	63	
45	17	52	56	58	70	
46	30	52	53	55	56	70	
47	38	53	56	59	60	
48	18	56	57	61	
49	41	60	70	
50	20	55	56	58	60	66	
51	28	53	
52	23	61	68	71	75	
53	41	74	75	
54	26	71	76	
55	38	69	75	79	
56	19	61	73	
57	36	60	
58	23	61	67	68	70	76	
59	28	64	65	68	71	73	
60	12	64	
61	14	68	73	74	
62	25	72	77	
63	46	76	
64	29	72	73	76	
65	33	75	78	
66	27	
67	45	
68	49	77	
69	31	75	
70	25	79	
71	23	
72	22	
73	12	
74	30	
75	28	
76	37	
77	19	
78	12	
79	37	
