node	size	children
0	43	8	10	12	14	16	17	18	21	23	
1	47	8	9	10	12	13	15	16	19	24	
2	22	10	12	13	16	19	22	26	
3	36	7	8	10	11	14	15	16	19	25	
4	46	7	8	10	13	15	19	25	
5	17	7	12	15	16	21	24	25	
6	14	7	10	12	14	15	19	23	
7	39	26	27	
8	31	14	17	22	23	25	30	
9	28	14	23	32	
10	12	18	27	28	29	35	
11	38	15	17	28	
12	31	18	20	27	29	34	
13	18	18	33	
14	12	21	33	35	38	39	
15	44	22	30	
16	30	21	30	37	
17	27	40	
18	15	35	
19	19	40	
20	46	30	33	34	35	43	
21	25	31	39	41	45	46	
22	36	36	38	39	49	
23	37	29	38	39	48	
24	46	27	29	
25	42	27	42	43	44	
26	10	27	30	35	36	
27	32	36	
28	32	36	48	54	
29	36	39	
30	25	48	49	
31	29	52	55	
32	23	36	52	55	
33	26	36	38	41	47	49	55	
34	11	37	46	
35	25	38	39	42	56	
36	43	43	46	50	51	54	55	58	62	
37	11	41	42	46	53	54	57	61	63	
38	15	41	45	54	56	58	60	61	
39	41	43	45	50	56	61	
40	11	
41	13	57	58	65	67	
42	11	54	57	64	
43	25	53	64	
44	43	50	
45	48	55	65	66	67	
46	11	53	55	67	
47	29	61	
48	31	58	60	65	
49	41	68	69	70	
50	13	61	71	73	
51	10	63	69	76	
52	22	57	58	59	60	74	75	
53	40	60	61	
54	23	60	62	65	73	
55	44	59	77	
56	14	72	73	
57	28	71	79	
58	36	65	74	77	
59	43	72	
60	14	67	69	71	73	77	
61	28	70	78	79	
62	47	65	77	
63	20	67	
64	27	
65	41	71	73	
66	40	71	74	76	
67	16	71	74	
68	39	78	
69	37	
70	49	
71	27	
72	14	
73	32	
74	44	
75	29	
76	28	
77	28	
78	45	
79	48	
