node	size	children
0	40	6	7	8	9	10	11	13	14	18	23	25	26	
1	24	6	7	8	10	12	13	16	18	22	23	24	
2	45	7	12	14	17	18	23	24	26	
3	14	7	9	13	14	16	18	27	
4	12	8	11	12	15	21	27	
5	20	6	7	13	20	21	25	
6	14	14	18	
7	36	14	18	
8	16	24	27	30	35	
9	29	30	33	
10	48	18	
11	20	20	21	35	
12	41	29	33	
13	12	25	30	
14	22	19	21	28	31	41	
15	48	33	40	
16	24	22	25	28	34	41	
17	18	22	26	27	28	32	35	41	
18	24	20	24	28	
19	28	46	49	
20	37	28	33	46	
21	13	37	
22	33	40	
23	43	40	43	50	
24	36	36	49	
25	37	33	35	
26	35	29	30	33	44	45	46	
27	45	33	40	41	46	48	
28	26	42	50	51	
29	10	48	50	54	
30	23	37	45	56	
31	19	37	46	49	51	52	
32	11	44	46	51	52	
33	49	36	38	39	53	
34	48	39	40	47	
35	31	36	40	48	56	
36	32	47	56	64	
37	26	43	58	61	
38	18	51	58	60	63	
39	10	60	63	66	
40	31	48	49	60	63	
41	21	45	48	57	58	59	60	63	64	
42	15	45	47	49	51	56	57	
43	36	52	64	
44	23	55	
45	38	53	68	
46	38	57	59	68	
47	32	59	63	67	69	
48	21	51	60	64	67	
49	25	54	69	
50	41	56	
51	27	60	75	
52	19	65	68	72	
53	32	61	68	70	72	74	77	
54	22	58	59	61	64	74	
55	26	59	61	65	67	68	
56	14	63	67	68	74	75	76	
57	34	61	62	
58	42	68	
59	21	
60	37	71	
61	29	77	
62	10	
63	41	68	77	
64	16	
65	19	67	
66	21	67	71	
67	39	
68	18	76	
69	31	73	76	
70	45	72	76	77	79	
71	40	
72	11	
73	38	
74	24	
75	18	78	
76	26	78	
77	31	
78	26	
79	49	
