node	size	children
0	17	11	14	15	19	21	
1	13	8	11	14	18	
2	31	8	11	13	23	28	
3	24	9	11	13	15	19	24	25	29	
4	40	8	11	13	14	15	20	22	26	
5	21	10	11	13	
6	44	8	11	13	14	16	18	23	25	27	
7	33	8	12	16	17	23	28	
8	32	25	32	
9	29	15	23	27	36	37	
10	27	17	35	
11	36	28	
12	14	15	19	25	28	33	34	
13	21	16	21	28	29	33	37	
14	13	16	17	25	27	28	31	33	
15	38	34	41	
16	39	28	42	
17	18	26	28	
18	12	34	39	
19	30	34	
20	41	34	38	41	
21	20	30	41	
22	41	35	
23	27	35	
24	42	34	40	43	46	
25	19	35	40	
26	21	32	
27	20	32	33	49	
28	15	35	41	
29	42	36	
30	38	44	45	47	
31	42	33	34	
32	31	46	51	59	
33	22	48	51	56	57	59	
34	10	44	46	57	58	59	
35	32	47	54	57	
36	29	39	46	58	
37	11	42	50	52	59	
38	42	48	54	55	60	61	64	
39	31	44	55	58	62	63	
40	30	45	46	47	48	58	60	62	63	65	
41	33	47	48	58	61	62	63	64	
42	22	48	59	63	64	
43	49	55	59	60	61	
44	20	56	65	73	
45	23	54	63	65	73	
46	24	68	70	71	
47	37	53	65	69	70	
48	49	56	73	
49	38	51	61	72	
50	49	54	61	63	64	67	68	70	
51	40	66	75	
52	46	61	64	66	
53	13	61	64	65	67	
54	47	75	78	
55	37	65	78	
56	15	62	63	71	73	77	78	
57	10	75	
58	32	70	79	
59	47	62	63	64	69	74	
60	41	66	72	75	
61	32	68	72	75	78	79	
62	49	69	75	78	
63	36	67	72	78	
64	22	70	
65	36	66	
66	26	
67	20	
68	13	74	
69	36	
70	44	75	76	
71	37	74	
72	34	
73	28	
74	31	
75	13	
76	33	
77	45	
78	26	
79	49	
