node	size	children
0	44	9	10	26	
1	46	9	10	26	
2	34	9	14	15	21	
3	48	9	
4	45	9	10	12	19	
5	25	10	11	14	19	26	
6	14	9	10	13	21	22	24	26	
7	25	10	13	16	19	
8	36	10	12	16	20	21	
9	26	23	25	
10	13	17	23	24	25	29	36	
11	16	14	18	24	25	28	30	36	
12	19	15	18	19	21	23	25	28	31	34	35	
13	31	15	18	25	28	34	
14	38	24	25	26	29	39	
15	10	24	26	42	
16	20	24	26	31	40	41	
17	37	40	
18	12	28	
19	39	
20	22	25	31	
21	46	24	
22	16	27	28	30	33	35	
23	22	25	33	35	
24	31	34	35	47	48	52	
25	39	30	31	35	40	42	43	47	52	
26	45	42	43	49	52	
27	48	43	
28	14	32	33	40	50	
29	41	47	49	50	
30	10	37	38	39	43	44	48	57	60	61	
31	40	43	47	52	57	58	
32	12	49	55	58	61	
33	43	37	42	50	
34	38	59	
35	34	42	
36	21	38	40	45	60	
37	24	50	64	
38	37	63	68	
39	20	46	48	57	
40	44	49	52	56	57	58	66	
41	29	45	48	61	
42	47	53	
43	19	48	51	63	
44	21	54	55	56	
45	39	56	58	60	66	70	75	
46	42	66	67	68	70	71	
47	27	53	58	66	71	
48	44	55	60	75	
49	36	58	64	70	
50	38	57	62	71	72	
51	39	57	67	
52	20	56	57	58	73	
53	46	62	68	69	
54	30	62	66	71	75	
55	37	62	64	66	
56	16	62	66	79	
57	16	76	
58	46	62	65	74	75	
59	11	72	76	78	
60	30	71	72	75	
61	45	69	74	77	
62	36	72	76	
63	33	
64	20	78	
65	30	70	
66	23	74	79	
67	21	
68	45	74	75	
69	19	71	75	
70	37	79	
71	18	
72	18	79	
73	36	79	
74	29	
75	21	77	
76	38	
77	37	
78	39	
79	20	
