node	size	children
0	32	6	7	8	9	14	
1	39	5	6	7	8	13	15	16	21	23	
2	27	5	8	11	13	16	
3	47	5	6	8	10	12	13	14	15	17	22	
4	28	9	13	15	16	20	24	
5	30	19	
6	24	19	31	
7	46	25	
8	12	16	22	
9	46	
10	26	26	
11	20	18	22	31	
12	32	21	23	25	27	29	
13	34	23	31	35	39	
14	38	18	20	23	25	29	30	38	
15	10	25	30	33	34	35	38	40	41	
16	24	17	20	22	25	26	28	33	34	36	
17	37	25	30	42	
18	22	25	27	42	
19	48	27	32	38	39	42	43	
20	19	27	37	38	43	
21	11	27	35	37	41	42	
22	30	29	31	
23	10	35	
24	26	32	37	42	
25	43	39	
26	48	43	50	
27	38	41	43	44	45	
28	32	33	40	44	
29	47	40	43	47	
30	15	37	38	40	
31	39	33	39	41	48	
32	28	39	43	44	54	
33	44	46	58	
34	37	43	47	55	
35	12	42	49	54	55	
36	18	
37	40	44	52	
38	42	55	56	
39	42	43	44	58	
40	30	52	57	
41	25	45	58	
42	18	55	58	61	63	
43	13	51	53	54	56	61	63	64	
44	42	48	56	59	63	
45	49	49	56	58	63	
46	29	48	54	59	64	
47	38	54	55	61	
48	29	56	62	64	70	
49	43	55	65	71	
50	27	65	66	75	
51	17	71	
52	10	59	61	70	
53	25	73	
54	31	59	66	71	
55	49	70	75	77	
56	13	60	65	66	67	69	71	74	75	
57	40	65	77	79	
58	39	70	77	
59	48	60	67	72	73	79	
60	24	71	76	77	
61	20	68	
62	34	73	74	75	
63	45	73	
64	26	
65	19	71	
66	33	69	77	79	
67	14	
68	38	79	
69	11	78	
70	40	
71	26	
72	19	
73	49	79	
74	38	77	
75	32	79	
76	49	
77	27	
78	23	
79	30	
