node	size	children
0	11	10	12	24	26	
1	12	9	19	25	26	28	30	
2	30	9	10	20	27	
3	32	10	11	12	13	16	26	
4	37	9	13	14	15	26	27	
5	14	10	13	16	18	22	23	26	28	29	
6	17	15	23	
7	41	12	13	20	21	22	27	30	
8	21	9	21	28	30	
9	45	
10	22	25	29	35	
11	28	16	24	25	26	29	36	
12	46	15	16	17	18	19	20	22	29	34	36	
13	13	22	31	
14	20	22	30	33	
15	42	28	38	
16	14	25	26	27	
17	29	25	40	41	
18	25	33	
19	21	25	34	35	
20	30	28	29	30	32	38	
21	14	40	
22	42	28	29	40	
23	24	33	35	42	
24	13	
25	18	44	45	
26	46	34	42	
27	26	34	43	
28	30	33	
29	23	
30	47	40	42	
31	20	50	54	
32	21	39	42	46	
33	49	37	38	41	45	47	49	
34	48	37	38	44	52	
35	13	42	48	53	
36	26	45	
37	23	54	56	57	59	
38	33	52	61	
39	33	48	49	53	60	61	
40	38	45	48	51	63	
41	24	44	57	61	
42	34	47	49	
43	40	52	58	64	67	69	70	
44	44	58	60	63	68	69	72	
45	10	48	52	62	66	68	69	70	71	
46	26	56	59	66	69	71	
47	42	59	61	63	69	
48	32	58	61	77	
49	36	63	64	67	73	77	
50	43	55	58	69	77	78	
51	39	57	58	77	78	
52	14	67	74	77	78	
53	21	58	66	71	75	
54	47	56	57	59	69	72	77	79	
55	25	79	
56	11	66	72	79	
57	32	66	70	
58	49	66	75	79	
59	23	67	68	
60	32	66	67	75	78	
61	16	73	
62	37	65	74	77	
63	48	66	71	76	
64	11	
65	10	
66	29	75	
67	42	75	
68	12	75	79	
69	12	75	
70	35	74	75	
71	33	77	
72	20	74	
73	12	
74	35	
75	35	
76	18	
77	31	
78	34	
79	17	
