node	size	children
0	49	9	12	16	17	19	21	23	24	25	27	
1	41	12	14	18	19	23	24	29	
2	33	9	10	19	33	
3	16	9	10	12	13	16	19	20	23	24	
4	22	9	16	19	23	
5	36	9	10	11	12	16	18	19	25	32	
6	23	9	12	13	15	16	21	23	24	
7	40	9	10	16	17	19	22	25	31	33	
8	47	14	18	23	24	28	
9	44	20	27	
10	19	36	
11	43	41	
12	39	20	21	27	29	39	40	
13	32	23	31	
14	19	21	
15	10	26	35	37	
16	35	31	32	35	40	
17	22	21	24	
18	38	24	26	28	41	
19	29	28	30	36	37	
20	18	34	38	40	44	46	48	
21	34	44	
22	25	28	34	44	
23	40	28	38	
24	37	26	32	35	37	38	39	46	
25	23	30	33	39	45	
26	32	38	49	51	
27	30	40	48	
28	23	40	43	
29	43	35	43	
30	35	35	
31	40	37	48	
32	29	37	50	
33	11	44	47	53	
34	39	35	46	47	55	
35	24	46	60	65	
36	20	42	43	46	62	
37	38	58	
38	12	42	43	61	
39	40	50	58	63	64	
40	35	42	43	51	56	62	
41	17	47	60	62	
42	28	49	50	54	57	58	63	70	
43	24	49	53	56	57	61	63	64	70	
44	44	49	52	54	64	70	
45	38	65	71	
46	42	63	
47	48	55	56	57	62	
48	49	50	53	61	67	68	69	71	
49	38	58	59	62	71	72	74	
50	23	60	80	
51	22	61	62	68	73	80	
52	26	68	72	
53	27	61	68	72	73	76	
54	49	71	75	
55	17	59	64	67	72	78	79	80	
56	31	61	66	
57	27	
58	46	
59	28	74	79	
60	14	74	
61	34	69	
62	42	74	80	
63	18	70	76	81	84	
64	47	71	72	
65	43	77	78	
66	22	70	71	76	
67	32	82	
68	12	
69	17	75	78	83	84	
70	36	76	78	80	
71	22	78	84	
72	28	75	77	
73	45	75	76	
74	22	76	
75	18	82	
76	47	
77	43	
78	39	82	84	
79	11	82	84	
80	36	
81	42	82	
82	47	
83	32	
84	28	
