node	size	children
0	19	10	21	23	
1	17	7	10	14	19	21	29	31	
2	17	10	11	13	16	17	19	26	30	
3	29	8	9	13	15	20	21	23	30	
4	22	7	8	10	14	19	22	23	26	32	
5	41	10	13	14	15	17	24	
6	43	11	12	14	19	22	25	
7	18	18	27	29	32	
8	45	16	17	19	27	35	40	
9	14	24	34	40	
10	34	23	37	39	41	
11	33	23	26	27	34	35	38	40	
12	24	20	29	33	
13	39	17	20	25	31	38	
14	24	19	32	
15	43	20	26	32	35	38	
16	17	26	28	42	
17	48	25	29	35	39	40	
18	43	31	39	40	
19	40	32	38	
20	44	29	30	32	38	39	49	
21	41	
22	49	25	29	37	47	48	
23	11	37	43	44	49	
24	30	34	35	36	39	47	50	56	
25	23	56	
26	18	38	43	48	50	55	59	
27	25	34	50	
28	12	53	57	
29	40	37	44	
30	13	38	
31	36	54	
32	24	45	46	56	
33	18	35	37	
34	19	54	56	
35	33	42	45	48	
36	27	51	55	58	
37	28	48	49	63	
38	48	42	48	62	63	
39	40	51	52	54	65	
40	23	50	52	63	
41	45	45	52	56	59	63	
42	23	52	53	59	66	73	
43	15	52	55	65	68	
44	16	52	57	58	60	62	
45	44	59	63	65	73	
46	41	52	58	
47	22	53	
48	27	54	66	68	
49	20	53	54	61	62	70	
50	14	53	55	58	71	73	
51	41	
52	35	62	63	76	
53	15	78	80	
54	16	
55	25	62	67	
56	26	63	65	68	69	82	
57	29	65	70	79	
58	40	62	66	75	77	82	
59	25	77	79	81	
60	46	64	75	76	81	
61	41	76	80	
62	18	69	72	79	84	
63	43	72	
64	13	70	79	
65	12	82	
66	48	69	76	78	84	
67	21	69	70	71	72	74	
68	48	
69	10	78	79	80	83	
70	32	
71	21	78	80	
72	18	81	
73	37	
74	17	
75	42	
76	32	
77	28	
78	19	
79	16	
80	14	
81	32	
82	49	
83	38	
84	45	
