node	size	children
0	19	9	12	17	22	
1	25	10	12	16	18	19	23	24	25	29	
2	14	9	10	11	12	14	15	19	21	22	25	32	34	
3	19	8	9	15	21	23	26	32	36	
4	32	14	15	21	29	36	
5	24	8	13	14	16	17	23	25	26	31	33	35	
6	23	9	12	13	21	22	25	29	31	
7	48	9	11	19	25	29	
8	41	18	19	21	23	42	
9	29	31	37	40	
10	22	
11	47	23	30	33	
12	49	26	38	39	43	
13	39	20	24	29	30	37	42	
14	46	18	19	28	41	43	
15	32	19	24	28	32	37	
16	38	24	31	35	42	
17	33	
18	45	
19	48	27	28	36	42	
20	15	30	36	38	
21	10	34	42	50	
22	48	35	39	50	
23	25	30	36	43	45	
24	43	28	29	43	45	
25	11	34	40	
26	14	35	
27	30	38	40	46	
28	45	38	45	46	48	53	
29	19	38	49	
30	34	37	43	46	49	52	57	
31	30	42	44	55	57	
32	37	41	55	
33	34	42	43	55	
34	25	43	56	
35	33	
36	28	47	48	50	
37	15	55	62	66	
38	40	45	46	55	61	62	66	
39	26	45	51	53	61	63	
40	35	55	65	
41	36	54	56	64	67	
42	31	47	48	49	58	
43	32	62	64	
44	22	52	54	58	
45	33	53	58	60	62	64	70	
46	11	56	64	66	70	74	
47	15	64	
48	19	54	59	61	75	
49	32	62	64	
50	28	57	58	67	70	74	
51	11	57	71	
52	18	69	71	
53	28	64	84	
54	46	72	76	
55	24	78	
56	32	66	
57	24	66	77	82	
58	15	
59	43	68	70	75	
60	19	69	77	
61	21	69	80	82	
62	37	
63	14	69	78	
64	49	74	83	
65	45	72	
66	37	75	76	77	
67	19	73	79	80	82	
68	14	72	74	75	79	80	
69	37	78	
70	45	
71	47	76	77	80	83	84	
72	31	79	81	83	
73	12	
74	23	79	81	
75	28	78	79	83	
76	39	
77	41	
78	25	
79	15	
80	19	
81	38	
82	25	
83	14	
84	33	
