node	size	children
0	43	15	20	27	
1	16	8	10	11	13	14	16	22	
2	19	14	21	28	
3	21	10	11	13	16	19	21	
4	11	15	20	21	
5	20	9	12	14	15	18	22	25	29	
6	44	9	10	12	13	15	17	19	29	
7	48	9	10	11	12	20	22	
8	27	17	19	20	
9	34	28	
10	27	19	
11	40	20	28	
12	21	32	34	36	
13	31	26	27	
14	44	24	29	31	33	
15	21	17	21	27	29	33	34	
16	36	23	30	35	38	
17	28	30	32	38	41	47	
18	49	41	44	
19	46	30	36	37	44	
20	40	25	26	27	33	39	
21	29	36	44	47	
22	25	36	44	45	
23	22	33	37	49	
24	42	32	36	38	39	40	42	43	50	54	
25	14	37	
26	22	
27	12	30	33	34	42	45	51	
28	48	34	41	
29	23	35	41	49	53	
30	41	51	62	65	
31	22	47	59	61	
32	17	42	44	50	61	63	
33	22	48	56	57	
34	34	39	57	59	
35	27	39	42	44	46	50	
36	48	39	42	
37	20	39	40	41	47	52	60	
38	43	41	47	50	52	58	
39	33	51	52	54	56	58	64	65	70	73	
40	12	52	59	67	73	
41	35	58	70	71	
42	15	52	54	57	58	60	63	67	
43	27	55	57	61	63	71	
44	34	56	59	
45	18	64	65	69	
46	27	61	66	71	
47	24	52	60	64	70	
48	16	64	69	
49	30	57	64	66	69	
50	17	60	69	75	
51	23	60	66	71	79	
52	11	63	64	70	82	
53	49	56	63	72	75	
54	14	59	70	
55	20	80	
56	18	67	72	76	78	
57	12	68	71	73	78	
58	23	66	68	72	73	
59	15	66	68	73	
60	24	73	74	77	
61	48	69	
62	33	72	74	79	80	82	
63	42	80	81	
64	11	67	71	73	81	83	
65	40	67	69	71	78	79	84	
66	47	75	79	80	
67	20	80	83	
68	18	75	77	
69	34	
70	15	79	81	
71	11	77	
72	13	
73	46	
74	47	
75	46	
76	18	
77	32	
78	38	83	
79	17	
80	40	
81	31	
82	18	
83	49	
84	38	
