node	size	children
0	17	9	12	15	17	21	25	28	
1	22	9	10	11	12	14	16	17	18	19	23	26	
2	16	10	11	13	18	19	25	
3	35	18	20	28	
4	22	8	10	15	16	19	21	26	27	
5	35	10	16	21	
6	39	11	17	21	29	31	
7	48	9	15	22	28	
8	12	23	28	34	
9	13	17	19	21	29	33	38	
10	40	18	32	33	37	
11	48	17	19	29	
12	14	18	30	
13	32	20	
14	40	16	25	27	35	
15	32	40	
16	27	45	
17	23	35	
18	28	24	29	35	47	
19	46	27	
20	40	26	30	31	38	42	47	
21	38	31	37	40	43	
22	44	25	40	
23	43	
24	15	39	43	46	56	
25	27	35	37	41	46	53	54	
26	23	41	44	
27	24	33	36	50	53	57	
28	30	35	55	57	
29	32	33	39	49	57	
30	48	
31	19	39	49	51	
32	13	54	55	56	62	64	
33	13	52	
34	17	44	48	49	60	67	
35	31	51	55	57	59	64	65	
36	28	50	66	
37	29	43	44	52	55	
38	32	43	54	58	60	62	63	
39	28	48	51	52	64	66	73	
40	42	52	53	63	64	65	66	
41	23	56	57	67	76	
42	17	56	67	69	75	
43	27	54	55	60	70	76	77	
44	27	55	56	57	62	
45	42	48	50	51	59	60	62	75	76	
46	21	56	58	62	67	68	69	71	75	
47	14	49	58	62	71	76	
48	45	59	64	66	72	78	83	84	
49	41	64	68	73	78	83	
50	24	69	70	71	73	78	81	
51	34	69	
52	11	66	76	80	81	82	
53	24	60	63	79	
54	31	58	68	
55	36	58	60	64	65	66	75	80	
56	26	68	82	
57	49	61	
58	45	71	83	
59	23	71	78	
60	20	68	70	71	74	
61	12	71	74	
62	14	82	
63	28	78	82	
64	17	68	76	79	81	
65	22	72	78	82	83	
66	17	82	83	
67	46	81	82	
68	27	83	
69	13	
70	45	
71	47	81	
72	10	
73	10	
74	33	79	
75	36	
76	18	
77	20	
78	43	
79	36	
80	40	
81	25	
82	37	
83	31	
84	29	
