node	size	children
0	42	9	10	12	14	15	27	
1	49	9	11	14	17	23	26	29	
2	28	10	11	15	16	17	18	23	26	34	
3	49	9	11	15	16	17	18	23	
4	47	9	11	14	23	24	
5	18	9	14	17	19	21	22	23	
6	16	13	19	20	22	
7	33	11	16	19	21	29	
8	15	9	11	12	13	15	17	18	20	22	23	
9	22	32	
10	28	19	22	24	33	34	36	
11	40	25	29	39	
12	37	
13	17	29	31	32	
14	43	29	39	
15	20	29	
16	10	32	35	
17	10	18	24	32	
18	26	46	
19	25	27	31	39	46	
20	45	36	
21	42	38	43	44	48	
22	46	30	38	
23	42	27	39	44	46	
24	43	34	
25	44	29	35	
26	33	28	44	
27	42	37	
28	23	35	36	44	
29	31	38	44	
30	27	35	51	53	
31	20	36	40	55	
32	40	36	
33	34	37	41	55	
34	22	37	42	54	
35	23	48	51	55	59	61	
36	29	55	56	61	
37	25	46	48	52	57	
38	26	42	43	58	62	
39	46	45	46	47	51	52	59	62	
40	33	43	50	51	53	57	
41	36	47	48	54	
42	47	61	62	
43	18	50	60	63	
44	34	53	60	
45	28	49	69	
46	36	68	
47	42	52	53	58	59	61	66	68	
48	17	49	55	
49	43	57	70	81	
50	41	67	76	81	
51	20	56	57	60	66	75	
52	21	76	79	82	
53	10	58	74	80	
54	37	56	61	64	68	71	74	
55	42	57	58	71	72	73	76	82	
56	45	71	78	84	
57	31	76	84	
58	46	80	81	82	
59	43	72	73	80	84	
60	32	68	77	
61	23	74	75	79	
62	41	71	76	80	84	
63	23	65	68	78	81	
64	35	77	84	
65	22	82	83	
66	22	
67	40	76	81	
68	34	75	
69	45	73	81	
70	23	78	82	83	
71	28	78	79	82	
72	47	77	79	80	82	
73	34	
74	48	
75	20	84	
76	46	
77	22	
78	19	
79	48	
80	34	84	
81	19	
82	29	
83	43	
84	14	
