node	size	children
0	25	9	11	20	22	27	29	30	
1	38	7	14	17	18	20	22	24	26	27	30	32	
2	44	9	10	11	18	21	24	30	32	
3	43	7	8	9	11	12	19	22	23	29	31	
4	17	7	9	13	15	16	18	23	25	27	28	
5	49	7	10	12	16	18	21	24	25	27	
6	26	7	8	9	10	11	13	18	23	24	
7	48	20	35	
8	26	
9	45	28	29	30	37	
10	22	20	23	34	
11	29	15	19	23	24	25	30	32	34	37	
12	47	17	24	30	32	37	42	
13	46	16	28	31	32	
14	27	28	29	
15	31	26	30	40	49	
16	17	29	35	47	
17	49	35	47	50	
18	15	26	33	35	
19	41	34	35	37	42	
20	34	27	43	48	
21	10	27	29	39	
22	30	26	44	49	
23	45	26	28	43	
24	32	26	29	35	36	38	42	49	
25	40	48	53	
26	30	34	40	42	59	
27	12	54	
28	27	39	48	
29	38	40	48	60	
30	40	52	53	57	59	
31	47	35	37	38	48	51	59	
32	18	38	39	40	41	48	52	57	
33	30	56	
34	28	46	49	
35	19	47	58	62	64	
36	12	51	60	
37	22	45	
38	42	44	57	
39	43	63	
40	28	
41	41	43	54	60	
42	21	51	
43	26	53	59	62	66	69	72	74	
44	37	53	55	62	68	72	
45	20	54	74	
46	30	63	67	
47	26	54	65	67	70	75	
48	40	59	70	75	
49	45	
50	17	51	53	71	72	
51	29	65	75	77	83	
52	31	62	69	77	84	
53	24	62	
54	45	69	
55	34	77	79	
56	48	69	81	
57	21	77	79	
58	48	62	63	67	
59	24	61	62	63	66	77	79	81	83	
60	37	63	67	
61	23	71	79	80	
62	14	73	74	
63	46	
64	14	68	70	
65	35	
66	39	69	76	
67	25	70	71	75	
68	25	
69	14	79	
70	14	
71	16	84	
72	21	
73	10	78	80	
74	49	77	79	82	
75	27	79	
76	41	
77	33	
78	34	
79	14	
80	41	
81	44	
82	49	
83	14	
84	13	
