node	size	children
0	13	10	12	15	21	29	31	
1	49	12	14	16	24	29	31	
2	15	10	12	14	15	20	31	
3	41	9	12	13	23	28	29	34	
4	44	9	13	16	25	27	30	
5	28	9	12	14	19	22	25	27	31	
6	10	9	11	13	20	22	28	
7	25	9	12	13	15	22	
8	35	9	12	14	15	19	22	26	
9	22	32	35	42	
10	44	37	
11	29	21	23	27	33	42	
12	28	17	21	25	27	29	33	
13	23	21	26	33	35	38	40	
14	49	21	22	28	30	31	36	39	
15	29	24	32	38	
16	19	18	20	27	35	37	
17	12	28	31	43	44	
18	34	31	32	47	50	
19	38	27	32	44	46	
20	10	29	
21	44	32	35	42	43	45	
22	34	32	
23	12	45	
24	22	28	30	46	
25	17	40	48	
26	46	50	
27	20	42	
28	36	41	
29	13	36	45	48	54	
30	44	39	47	48	53	58	
31	19	39	45	56	
32	22	47	
33	11	42	46	
34	47	40	46	53	54	
35	28	
36	19	51	
37	11	49	52	54	58	67	
38	16	
39	33	50	51	56	64	
40	15	45	47	51	52	58	63	67	
41	32	43	53	54	65	
42	19	44	48	51	
43	21	51	56	75	
44	18	58	
45	47	61	65	74	75	
46	41	55	56	58	60	75	77	
47	12	55	68	
48	49	55	59	60	66	71	72	
49	24	57	59	61	
50	14	51	53	55	57	58	69	
51	20	59	65	67	71	81	
52	19	70	71	81	84	
53	10	63	67	68	71	76	78	81	84	
54	14	62	64	68	71	73	79	81	84	
55	47	60	64	78	82	83	
56	33	68	75	81	83	
57	44	62	63	71	78	80	
58	24	71	81	
59	30	76	84	
60	24	68	
61	22	73	74	75	
62	14	70	
63	46	79	80	
64	31	81	
65	31	72	73	75	
66	22	70	
67	44	68	80	
68	14	
69	46	79	
70	23	79	
71	35	
72	39	
73	12	79	80	84	
74	12	
75	43	83	84	
76	14	
77	15	
78	20	
79	46	
80	32	
81	21	
82	12	
83	38	
84	14	
