node	size	children
0	25	11	17	20	28	
1	17	11	16	17	19	20	
2	20	15	23	26	30	
3	27	11	13	16	17	18	23	26	35	
4	47	11	13	22	25	29	32	34	
5	47	10	13	23	25	27	
6	35	13	14	15	16	19	22	23	25	
7	48	13	18	19	23	24	27	
8	42	16	18	19	20	22	31	33	34	
9	14	12	15	17	20	32	
10	40	18	20	25	27	39	44	
11	12	26	39	41	44	
12	48	19	22	34	43	44	
13	28	28	29	33	
14	45	21	
15	14	18	35	37	44	
16	19	19	20	29	
17	20	21	25	27	33	
18	34	41	
19	15	28	
20	28	38	41	42	47	
21	27	27	28	
22	14	27	31	41	51	
23	21	35	
24	25	27	44	45	48	
25	40	36	37	47	48	49	52	
26	24	35	37	40	45	47	
27	48	39	41	54	61	
28	28	37	49	54	
29	35	37	38	55	
30	24	44	
31	24	51	
32	26	37	50	
33	41	47	55	60	
34	45	39	
35	38	37	46	53	55	59	
36	28	54	
37	38	50	53	57	61	64	66	70	
38	21	49	53	56	58	59	62	66	68	
39	46	54	66	
40	39	55	66	
41	24	59	60	64	70	
42	36	49	61	67	70	
43	12	50	67	
44	45	46	55	61	
45	19	65	
46	35	59	61	66	76	
47	16	54	58	76	
48	40	61	68	76	
49	24	60	63	64	68	72	
50	18	69	72	
51	11	54	55	62	64	
52	44	55	
53	16	64	71	77	
54	23	68	74	77	79	80	82	
55	26	76	78	
56	14	75	77	78	80	
57	10	68	75	84	
58	34	67	74	75	
59	49	63	72	74	75	79	81	
60	43	63	66	68	71	73	74	
61	34	63	71	74	75	76	77	
62	41	73	
63	24	77	78	
64	14	73	76	82	
65	10	80	
66	46	71	75	82	
67	16	71	75	82	
68	47	73	78	83	
69	41	71	73	79	
70	10	84	
71	31	83	
72	37	79	
73	43	83	
74	18	
75	24	
76	34	78	
77	24	81	82	
78	35	
79	37	
80	10	
81	38	
82	38	
83	41	
84	38	
