node	size	children
0	14	10	11	14	16	33	
1	10	10	11	16	17	23	37	
2	17	16	22	23	25	26	33	37	
3	19	13	16	17	19	21	25	
4	23	10	12	16	23	25	28	
5	33	12	13	14	16	17	18	28	29	
6	49	10	11	12	13	16	17	22	24	35	36	
7	36	10	12	13	15	17	20	23	27	
8	39	12	13	15	23	29	34	
9	35	10	15	17	28	30	34	
10	25	20	31	32	
11	47	
12	17	24	26	35	
13	39	35	38	
14	22	25	41	
15	15	21	23	34	40	
16	47	21	34	40	41	45	
17	45	23	25	26	28	30	34	39	40	
18	43	21	22	36	43	
19	25	29	41	
20	20	36	37	48	
21	26	45	
22	16	31	36	38	47	51	
23	48	30	
24	38	29	31	45	47	54	
25	16	41	
26	43	45	49	53	
27	26	31	34	35	36	
28	24	36	39	
29	25	50	61	62	
30	31	46	
31	30	38	55	
32	45	38	62	
33	41	38	42	53	63	
34	47	41	43	45	54	56	57	
35	13	44	47	48	59	
36	49	47	53	
37	26	38	50	51	52	55	
38	18	51	56	63	65	68	
39	27	47	50	58	65	
40	31	53	56	65	
41	22	56	60	61	69	70	
42	49	53	58	71	
43	44	52	53	58	68	
44	29	47	52	61	
45	39	
46	10	78	
47	22	56	58	72	75	
48	39	63	67	68	69	75	
49	21	62	70	71	77	78	
50	38	57	64	65	71	81	
51	28	63	64	69	77	
52	24	56	61	62	70	77	80	
53	18	57	61	63	74	
54	11	76	
55	33	61	63	66	68	
56	28	65	69	80	
57	44	66	68	80	84	
58	18	70	71	72	73	78	83	
59	17	66	68	79	
60	32	70	75	79	82	
61	34	75	81	
62	25	70	76	78	
63	45	66	79	84	
64	48	77	80	83	
65	26	
66	19	75	
67	14	
68	31	
69	39	77	
70	39	77	
71	38	79	80	82	
72	41	79	
73	37	82	
74	39	
75	37	
76	35	
77	20	
78	43	
79	11	84	
80	49	
81	37	
82	45	
83	31	
84	36	
