node	size	children
0	14	9	17	18	19	20	
1	36	9	13	15	18	20	25	
2	31	7	11	16	17	18	26	30	
3	21	7	9	10	12	13	14	16	17	18	19	20	21	22	24	
4	24	9	10	13	17	19	22	23	
5	12	7	10	13	17	29	
6	37	7	8	14	16	17	21	25	27	
7	47	30	
8	36	25	35	39	
9	38	28	39	
10	39	19	26	28	29	
11	18	24	25	35	
12	41	20	24	40	
13	26	28	35	36	40	
14	39	36	37	
15	46	16	19	24	25	27	
16	16	28	39	
17	22	35	39	40	43	
18	30	24	26	27	30	41	46	47	
19	26	27	34	41	43	
20	15	27	30	31	35	43	45	
21	15	28	43	
22	25	24	26	28	32	
23	10	30	32	47	
24	34	33	39	47	50	55	
25	36	32	47	54	55	
26	25	32	48	51	
27	37	31	34	46	
28	45	32	36	38	52	
29	31	
30	23	33	34	41	49	55	
31	33	45	49	52	
32	22	41	45	51	64	
33	48	41	45	58	
34	33	44	50	60	
35	46	43	45	62	
36	30	45	
37	10	47	51	
38	45	42	44	49	
39	13	42	54	62	
40	35	45	61	
41	45	71	
42	46	51	63	
43	38	50	53	56	57	66	70	
44	42	50	52	
45	19	49	52	72	
46	44	
47	23	49	72	
48	25	61	66	72	76	80	
49	22	56	57	67	73	75	
50	22	67	71	77	78	
51	29	60	66	67	
52	12	56	60	67	70	71	
53	12	60	62	66	
54	18	56	59	60	64	65	68	69	75	81	
55	45	71	75	
56	17	69	82	
57	23	78	
58	22	68	79	
59	44	70	82	
60	44	69	70	82	83	
61	45	74	
62	14	
63	18	69	72	77	78	80	
64	19	70	74	78	
65	35	75	81	83	
66	12	76	
67	11	74	76	81	82	
68	25	
69	21	74	78	83	84	
70	21	81	
71	37	73	
72	32	82	
73	35	84	
74	15	
75	11	
76	47	82	84	
77	34	84	
78	49	
79	11	
80	46	
81	30	83	
82	39	
83	37	
84	40	
