node	size	children
0	15	11	12	13	18	21	23	27	
1	37	11	12	25	
2	35	9	10	11	15	18	21	29	
3	42	7	8	10	11	12	18	19	20	25	29	
4	41	8	9	10	12	14	17	19	21	
5	44	8	10	12	16	20	21	23	
6	10	8	9	10	11	18	21	
7	41	19	20	
8	16	24	28	32	35	
9	10	18	19	
10	45	
11	26	16	22	27	
12	18	17	33	
13	49	16	17	31	34	
14	24	25	27	
15	15	19	28	
16	22	30	37	41	43	
17	25	35	41	42	
18	20	25	43	
19	36	32	42	44	
20	30	26	32	42	
21	13	27	
22	47	23	32	34	41	44	
23	42	38	42	44	47	
24	22	30	33	34	38	51	
25	10	33	37	45	46	51	53	55	
26	25	30	36	40	52	
27	18	32	33	34	39	40	45	47	48	53	
28	13	35	38	43	48	
29	11	37	38	42	
30	30	55	63	
31	37	39	40	43	46	48	63	
32	36	40	45	46	59	62	
33	40	41	43	56	58	
34	46	
35	18	44	57	
36	14	43	46	50	58	
37	39	60	61	
38	34	42	43	46	49	
39	38	51	53	54	59	64	66	71	
40	12	50	53	54	58	68	71	73	
41	36	50	51	68	70	72	
42	44	
43	46	51	62	73	
44	38	54	
45	15	53	56	63	70	73	
46	46	47	48	57	63	68	
47	16	71	74	
48	47	81	
49	13	56	59	81	
50	43	58	63	72	
51	12	56	59	60	61	67	
52	23	56	60	72	73	80	
53	41	60	71	72	79	
54	41	65	72	74	
55	45	63	67	73	
56	11	64	65	67	68	69	72	73	76	
57	16	66	68	74	77	79	83	
58	49	64	76	83	
59	10	75	84	
60	39	64	71	75	82	83	84	
61	16	76	
62	11	69	70	78	
63	49	69	74	
64	24	
65	27	78	
66	12	76	83	
67	29	
68	20	
69	38	83	
70	19	
71	15	
72	21	
73	11	76	84	
74	20	
75	36	
76	27	
77	32	
78	21	
79	27	
80	32	84	
81	34	
82	21	84	
83	26	
84	19	
