node	size	children
0	39	11	17	
1	35	9	13	16	17	19	20	26	
2	40	9	10	13	16	22	23	25	27	
3	13	10	11	13	27	
4	34	9	12	13	16	18	21	22	
5	38	12	13	15	16	24	31	
6	41	9	10	12	17	18	25	26	32	33	
7	23	11	12	13	15	28	
8	49	10	11	14	16	17	18	21	27	33	
9	22	19	28	
10	43	19	20	34	
11	13	18	20	26	28	
12	43	20	26	
13	13	20	21	33	36	38	40	
14	27	21	25	
15	46	18	21	22	29	30	31	39	
16	25	18	25	36	
17	19	28	
18	30	28	32	35	46	50	
19	30	29	36	43	45	
20	44	27	43	
21	26	26	34	36	41	
22	22	35	
23	45	36	46	
24	19	32	34	37	41	47	51	52	
25	42	34	41	44	
26	38	58	
27	22	34	44	59	61	
28	31	36	44	62	
29	28	44	48	49	50	59	
30	10	35	42	54	60	62	
31	24	42	48	49	51	52	57	59	
32	43	54	56	
33	18	34	35	39	41	47	52	53	60	
34	15	61	70	
35	33	45	61	62	65	69	70	
36	14	44	47	56	61	64	70	
37	23	44	55	56	
38	11	56	57	67	69	
39	29	52	55	56	57	59	69	
40	24	47	55	65	
41	37	53	55	56	
42	33	55	
43	15	53	62	69	72	
44	11	60	
45	44	54	64	
46	24	70	
47	30	59	70	
48	44	61	73	77	
49	42	55	65	66	73	76	77	
50	35	57	62	
51	36	53	57	61	72	76	
52	43	59	61	63	67	75	
53	16	63	65	78	80	81	
54	40	63	64	70	76	77	
55	31	63	65	76	
56	10	65	69	
57	42	66	
58	24	68	
59	36	72	
60	12	81	
61	30	79	81	
62	10	81	
63	40	
64	16	
65	27	71	73	83	
66	46	74	
67	29	71	79	
68	41	71	
69	35	72	73	84	
70	13	71	73	83	
71	38	79	
72	28	81	84	
73	14	
74	10	84	
75	49	
76	38	79	82	
77	23	
78	12	79	
79	39	
80	48	
81	18	
82	35	
83	14	
84	32	
