node	size	children
0	28	12	14	16	20	26	
1	19	11	17	18	19	20	21	22	24	25	
2	28	11	20	22	33	
3	44	10	12	13	18	25	
4	32	10	13	14	18	23	
5	11	10	12	14	15	16	18	23	28	
6	42	14	16	27	
7	40	16	27	29	
8	30	10	11	16	20	32	
9	27	10	14	16	24	26	28	
10	48	25	34	37	40	41	43	
11	33	27	31	37	43	
12	47	18	24	29	38	43	
13	11	19	21	26	
14	42	23	29	30	33	36	40	
15	12	22	25	
16	38	19	23	27	31	33	35	38	40	43	
17	42	25	28	29	37	40	44	45	49	50	53	
18	29	32	37	41	50	
19	29	37	44	47	48	
20	36	41	45	46	50	
21	47	27	38	41	
22	38	29	39	
23	45	38	
24	32	26	31	43	44	
25	47	38	41	49	56	
26	37	39	
27	49	36	39	
28	26	49	52	59	
29	41	44	49	56	57	
30	29	38	40	42	45	
31	36	35	38	
32	19	36	54	60	
33	11	40	43	44	45	57	
34	35	44	55	59	60	
35	20	51	53	54	56	63	68	
36	32	48	51	
37	18	44	47	51	52	60	
38	19	51	57	62	
39	43	47	49	51	55	56	60	
40	38	45	64	
41	28	48	52	53	69	
42	30	53	64	65	68	
43	28	52	62	
44	34	59	
45	34	56	57	58	60	79	
46	45	77	
47	38	75	
48	24	56	58	76	
49	30	54	72	73	
50	44	61	66	
51	29	69	75	76	
52	41	56	62	
53	18	68	69	75	
54	15	61	79	
55	31	64	73	79	
56	20	64	74	78	
57	31	67	70	73	80	83	
58	42	61	67	
59	30	63	82	83	
60	42	69	82	
61	18	73	77	
62	27	74	75	76	81	
63	10	75	
64	12	
65	35	72	81	
66	27	76	84	
67	45	71	77	81	82	
68	33	72	74	
69	14	74	84	
70	34	84	
71	26	81	
72	27	
73	27	
74	15	83	
75	38	81	82	
76	48	82	
77	43	
78	37	
79	32	81	
80	49	
81	34	
82	20	
83	25	
84	37	
