node	size	children
0	18	8	9	13	14	15	19	22	30	
1	35	8	12	13	14	30	
2	34	8	10	12	13	20	25	26	31	
3	21	8	9	12	13	14	18	20	
4	14	9	10	11	12	14	17	19	20	27	30	
5	29	7	9	11	14	16	21	25	
6	14	8	9	13	19	20	
7	26	22	25	40	
8	34	30	
9	39	21	30	32	37	
10	37	30	
11	19	21	22	25	34	37	41	
12	33	19	20	22	23	25	26	31	32	35	39	
13	44	18	21	25	28	31	
14	42	19	29	31	37	40	
15	20	33	36	37	43	45	
16	19	32	36	41	42	43	46	
17	40	
18	26	
19	22	34	39	42	43	47	
20	32	24	28	38	41	43	
21	32	45	
22	21	32	33	44	45	46	49	
23	43	38	45	49	
24	49	33	36	37	43	
25	38	34	43	
26	16	40	41	45	51	
27	11	36	47	48	
28	23	48	52	54	
29	32	42	44	46	48	55	
30	32	32	48	51	
31	39	35	39	40	41	42	43	
32	32	55	63	
33	30	44	48	62	67	
34	34	51	58	
35	20	55	58	
36	44	47	63	
37	25	42	44	
38	11	42	47	55	66	
39	46	49	51	62	
40	15	45	
41	49	61	
42	48	59	61	67	71	73	
43	44	59	67	
44	43	56	59	63	74	
45	34	65	74	
46	45	66	71	74	
47	37	57	71	
48	27	53	59	74	
49	34	50	51	67	71	
50	38	59	62	71	78	81	
51	33	61	62	68	74	77	81	
52	49	64	68	82	83	
53	39	68	75	82	83	
54	44	64	72	
55	16	60	69	75	79	
56	11	67	81	
57	23	59	67	70	81	
58	43	68	
59	40	68	72	
60	22	80	
61	20	
62	45	84	
63	24	82	
64	47	75	80	84	
65	18	74	78	
66	27	68	
67	45	74	
68	11	77	
69	12	78	82	
70	48	78	82	84	
71	13	
72	30	83	
73	30	76	78	79	
74	27	84	
75	17	
76	11	
77	21	
78	38	
79	14	
80	43	
81	16	
82	18	84	
83	34	
84	32	
