node	size	children
0	32	9	12	14	15	17	18	22	31	32	
1	43	11	12	13	15	22	25	
2	22	9	10	11	14	15	19	20	21	22	23	27	29	33	
3	20	9	10	12	14	17	21	28	29	
4	40	9	10	11	12	13	15	16	21	25	27	28	30	
5	35	9	10	13	16	18	21	25	26	27	28	
6	30	10	11	14	16	17	18	19	21	26	31	33	
7	44	9	11	13	14	15	18	19	22	26	
8	16	11	12	13	
9	16	
10	45	22	25	27	29	30	
11	44	28	29	36	
12	13	26	29	
13	26	29	31	39	
14	29	40	
15	37	21	24	33	37	39	
16	32	31	
17	49	28	30	40	41	47	
18	36	31	
19	39	40	
20	13	46	
21	38	28	37	38	43	45	
22	21	28	42	
23	33	27	34	39	40	41	42	
24	16	27	33	37	
25	25	30	32	33	47	
26	37	30	33	
27	42	37	40	
28	16	37	39	41	43	47	
29	31	46	47	
30	23	48	
31	12	35	38	
32	46	38	49	
33	10	43	
34	25	46	49	55	
35	13	44	62	63	
36	26	51	58	63	
37	25	
38	32	42	54	56	58	60	
39	23	42	59	60	
40	14	48	52	53	55	56	60	
41	22	49	61	66	
42	41	57	58	60	63	
43	25	54	65	
44	15	49	50	67	
45	38	68	
46	10	53	55	58	67	
47	22	49	52	62	71	
48	38	60	63	
49	21	56	60	63	69	76	
50	45	56	62	68	73	75	
51	36	56	62	65	71	
52	24	58	
53	20	56	73	75	78	
54	46	69	
55	10	67	68	71	77	
56	19	71	72	73	76	84	
57	37	65	69	71	80	
58	43	67	69	70	76	77	79	
59	44	77	
60	33	67	78	
61	13	73	84	
62	49	74	78	84	
63	49	64	74	77	
64	35	76	
65	37	75	76	
66	31	
67	47	75	
68	47	75	76	
69	38	73	81	
70	38	78	84	
71	15	73	79	
72	28	79	
73	42	81	82	83	
74	36	83	
75	18	
76	16	
77	25	80	83	
78	31	
79	21	
80	35	
81	17	
82	40	
83	38	
84	47	
