node	size	children
0	46	9	17	18	20	21	24	
1	40	9	10	13	14	17	19	25	26	28	
2	17	7	10	13	17	18	21	23	
3	47	11	28	
4	29	8	10	12	15	20	
5	39	10	11	12	17	20	21	26	29	
6	44	8	12	17	20	21	22	
7	40	22	23	24	29	
8	15	18	27	29	
9	29	20	24	30	
10	33	31	34	39	
11	20	31	34	
12	44	25	
13	24	20	23	
14	30	16	18	24	25	26	37	39	
15	46	25	27	28	29	32	33	47	
16	43	28	37	40	
17	46	32	
18	44	23	30	33	35	44	
19	43	33	35	
20	27	25	26	31	38	39	42	44	
21	15	36	37	41	43	47	
22	24	27	29	41	
23	29	43	44	47	52	53	
24	30	35	40	41	42	44	46	47	50	
25	31	35	38	43	46	51	53	
26	13	46	54	
27	46	30	31	45	48	
28	21	40	
29	19	35	38	40	48	
30	37	43	46	50	63	
31	12	48	50	60	62	
32	38	41	44	49	53	55	
33	39	54	55	60	64	
34	17	40	42	47	58	59	
35	28	42	43	47	62	64	
36	25	42	47	
37	43	50	
38	25	42	50	56	60	63	64	
39	21	42	55	63	
40	24	56	57	67	68	
41	13	49	72	
42	38	50	55	66	
43	11	54	55	61	72	
44	38	48	56	
45	48	54	61	63	66	68	70	
46	32	54	66	
47	44	58	
48	11	64	72	
49	42	
50	29	61	72	75	79	
51	33	63	75	80	
52	45	60	65	75	
53	29	62	74	78	79	
54	20	64	73	79	
55	22	60	63	66	72	75	
56	27	68	
57	46	68	78	
58	29	68	77	80	
59	27	66	71	80	82	
60	48	72	76	81	
61	45	66	70	75	
62	42	69	77	
63	34	68	83	
64	41	66	72	
65	11	74	80	81	
66	10	74	79	
67	36	82	84	
68	18	82	84	
69	13	77	84	
70	36	77	
71	13	79	
72	22	79	80	
73	26	82	
74	35	
75	28	
76	29	81	83	
77	32	81	82	83	
78	44	
79	10	
80	18	84	
81	25	
82	19	
83	38	
84	38	
