node	size	children
0	40	10	22	
1	48	9	10	11	13	14	15	16	18	20	28	
2	35	9	10	11	14	20	21	22	
3	46	9	10	12	13	14	20	23	24	27	
4	29	9	10	17	20	24	
5	42	10	14	15	16	20	
6	32	9	13	15	19	25	31	32	
7	21	11	17	25	31	
8	38	10	
9	37	25	27	36	
10	19	27	40	
11	46	20	32	37	
12	12	28	29	33	37	
13	40	29	
14	43	22	29	
15	10	29	38	
16	11	19	25	30	38	39	40	
17	44	21	26	
18	39	28	31	
19	34	31	
20	41	32	37	43	47	
21	44	38	40	41	
22	28	31	33	40	45	
23	40	35	41	46	
24	27	32	46	
25	27	27	31	36	
26	34	36	44	50	53	56	
27	23	33	36	53	
28	14	33	38	45	46	
29	44	34	35	46	47	52	
30	10	34	38	41	49	55	56	
31	23	33	35	36	48	50	54	
32	16	44	47	57	
33	39	45	62	63	
34	32	42	44	56	62	
35	39	63	
36	47	44	49	55	62	
37	35	47	51	55	60	
38	19	55	
39	27	41	47	58	
40	44	44	50	59	65	
41	39	51	52	56	57	
42	27	51	57	63	65	66	
43	36	51	56	57	61	62	63	
44	47	49	57	61	66	
45	19	52	54	58	61	65	67	
46	30	49	58	63	67	68	71	72	
47	11	50	62	
48	11	64	77	81	
49	34	60	67	69	77	78	
50	48	61	73	81	
51	22	
52	24	68	73	75	
53	46	68	70	77	81	
54	18	58	65	66	68	73	79	
55	16	65	73	79	
56	43	75	79	
57	31	69	72	
58	31	
59	10	
60	24	71	79	81	
61	22	66	68	69	77	80	
62	24	66	67	81	
63	15	69	74	
64	42	73	74	76	
65	27	67	69	76	80	82	
66	14	76	
67	42	82	
68	37	79	84	
69	14	80	
70	40	75	83	
71	45	
72	49	
73	17	76	
74	35	84	
75	43	
76	35	
77	42	
78	44	83	
79	35	83	
80	24	
81	22	84	
82	35	84	
83	42	
84	42	
