node	size	children
0	41	11	12	13	17	18	22	26	27	
1	20	9	13	14	15	17	18	21	22	23	
2	10	13	15	16	17	19	23	
3	39	9	10	13	14	16	20	21	23	28	
4	34	9	13	15	17	20	22	23	
5	47	9	10	11	14	15	22	26	32	
6	30	8	9	11	12	14	
7	13	10	11	20	23	30	
8	25	
9	16	33	39	40	
10	43	28	30	31	39	
11	18	24	39	
12	26	21	39	
13	43	19	20	32	33	37	
14	39	26	32	36	
15	23	21	29	40	
16	39	
17	44	38	39	40	42	
18	13	31	38	40	43	48	49	
19	38	26	28	33	35	38	43	45	
20	22	30	31	38	44	45	
21	45	24	25	32	37	44	
22	49	32	34	37	38	49	
23	47	38	46	
24	38	37	44	50	58	
25	28	35	47	
26	19	57	
27	17	35	58	
28	14	52	
29	44	35	44	45	54	59	
30	16	35	43	51	
31	12	35	37	38	45	48	56	
32	20	35	37	40	41	52	
33	12	36	53	
34	26	54	62	65	67	
35	41	43	48	60	66	
36	21	59	64	66	
37	41	44	53	58	65	
38	49	59	67	
39	17	50	58	66	67	
40	19	52	62	65	
41	38	59	75	
42	39	56	66	75	
43	28	58	
44	22	50	73	76	77	
45	41	67	
46	11	65	67	73	74	
47	49	62	71	
48	45	56	66	77	
49	15	50	54	55	58	61	
50	25	65	68	84	
51	27	61	66	
52	27	62	77	79	83	
53	30	61	78	84	
54	14	
55	43	60	78	79	
56	38	69	
57	32	63	82	
58	43	68	82	84	
59	16	68	73	79	
60	35	73	79	82	
61	11	81	83	84	
62	27	69	
63	11	69	76	81	
64	44	75	82	83	
65	46	76	80	83	
66	35	77	79	84	
67	30	70	72	
68	13	
69	23	
70	38	78	79	83	
71	40	
72	18	83	
73	15	84	
74	31	84	
75	22	79	
76	34	
77	34	
78	27	
79	30	
80	26	
81	49	
82	25	
83	11	
84	26	
