node	size	children
0	36	8	9	12	13	14	17	19	27	29	
1	13	8	9	13	18	22	23	26	
2	32	8	11	14	15	18	25	31	
3	31	8	9	10	11	15	17	18	21	
4	11	9	14	15	18	19	23	24	26	27	31	
5	17	10	13	14	31	
6	41	9	11	13	21	22	31	
7	18	8	9	13	14	22	
8	13	22	26	37	38	
9	22	28	
10	39	24	27	30	36	
11	47	16	18	24	34	
12	35	21	22	28	30	
13	35	16	21	33	
14	19	20	23	31	
15	36	35	38	40	45	
16	44	24	26	31	33	34	40	
17	46	30	31	40	43	
18	27	24	29	43	45	
19	47	29	34	41	
20	47	24	25	29	46	
21	45	34	
22	17	44	
23	13	26	35	46	47	
24	44	49	
25	42	35	36	49	
26	32	47	48	
27	26	35	49	53	
28	13	37	41	46	49	
29	25	36	38	39	42	
30	47	36	45	52	
31	21	32	34	38	
32	27	61	
33	23	41	43	61	
34	11	49	52	61	
35	29	48	49	50	53	55	58	60	
36	23	39	57	58	
37	48	42	52	59	
38	30	52	
39	35	60	61	62	68	
40	30	53	59	62	64	71	
41	24	48	51	53	
42	34	52	
43	19	54	67	
44	15	52	57	63	
45	40	49	61	70	
46	17	48	70	
47	22	65	68	
48	32	65	68	77	
49	15	56	60	65	68	75	78	
50	14	64	73	
51	24	72	74	
52	43	57	64	72	76	
53	36	57	66	76	
54	20	56	72	78	
55	22	74	79	82	84	
56	32	66	69	70	72	73	75	78	83	
57	14	75	82	
58	14	65	66	67	68	69	73	
59	25	62	64	69	72	75	
60	19	62	67	74	75	
61	16	66	71	74	75	76	
62	35	
63	38	73	76	79	83	
64	14	
65	28	
66	48	73	77	81	
67	37	73	
68	15	74	75	
69	15	
70	16	80	
71	39	
72	11	
73	20	83	84	
74	35	
75	43	
76	21	81	82	
77	15	81	82	
78	19	81	82	
79	25	
80	45	
81	21	
82	37	
83	39	
84	49	
