node	size	children
0	12	7	9	12	
1	13	7	9	11	16	18	20	25	
2	41	7	9	10	11	14	16	21	23	
3	16	8	14	15	16	20	23	25	
4	14	7	9	10	11	12	16	17	23	
5	42	7	10	11	16	18	25	
6	46	8	9	11	12	15	18	22	25	
7	15	14	23	27	31	
8	44	28	
9	30	18	28	32	
10	31	18	21	
11	49	13	19	26	27	29	32	
12	25	15	
13	43	19	34	38	
14	49	23	25	37	
15	12	20	24	
16	42	21	29	30	36	
17	16	20	22	29	34	36	
18	18	27	34	36	
19	10	31	43	44	
20	18	27	31	34	35	45	
21	22	35	
22	36	28	32	33	
23	35	27	39	
24	11	27	39	42	
25	14	28	29	39	
26	45	41	46	50	
27	14	33	47	51	
28	42	36	38	51	
29	16	34	38	41	42	43	
30	40	38	39	42	50	
31	13	46	
32	33	40	
33	18	40	46	50	
34	18	39	40	46	
35	34	40	45	
36	18	46	
37	17	52	55	57	
38	18	46	
39	46	50	52	56	
40	17	47	49	50	55	62	65	
41	42	59	60	62	64	
42	41	57	
43	29	48	52	55	59	64	
44	13	63	64	65	
45	34	47	63	
46	36	56	62	63	65	
47	30	53	54	55	71	
48	42	53	54	58	
49	49	66	
50	23	52	56	65	72	
51	31	53	66	71	
52	24	65	66	68	72	
53	49	61	66	67	70	71	
54	34	63	64	66	67	69	
55	45	61	67	
56	34	61	63	73	
57	44	63	64	70	74	77	
58	35	61	70	
59	28	70	73	79	80	
60	26	67	71	73	
61	27	71	79	
62	28	70	75	76	77	79	81	83	
63	13	68	71	72	82	
64	24	72	82	
65	40	70	76	
66	44	73	83	84	88	91	
67	45	84	
68	29	73	76	79	89	
69	21	75	86	87	
70	25	81	86	91	
71	25	75	83	85	86	89	91	
72	18	75	78	88	89	
73	10	85	88	89	90	
74	22	86	94	95	96	
75	47	85	98	
76	33	84	89	
77	17	85	88	91	96	
78	14	84	91	92	94	95	
79	32	92	
80	33	89	94	
81	10	93	98	
82	11	86	99	
83	32	88	99	
84	41	93	98	
85	34	92	
86	16	
87	41	92	97	
88	16	92	95	99	
89	41	95	98	
90	22	94	
91	11	94	95	99	
92	12	
93	40	
94	11	
95	31	
96	16	
97	43	
98	12	
99	34	
