node	size	children
0	35	8	10	12	13	15	16	17	19	23	25	
1	25	7	8	10	12	14	18	20	22	26	
2	24	6	7	9	12	17	21	25	
3	23	6	7	9	10	13	17	
4	13	6	7	10	15	17	18	
5	37	6	7	8	11	12	21	
6	17	14	17	18	23	28	
7	39	19	
8	21	13	14	19	24	28	31	
9	29	14	15	30	
10	18	14	18	20	21	23	
11	27	17	22	
12	38	14	20	21	23	27	
13	22	22	38	
14	28	22	24	25	32	36	
15	11	25	29	37	
16	42	21	34	
17	24	22	37	39	
18	17	22	28	29	36	38	
19	13	25	36	38	
20	42	32	
21	45	37	
22	47	27	33	43	44	
23	18	29	35	40	
24	34	30	
25	10	35	41	
26	13	39	41	
27	24	34	35	37	43	45	49	
28	17	48	50	
29	37	36	39	43	45	48	52	
30	11	35	39	
31	40	34	42	43	
32	30	36	52	
33	31	34	35	37	38	46	49	
34	49	50	51	57	
35	10	50	
36	16	46	54	
37	34	46	51	52	53	55	56	
38	13	44	56	
39	39	44	
40	25	52	53	56	62	64	
41	45	49	54	57	
42	30	48	52	54	58	61	
43	27	47	
44	43	48	51	54	56	58	62	
45	30	51	
46	35	56	70	
47	18	61	62	64	
48	46	60	62	70	
49	12	53	
50	45	56	60	62	63	70	
51	23	53	57	59	60	71	
52	40	53	59	67	70	71	
53	22	65	
54	18	60	62	65	66	72	74	
55	46	63	64	73	
56	13	60	67	73	
57	42	61	76	
58	19	65	74	77	78	
59	16	64	71	74	
60	21	66	68	
61	27	69	81	
62	25	69	74	76	
63	40	68	69	71	73	77	83	
64	14	69	73	77	
65	17	67	74	84	
66	30	76	77	78	86	
67	18	78	85	
68	44	76	77	78	
69	18	75	85	89	91	
70	44	78	85	
71	19	73	
72	32	83	88	
73	41	79	85	88	
74	24	80	82	85	94	
75	24	80	82	96	
76	29	81	97	
77	36	92	
78	41	86	90	
79	16	89	99	
80	36	86	89	95	
81	47	87	93	94	95	
82	23	
83	33	88	94	
84	48	89	97	98	
85	39	90	94	99	
86	25	97	
87	35	94	
88	38	95	
89	40	
90	41	
91	45	97	
92	41	
93	16	
94	19	
95	39	99	
96	41	99	
97	24	
98	32	
99	48	
