node	size	children
0	49	6	7	9	10	11	14	17	18	
1	37	6	8	10	11	13	
2	45	6	10	13	18	22	
3	31	14	15	18	23	
4	36	10	13	15	
5	14	6	9	18	24	
6	38	12	14	29	30	
7	48	22	
8	23	13	14	22	26	27	
9	35	14	25	29	
10	44	15	23	
11	42	16	25	
12	41	25	27	32	
13	38	25	30	
14	38	26	35	
15	49	20	29	30	36	
16	32	23	27	28	33	34	
17	30	19	20	21	23	34	
18	48	23	
19	37	25	26	29	32	34	42	
20	10	31	32	34	35	38	39	40	43	
21	10	36	37	38	39	
22	16	26	37	38	41	
23	12	29	36	38	
24	32	26	32	34	40	
25	24	31	46	49	
26	16	32	38	43	45	48	49	
27	19	33	37	44	46	
28	37	33	41	48	
29	45	41	44	47	
30	36	31	43	
31	43	40	44	47	51	56	
32	45	41	43	44	47	
33	28	
34	21	48	51	56	
35	36	42	48	53	54	56	
36	25	44	45	46	48	56	
37	22	44	51	57	
38	42	53	57	
39	41	50	52	
40	34	49	60	63	
41	28	47	61	
42	28	56	
43	15	49	51	62	
44	24	54	56	57	
45	14	52	54	57	61	62	65	66	67	68	69	
46	31	55	66	68	
47	21	69	
48	10	62	64	66	69	
49	41	60	62	
50	44	54	60	66	67	70	
51	40	58	59	68	76	
52	35	57	60	68	
53	35	60	63	64	65	74	
54	43	61	62	68	69	
55	12	61	64	69	75	
56	37	59	61	65	
57	42	67	75	
58	17	72	76	79	
59	47	70	72	
60	25	66	69	72	75	76	
61	11	66	78	81	
62	47	68	71	75	80	
63	44	73	
64	40	
65	28	74	
66	34	72	79	83	
67	13	80	86	87	
68	49	75	
69	11	83	84	
70	33	72	76	84	
71	42	77	83	90	94	
72	11	78	86	91	
73	23	86	90	
74	18	82	84	92	
75	28	
76	36	87	90	92	96	
77	40	87	88	89	94	
78	49	88	94	96	
79	44	95	99	
80	14	99	
81	27	87	89	93	95	
82	43	85	87	91	92	97	99	
83	47	
84	32	94	98	
85	37	90	94	95	
86	32	91	93	
87	33	92	
88	21	94	
89	23	96	98	
90	32	99	
91	20	97	99	
92	27	98	
93	27	
94	15	
95	25	
96	10	
97	18	
98	37	
99	13	
