node	size	children
0	27	8	9	10	11	12	15	26	
1	13	10	11	13	15	
2	10	7	8	11	13	14	15	18	
3	35	7	11	13	16	18	22	25	
4	27	7	8	13	16	18	
5	42	7	10	12	14	21	
6	46	7	8	9	10	11	13	14	15	17	26	
7	29	22	23	29	
8	45	24	31	
9	37	14	16	19	23	
10	10	19	23	24	26	28	32	
11	46	17	18	19	23	27	29	32	
12	35	17	18	23	29	31	
13	27	39	
14	25	34	36	
15	41	22	29	37	
16	39	26	27	31	34	36	39	
17	24	22	23	30	
18	21	27	30	32	
19	38	20	25	26	31	36	39	
20	33	30	34	41	43	45	
21	16	31	37	
22	47	31	37	41	43	
23	17	35	
24	17	40	
25	32	29	43	44	
26	17	34	35	44	
27	16	38	41	42	
28	38	
29	38	35	44	47	
30	45	36	44	
31	30	44	
32	22	33	35	36	51	
33	35	55	58	
34	46	42	55	59	
35	22	48	51	
36	46	48	56	
37	24	43	48	49	55	56	
38	10	43	55	
39	18	47	53	54	55	57	
40	28	57	62	63	65	
41	36	49	54	57	
42	21	53	54	63	
43	13	49	51	58	
44	14	46	50	52	56	60	61	
45	13	48	54	
46	10	53	58	69	
47	26	53	54	57	65	66	
48	24	56	65	72	
49	14	53	64	65	69	
50	27	58	59	61	66	
51	26	56	70	
52	41	70	
53	15	63	71	76	
54	10	62	65	69	70	73	
55	28	74	75	77	
56	48	63	67	73	
57	18	62	
58	17	62	63	75	
59	42	61	64	65	68	
60	47	67	72	
61	32	79	
62	45	67	72	74	76	78	83	
63	39	76	
64	11	68	77	81	85	
65	41	72	84	85	
66	34	67	72	83	
67	13	80	88	
68	18	80	84	87	88	
69	21	78	81	
70	40	85	86	
71	23	75	76	88	91	
72	20	76	79	80	82	87	89	91	
73	38	79	80	83	87	
74	25	80	88	
75	20	83	84	91	
76	32	85	86	87	89	97	
77	13	79	81	85	
78	30	81	86	87	96	
79	41	87	89	98	
80	11	90	92	98	
81	31	92	93	95	98	
82	33	86	
83	10	
84	19	86	
85	27	86	91	94	99	
86	31	96	
87	11	96	99	
88	15	
89	20	95	97	
90	22	94	
91	35	97	
92	46	
93	32	
94	42	
95	16	
96	14	
97	48	
98	10	
99	22	
