node	size	children
0	45	7	21	
1	36	7	9	11	15	
2	14	9	11	15	16	
3	19	7	10	12	14	23	
4	31	7	9	14	18	19	23	
5	45	7	12	21	
6	43	8	11	13	20	21	
7	18	13	16	20	28	29	
8	26	17	18	20	21	
9	37	14	20	25	31	
10	12	
11	39	15	18	30	
12	28	15	24	
13	29	23	30	31	32	34	
14	17	21	30	38	
15	17	23	24	25	28	
16	36	22	23	24	25	31	37	
17	41	31	35	37	
18	13	31	33	35	
19	48	29	36	
20	47	34	35	
21	35	
22	44	26	31	34	
23	12	34	38	43	
24	29	26	36	42	
25	40	27	
26	17	36	41	44	
27	34	33	36	40	44	45	48	49	
28	23	37	38	43	45	
29	33	36	43	47	
30	35	32	40	43	
31	10	35	37	42	43	
32	27	42	45	52	58	
33	19	
34	26	39	43	50	
35	19	41	45	46	49	
36	15	39	46	57	
37	33	46	48	50	52	54	56	
38	28	46	50	52	
39	32	58	59	63	
40	28	47	55	56	61	63	
41	24	51	53	62	
42	22	49	58	
43	23	47	
44	34	46	50	58	
45	36	49	
46	10	60	71	
47	16	58	64	
48	49	52	56	59	63	64	65	70	
49	38	56	59	63	65	67	68	69	
50	36	56	69	
51	46	61	64	65	71	
52	18	59	74	77	
53	13	72	73	76	
54	49	68	
55	11	73	
56	27	59	75	76	
57	42	62	65	67	78	
58	16	61	62	
59	29	65	70	
60	22	66	68	73	77	82	84	
61	16	67	77	78	80	81	
62	48	67	68	73	82	84	
63	18	67	73	75	79	80	
64	19	74	78	
65	34	74	81	84	
66	38	74	76	79	84	
67	38	78	88	90	
68	47	82	
69	20	77	81	82	86	88	89	
70	19	83	88	
71	19	72	81	89	
72	19	86	
73	14	81	91	
74	46	79	84	
75	20	83	86	
76	29	83	86	87	88	90	94	
77	25	82	87	90	
78	37	81	85	95	
79	14	89	92	99	
80	43	85	92	93	95	
81	35	85	90	
82	44	86	93	
83	32	88	90	93	97	
84	19	
85	49	91	
86	33	95	
87	41	91	94	96	
88	19	91	93	
89	23	92	94	
90	33	
91	38	
92	20	
93	34	98	99	
94	12	97	98	
95	39	
96	16	
97	35	
98	21	
99	34	
