node	size	children
0	27	6	7	8	11	14	19	
1	18	8	12	17	18	23	
2	22	7	8	14	15	17	18	21	22	
3	32	6	7	8	11	12	14	15	17	18	
4	39	6	7	8	11	14	17	24	
5	45	6	9	10	11	12	23	
6	42	14	16	21	22	
7	32	28	
8	34	19	26	
9	45	13	
10	45	22	29	
11	35	20	22	26	30	
12	12	20	36	
13	14	33	36	37	
14	33	19	
15	48	19	25	
16	15	20	26	33	35	
17	37	19	20	31	
18	40	32	34	
19	49	29	32	
20	27	27	40	
21	26	33	37	39	43	
22	14	29	31	42	
23	18	34	35	40	44	
24	13	27	
25	49	32	33	34	35	39	45	46	47	
26	29	40	42	43	
27	15	36	37	40	41	
28	16	37	46	
29	47	31	
30	44	32	35	42	43	
31	31	39	44	51	53	54	55	
32	27	43	51	53	
33	20	38	39	53	55	
34	32	38	40	52	
35	29	40	50	
36	10	
37	27	42	49	53	54	55	
38	22	49	58	
39	39	46	49	56	
40	19	47	48	56	60	
41	23	48	49	55	56	57	58	
42	43	49	60	61	62	
43	13	48	58	
44	15	49	59	61	
45	42	
46	49	69	70	
47	41	54	56	57	58	59	62	64	
48	14	54	68	
49	27	54	61	
50	18	58	
51	32	61	63	69	70	75	77	
52	19	62	64	
53	32	62	64	69	71	73	
54	24	60	67	73	
55	28	59	
56	30	73	
57	41	66	
58	37	66	73	77	
59	24	65	77	80	
60	41	66	72	73	
61	48	64	65	70	72	76	77	82	
62	48	67	78	
63	31	66	69	71	
64	31	71	77	84	85	
65	33	80	81	86	
66	22	71	76	77	78	85	88	90	
67	17	
68	19	75	87	
69	10	74	78	79	84	87	88	
70	34	71	79	84	87	88	
71	34	84	86	92	
72	45	84	93	94	95	
73	24	
74	15	78	95	
75	37	79	85	88	
76	13	79	88	90	93	96	
77	46	83	89	
78	31	89	92	94	96	
79	47	96	97	
80	35	87	90	92	94	96	98	
81	40	98	
82	17	87	
83	27	85	92	
84	46	92	94	95	96	99	
85	29	95	
86	25	99	
87	38	93	97	
88	46	91	98	
89	23	92	93	94	
90	31	94	96	
91	36	
92	30	
93	14	
94	48	97	
95	33	98	
96	29	
97	30	
98	45	
99	12	
