node	size	children
0	16	10	13	17	20	22	
1	47	8	9	11	12	14	17	24	
2	25	7	10	14	16	17	
3	38	7	13	16	18	23	25	
4	21	7	8	10	11	12	13	15	25	
5	19	10	11	12	14	19	24	
6	27	10	12	14	15	17	18	23	25	
7	37	15	17	21	28	29	
8	23	26	32	
9	33	15	23	25	30	31	32	
10	36	15	29	
11	37	14	15	16	24	
12	34	16	
13	48	28	
14	32	21	24	29	38	
15	18	34	
16	32	30	37	
17	17	22	25	
18	36	26	29	33	
19	32	20	23	28	
20	26	31	36	40	42	44	
21	29	32	37	40	
22	35	35	42	
23	28	30	31	34	35	38	
24	29	
25	32	29	
26	37	27	29	32	33	35	44	
27	29	36	49	
28	21	35	38	43	44	46	47	
29	23	33	44	47	
30	11	33	41	44	51	
31	14	34	51	
32	30	34	49	
33	25	45	54	
34	36	55	
35	28	42	50	51	58	
36	23	39	43	48	
37	15	46	54	
38	21	53	55	
39	35	57	
40	41	
41	20	45	51	52	55	61	64	
42	22	55	56	57	59	60	65	
43	10	47	51	
44	29	45	47	
45	14	61	66	
46	31	52	54	62	
47	33	54	57	65	68	70	
48	34	63	68	70	
49	18	55	58	65	68	
50	23	54	57	65	66	68	71	
51	29	60	63	
52	21	63	72	
53	29	60	
54	46	63	
55	18	60	65	66	69	78	
56	17	59	60	70	72	75	76	
57	11	66	70	75	
58	46	61	70	71	72	78	
59	31	72	78	81	
60	39	68	69	75	80	
61	27	69	75	80	
62	18	66	83	
63	10	67	73	79	84	
64	17	72	76	82	83	
65	32	76	
66	28	75	77	
67	40	75	88	
68	28	76	78	80	91	
69	47	83	85	90	
70	36	85	
71	46	74	
72	44	80	
73	27	88	89	93	
74	30	83	94	
75	19	82	94	95	
76	46	81	82	83	90	94	
77	36	87	
78	46	79	80	91	95	96	97	
79	29	88	92	93	97	
80	49	92	93	96	97	98	99	
81	37	92	93	97	99	
82	17	91	94	95	96	
83	43	86	96	99	
84	25	86	93	95	98	99	
85	36	
86	39	97	
87	34	93	98	
88	43	92	94	
89	39	92	
90	24	
91	22	96	
92	32	
93	40	
94	30	
95	42	
96	36	
97	32	
98	36	99	
99	23	
