node	size	children
0	32	7	8	10	11	14	16	18	19	
1	23	7	8	10	14	16	21	22	
2	27	15	24	
3	17	7	9	10	17	19	24	
4	26	7	8	10	11	12	15	
5	21	7	8	13	18	20	
6	36	7	8	9	10	11	12	15	
7	26	23	29	
8	25	19	
9	26	15	23	
10	36	14	19	21	22	
11	33	20	24	
12	42	23	25	
13	26	
14	13	19	24	32	34	35	
15	40	22	23	25	30	32	34	
16	38	23	30	36	
17	17	25	32	
18	40	27	28	34	37	
19	39	27	31	35	40	
20	42	25	39	40	
21	31	38	39	
22	29	26	32	33	34	39	
23	38	25	31	34	40	
24	44	26	27	29	30	31	33	38	39	40	
25	11	33	
26	15	35	36	38	39	41	
27	32	42	44	46	48	
28	27	36	
29	13	31	38	40	41	
30	41	32	40	42	44	45	50	
31	25	51	
32	25	44	51	
33	28	50	51	57	
34	11	43	52	55	
35	15	44	45	58	
36	29	
37	27	43	47	51	
38	35	53	61	
39	30	45	50	
40	35	51	57	58	
41	43	45	53	54	56	58	59	60	
42	35	45	49	58	
43	14	45	51	56	59	
44	32	58	60	63	64	
45	43	53	57	
46	28	53	61	67	
47	47	58	60	65	70	
48	48	
49	41	52	53	54	66	70	
50	11	65	
51	34	64	67	
52	34	66	67	68	76	77	
53	10	59	
54	42	61	70	
55	24	59	62	63	66	71	74	
56	29	59	66	72	
57	38	67	70	72	77	
58	24	59	64	65	75	
59	20	75	
60	32	66	75	77	78	79	80	84	
61	11	65	68	78	80	81	
62	37	79	80	
63	48	72	81	
64	49	65	68	69	75	76	77	79	81	
65	26	73	81	83	85	90	91	
66	48	72	83	85	87	
67	44	82	
68	29	88	
69	20	74	84	
70	25	74	75	77	
71	42	78	80	82	
72	26	82	84	87	98	
73	48	86	92	93	
74	46	82	93	95	
75	38	79	81	87	89	
76	14	
77	33	79	82	83	96	
78	38	79	80	82	84	88	90	92	
79	46	85	
80	39	94	
81	12	86	92	93	
82	22	91	
83	47	88	91	93	95	
84	38	95	97	
85	13	
86	40	93	95	
87	20	96	
88	12	94	
89	13	97	99	
90	10	92	
91	46	92	97	
92	19	
93	40	
94	14	99	
95	14	
96	18	
97	10	
98	27	
99	13	
