node	size	children
0	49	7	8	9	10	17	24	
1	47	7	8	9	10	11	13	16	19	20	25	
2	26	12	14	15	18	19	
3	27	9	12	14	18	
4	31	8	10	11	12	20	21	
5	20	8	9	12	13	14	15	18	24	
6	26	7	9	12	
7	22	13	25	26	27	29	
8	24	15	27	
9	13	18	19	27	29	
10	25	13	16	18	19	27	
11	31	16	17	19	20	30	
12	23	13	14	26	29	30	
13	46	29	31	36	38	
14	10	21	22	28	33	
15	17	23	25	34	
16	35	24	25	31	32	37	
17	23	25	31	37	
18	32	35	36	39	
19	19	20	28	31	36	37	
20	23	30	37	
21	14	27	36	40	43	
22	28	26	41	
23	17	29	31	33	41	
24	42	28	35	41	
25	26	26	37	43	
26	30	34	35	45	
27	28	34	43	45	
28	19	42	47	
29	25	36	42	43	46	47	52	
30	23	35	42	46	52	
31	11	35	40	46	
32	29	44	49	50	
33	27	40	
34	35	53	55	
35	39	40	55	
36	42	51	55	58	
37	10	58	
38	42	48	54	
39	47	54	
40	45	54	62	
41	33	56	61	
42	33	48	53	59	
43	33	50	
44	37	50	54	55	58	64	
45	14	49	54	57	59	
46	11	67	
47	18	58	71	
48	29	57	58	60	64	65	
49	34	59	
50	29	63	66	
51	43	60	65	
52	47	56	69	
53	47	68	69	74	
54	17	68	74	77	
55	40	60	61	62	64	67	76	78	
56	40	63	73	75	
57	22	60	63	
58	20	60	63	64	72	75	
59	24	67	70	73	75	78	82	
60	28	67	
61	41	67	79	82	85	
62	28	70	73	75	77	
63	17	65	68	82	83	
64	17	71	72	74	82	83	84	
65	22	83	87	
66	48	75	81	
67	41	79	87	
68	29	72	79	85	90	
69	32	72	75	83	85	87	
70	34	72	74	78	79	87	88	91	
71	34	78	87	88	
72	46	93	96	
73	15	82	98	
74	47	80	83	89	91	98	
75	47	83	86	91	93	98	
76	33	91	94	
77	41	79	91	
78	44	79	
79	45	
80	49	87	88	92	
81	27	86	
82	20	
83	40	
84	26	89	
85	11	
86	30	93	
87	22	
88	48	99	
89	49	93	95	97	
90	49	95	99	
91	33	93	95	98	
92	20	93	98	99	
93	28	99	
94	34	
95	24	99	
96	27	
97	32	
98	18	
99	28	
