node	size	children
0	10	7	8	9	12	13	14	17	21	
1	46	7	9	12	13	15	17	18	23	
2	30	9	12	13	18	24	
3	16	7	8	9	13	15	16	19	20	
4	47	16	
5	41	7	11	12	17	18	
6	47	8	9	10	12	15	17	
7	41	19	30	
8	47	14	15	17	
9	49	
10	22	16	20	30	
11	12	30	
12	39	19	20	26	
13	14	19	20	22	31	
14	47	31	38	
15	28	38	
16	17	25	26	27	32	
17	30	29	
18	12	23	
19	12	26	31	
20	37	35	43	
21	46	36	38	43	
22	39	28	32	
23	23	26	31	32	35	36	37	43	44	
24	17	31	34	35	
25	12	27	35	36	38	39	41	
26	10	33	45	47	51	
27	17	38	40	42	45	
28	24	49	
29	44	36	37	46	50	
30	17	33	34	
31	24	33	36	39	43	
32	10	56	
33	29	50	52	56	
34	18	47	
35	33	44	47	54	55	
36	39	47	56	57	
37	24	39	42	48	50	
38	36	49	50	
39	34	48	
40	22	54	62	
41	17	48	57	
42	48	55	58	
43	10	55	57	63	
44	44	46	47	63	
45	38	65	67	
46	20	54	56	57	63	
47	14	54	63	68	
48	39	54	66	70	
49	49	
50	40	53	55	58	
51	44	66	
52	19	65	71	
53	33	59	70	75	77	
54	27	60	64	66	69	70	77	
55	43	58	69	73	74	
56	27	58	61	67	69	73	75	
57	39	58	
58	23	66	67	73	76	80	
59	26	71	78	82	
60	25	65	69	75	
61	15	65	67	
62	48	65	67	77	80	
63	23	68	
64	14	86	
65	12	79	81	89	
66	31	78	79	89	
67	13	71	75	78	79	81	
68	33	76	82	83	
69	11	72	
70	16	79	87	
71	22	93	94	95	
72	43	80	82	84	85	
73	27	82	84	90	
74	36	91	
75	45	80	87	
76	40	80	85	87	93	
77	35	79	92	93	
78	14	90	95	96	97	
79	37	92	
80	21	89	92	
81	48	84	86	89	98	
82	11	92	97	
83	40	88	95	97	98	
84	45	99	
85	47	92	99	
86	24	93	96	
87	12	91	93	97	98	
88	31	95	
89	22	99	
90	48	
91	25	
92	21	98	99	
93	48	96	
94	23	
95	47	
96	31	
97	44	
98	27	
99	45	
