node	size	children
0	44	9	13	19	
1	19	9	10	11	12	13	14	15	16	18	
2	33	10	11	12	13	14	17	19	
3	31	7	9	11	12	15	17	18	25	
4	17	7	8	9	10	11	16	18	19	
5	25	9	10	11	13	18	20	
6	46	7	8	9	15	19	
7	45	15	24	29	30	
8	19	15	24	26	31	
9	33	20	23	
10	37	21	27	32	
11	23	15	23	29	
12	10	18	21	22	24	31	
13	37	23	29	31	
14	47	20	25	36	37	
15	40	20	21	31	33	
16	49	24	34	37	
17	22	21	23	
18	35	39	
19	12	21	22	36	
20	40	40	
21	21	31	36	
22	45	27	37	41	
23	33	27	28	29	34	44	
24	21	27	34	
25	41	33	34	36	39	
26	49	43	46	
27	14	40	42	45	47	
28	10	38	41	42	45	46	47	51	
29	37	34	44	
30	43	39	40	46	
31	45	35	36	44	49	
32	37	36	40	44	45	48	50	
33	17	45	47	
34	44	44	
35	44	42	53	
36	31	52	56	
37	32	40	42	44	57	58	
38	43	46	56	
39	18	51	55	
40	11	47	48	50	52	54	
41	34	48	52	59	64	
42	17	50	55	57	58	59	61	63	
43	28	48	60	
44	26	47	48	50	52	60	
45	24	51	55	
46	27	53	55	58	66	
47	37	57	58	66	
48	13	57	
49	40	58	64	66	
50	31	52	59	64	66	67	68	
51	26	53	59	64	67	69	
52	15	60	62	75	
53	25	60	65	77	
54	19	68	
55	41	60	70	
56	10	69	76	
57	13	68	75	
58	25	
59	22	78	80	
60	45	77	80	83	
61	36	69	72	75	76	79	81	
62	15	68	83	
63	18	65	67	69	82	83	
64	49	78	82	
65	15	76	77	83	88	
66	46	71	75	83	88	
67	18	71	72	83	87	
68	12	71	74	76	78	
69	15	73	74	80	84	85	
70	30	72	73	76	77	82	89	
71	11	78	80	81	94	
72	18	81	84	96	
73	44	80	86	94	
74	26	82	89	93	94	98	
75	22	81	82	88	93	
76	33	81	82	91	94	97	
77	28	87	
78	20	
79	27	87	
80	22	87	91	99	
81	29	
82	33	
83	32	90	92	
84	49	90	95	
85	17	96	
86	49	96	
87	17	
88	26	92	95	96	97	
89	43	
90	40	96	97	
91	28	94	
92	35	
93	25	
94	16	
95	29	
96	26	
97	19	
98	28	
99	43	
