node	size	children
0	45	7	8	11	20	
1	20	7	8	11	12	17	18	
2	36	7	8	10	11	12	13	17	21	22	
3	46	7	12	13	16	17	18	20	
4	46	8	11	17	20	
5	46	7	9	10	12	15	18	19	22	
6	47	7	10	11	12	18	
7	49	22	
8	44	13	14	15	17	19	27	30	
9	18	18	
10	23	20	21	30	
11	47	26	
12	18	16	
13	45	24	36	
14	28	21	
15	36	23	25	29	31	32	33	
16	16	19	25	32	33	
17	22	24	26	27	31	33	
18	36	30	37	
19	36	25	27	28	29	36	39	40	42	
20	18	26	31	34	35	
21	27	25	31	36	
22	41	39	
23	24	29	34	38	41	
24	27	25	34	
25	45	38	41	45	46	48	49	
26	39	33	41	48	49	
27	20	34	47	
28	36	40	43	47	
29	43	35	40	46	
30	23	31	33	38	
31	38	38	54	
32	34	39	42	
33	27	51	52	
34	28	39	40	41	48	51	
35	38	39	
36	31	41	49	54	
37	42	54	
38	44	46	48	50	60	61	
39	33	46	51	
40	24	53	60	
41	38	47	56	57	
42	15	53	55	
43	45	44	48	52	
44	43	57	59	61	62	65	
45	40	53	56	59	62	63	
46	12	53	55	56	62	64	67	
47	23	52	54	56	58	64	
48	29	54	59	64	
49	10	57	58	61	
50	40	58	71	
51	29	62	63	68	71	73	
52	36	64	68	
53	16	71	
54	43	56	65	
55	28	66	72	
56	10	65	66	67	76	
57	43	66	75	79	81	
58	24	76	77	
59	27	70	71	77	78	79	
60	37	64	67	71	76	81	
61	49	67	74	
62	25	73	75	77	79	
63	29	68	
64	48	72	73	76	78	80	83	
65	23	69	73	75	77	78	83	87	
66	41	69	73	76	78	79	84	
67	44	77	78	79	80	83	
68	46	75	84	85	87	88	93	94	
69	37	75	85	89	
70	36	77	81	83	85	91	92	
71	31	84	88	91	
72	27	80	81	84	86	
73	46	76	
74	24	75	86	87	
75	32	82	83	
76	38	83	89	
77	37	93	95	
78	47	84	94	95	97	
79	46	82	91	94	
80	18	92	96	97	
81	42	82	84	94	99	
82	37	91	
83	10	
84	18	95	
85	17	92	95	
86	37	90	91	
87	33	
88	49	96	
89	36	96	
90	49	
91	23	98	
92	19	95	99	
93	25	
94	23	
95	33	
96	39	
97	28	
98	22	
99	37	
