node	size	children
0	37	8	10	16	
1	32	7	8	12	13	17	19	20	
2	20	8	12	17	18	19	23	
3	42	8	9	16	23	
4	21	8	11	13	16	18	
5	48	7	9	10	11	16	17	18	20	24	
6	18	9	10	13	14	18	24	
7	21	20	24	
8	39	15	19	20	25	30	31	
9	30	31	
10	41	14	16	21	24	26	29	
11	13	18	19	
12	45	13	20	30	
13	16	21	
14	39	36	
15	43	22	31	36	
16	26	
17	41	23	
18	15	26	
19	21	37	40	
20	21	32	34	35	39	
21	31	27	32	
22	35	27	28	30	31	35	42	
23	31	27	29	32	43	
24	41	29	34	
25	32	32	33	42	45	
26	49	36	38	39	
27	38	40	44	46	
28	23	40	50	
29	47	32	43	50	
30	15	34	37	38	
31	24	33	35	42	45	46	47	
32	45	39	45	47	48	55	
33	33	40	41	43	44	52	
34	41	43	
35	43	38	43	51	54	
36	46	40	45	54	
37	34	39	44	53	
38	32	44	53	60	
39	27	49	52	
40	13	44	58	
41	48	52	56	57	60	
42	14	45	57	60	
43	42	50	56	61	62	
44	32	53	59	65	67	
45	24	59	61	62	65	67	
46	22	53	60	
47	13	
48	40	57	58	
49	44	53	60	64	
50	10	57	63	
51	46	69	74	
52	27	58	
53	46	
54	44	
55	18	57	69	72	
56	25	61	69	72	
57	11	66	68	70	72	78	
58	45	65	70	71	76	
59	45	66	67	
60	32	70	
61	24	65	67	75	
62	44	64	72	80	
63	33	69	71	80	84	
64	27	73	75	79	81	82	83	
65	47	85	86	
66	24	76	86	
67	12	73	82	
68	26	78	84	
69	38	77	79	85	89	90	
70	49	83	84	86	87	90	92	
71	43	76	82	84	88	
72	20	84	88	92	93	
73	34	82	88	
74	21	78	82	85	
75	29	88	
76	48	83	91	97	
77	24	87	94	97	
78	20	85	86	91	
79	39	93	99	
80	44	95	
81	22	84	90	96	97	
82	35	
83	36	
84	21	91	93	96	98	
85	38	90	99	
86	18	91	94	95	97	98	
87	39	94	
88	30	95	
89	31	96	
90	38	
91	39	
92	48	98	
93	31	95	96	
94	10	
95	23	
96	27	
97	28	
98	30	
99	33	
