node	size	children
0	47	7	9	10	11	12	15	16	21	24	
1	31	9	10	11	12	17	18	19	
2	30	7	8	11	12	14	15	16	17	
3	18	7	9	10	13	24	
4	41	8	11	12	24	
5	35	7	9	11	12	14	21	22	23	
6	43	7	9	12	19	
7	20	13	23	28	29	31	
8	26	15	
9	45	14	
10	15	14	17	22	26	
11	24	19	30	
12	47	28	
13	46	22	31	
14	33	21	23	25	31	33	34	
15	13	19	23	31	
16	40	22	23	35	
17	32	20	27	28	30	
18	27	29	30	33	36	37	
19	44	30	31	34	
20	28	30	34	41	42	
21	18	26	31	36	40	
22	15	40	43	
23	42	27	
24	12	27	30	33	36	38	43	
25	36	32	34	39	40	
26	11	38	39	40	41	
27	24	38	43	
28	39	37	49	
29	17	35	45	49	
30	26	48	
31	46	33	35	39	48	
32	23	39	41	44	51	
33	32	38	42	51	53	
34	23	38	42	51	53	
35	35	51	
36	49	49	50	53	55	
37	28	43	
38	21	46	48	49	
39	13	
40	43	
41	46	44	47	59	
42	15	49	53	61	
43	14	44	52	57	
44	19	54	64	
45	39	54	63	68	
46	30	52	58	59	63	66	
47	18	52	61	
48	40	
49	27	54	64	
50	13	57	66	
51	23	57	64	
52	24	56	58	62	69	72	
53	14	56	57	60	61	68	
54	22	56	57	63	64	73	
55	16	59	64	
56	19	65	67	75	76	79	80	81	82	
57	39	
58	35	69	72	74	82	
59	17	62	63	
60	41	65	70	82	
61	27	62	68	
62	42	74	81	
63	27	74	81	88	
64	42	69	71	76	77	78	86	
65	36	75	84	88	
66	42	77	78	
67	21	70	74	79	86	
68	49	70	74	81	83	
69	25	81	84	88	89	
70	16	94	
71	20	80	83	95	
72	23	83	95	
73	35	84	86	
74	33	78	82	83	87	88	
75	13	79	80	93	
76	29	87	90	93	
77	14	85	87	93	
78	28	86	90	93	
79	33	86	94	
80	35	90	
81	34	88	94	98	
82	43	87	91	92	93	94	96	97	
83	19	94	97	
84	26	91	92	98	
85	24	91	96	
86	46	
87	30	90	92	95	
88	39	89	91	92	95	98	99	
89	11	
90	28	96	97	
91	13	98	
92	28	99	
93	22	96	
94	15	
95	11	99	
96	47	
97	17	
98	28	
99	43	
