node	size	children
0	46	7	8	9	10	12	13	17	19	
1	23	7	8	9	10	12	13	17	21	24	
2	21	7	8	9	12	13	15	16	24	
3	11	9	11	12	13	17	20	21	22	
4	25	11	12	13	15	17	23	
5	49	7	8	11	14	17	20	25	
6	30	9	11	18	19	24	
7	18	14	
8	48	14	18	20	
9	36	18	28	30	31	
10	30	18	20	22	23	25	28	30	
11	13	15	21	24	
12	48	14	26	28	
13	16	27	
14	31	21	29	33	
15	39	22	31	33	
16	18	
17	35	28	35	37	
18	34	
19	37	23	24	31	
20	39	26	30	32	33	35	36	37	
21	45	26	35	
22	17	33	38	39	40	
23	20	26	35	
24	49	35	44	
25	10	37	42	44	
26	42	34	36	49	
27	27	38	39	47	
28	49	33	36	50	
29	40	39	43	
30	18	41	43	46	
31	24	36	37	47	
32	30	33	41	43	45	50	
33	19	40	44	47	48	51	56	
34	44	42	44	48	57	
35	10	41	52	53	54	
36	30	53	
37	15	39	45	48	53	
38	22	39	42	45	56	
39	24	54	57	63	
40	31	56	58	
41	47	45	49	51	52	
42	32	51	60	61	
43	36	55	56	59	
44	30	46	
45	22	54	58	
46	14	51	68	
47	43	53	62	66	68	
48	41	55	
49	48	64	66	68	69	70	
50	49	52	55	58	62	68	70	
51	23	62	66	71	72	75	76	
52	16	68	
53	28	72	
54	42	63	73	
55	16	61	62	66	74	78	
56	37	62	66	71	
57	10	66	75	
58	12	67	83	84	
59	48	75	76	84	
60	42	74	75	76	81	
61	32	74	75	76	
62	20	68	74	80	
63	14	74	78	80	83	
64	46	65	78	80	
65	13	76	77	78	82	85	
66	42	72	77	79	90	
67	26	83	84	
68	17	81	82	83	
69	23	72	
70	19	75	80	
71	33	74	79	80	89	
72	39	79	82	84	
73	23	84	95	
74	13	80	82	88	92	
75	37	89	91	
76	12	83	93	
77	30	89	90	93	97	
78	15	82	87	91	
79	41	86	91	94	98	99	
80	20	86	89	90	
81	38	89	93	
82	23	90	
83	12	90	
84	28	91	95	99	
85	27	
86	35	93	
87	31	91	99	
88	18	
89	37	95	98	99	
90	39	96	
91	11	
92	27	
93	29	
94	47	99	
95	37	98	
96	46	
97	25	
98	49	
99	29	
