node	size	children
0	36	7	9	11	13	14	18	20	
1	34	6	8	10	13	17	18	
2	20	7	10	18	25	
3	26	6	8	12	22	
4	33	6	8	13	15	19	23	
5	24	8	11	14	23	
6	34	15	17	31	
7	15	17	19	20	24	28	
8	32	13	16	20	28	
9	37	13	15	16	17	18	27	31	
10	28	15	21	24	31	
11	27	17	20	21	23	24	
12	46	26	28	30	38	
13	35	21	28	
14	17	21	23	27	
15	13	29	34	
16	36	20	31	
17	38	23	24	32	35	38	
18	29	23	24	27	28	38	
19	32	27	29	44	
20	39	36	38	44	
21	40	27	44	
22	25	26	33	38	42	
23	45	30	31	34	44	
24	39	32	33	35	37	
25	26	34	44	
26	47	43	
27	41	35	39	41	42	
28	49	34	42	49	
29	20	37	43	45	46	49	
30	22	32	37	40	42	45	48	
31	30	32	37	46	
32	25	42	49	51	52	
33	21	39	53	
34	26	41	
35	46	
36	10	44	52	55	
37	12	39	45	46	49	51	55	
38	38	41	49	50	
39	39	61	64	
40	36	46	47	48	50	61	63	
41	33	46	53	61	
42	33	51	59	61	64	
43	39	58	64	
44	44	45	64	
45	11	54	62	67	
46	44	56	63	67	
47	24	55	70	
48	35	69	
49	28	55	66	69	
50	15	57	59	62	65	68	
51	38	52	60	62	67	69	
52	21	59	60	65	68	70	
53	12	59	60	66	
54	47	59	60	70	74	
55	38	60	74	75	
56	27	62	68	72	77	
57	28	64	65	73	74	
58	28	62	75	
59	23	72	
60	46	72	74	76	82	
61	21	71	75	83	84	
62	42	70	73	78	83	84	
63	34	69	71	75	84	
64	22	67	69	70	71	
65	46	81	83	88	89	
66	16	75	79	89	
67	39	73	74	75	
68	16	76	81	83	84	85	90	
69	30	72	73	84	
70	44	72	78	87	
71	19	74	82	86	88	
72	22	79	
73	30	81	89	94	
74	18	80	82	93	94	95	
75	46	87	88	90	92	
76	29	78	83	87	96	
77	13	78	79	90	95	
78	12	89	
79	15	97	
80	40	
81	34	87	89	94	
82	25	93	
83	46	89	94	98	
84	24	87	98	
85	24	91	95	
86	34	95	
87	30	96	
88	17	97	
89	35	
90	21	
91	12	
92	27	
93	37	
94	44	
95	22	99	
96	16	99	
97	11	
98	19	
99	36	
