node	size	children
0	32	7	8	9	10	12	15	
1	35	6	7	8	9	10	12	13	14	15	16	24	
2	34	8	9	12	14	17	
3	45	8	9	10	12	13	14	16	17	19	21	
4	29	6	8	10	12	15	16	18	19	
5	29	6	9	10	11	14	17	19	23	
6	14	14	25	
7	31	16	
8	43	17	
9	35	13	16	21	22	
10	33	23	
11	45	24	
12	27	18	21	24	25	27	28	
13	39	19	26	31	35	
14	25	19	26	27	31	32	34	36	
15	15	28	30	38	
16	42	21	26	33	
17	48	20	21	23	29	
18	30	25	26	32	34	36	37	
19	13	40	
20	22	31	43	45	
21	12	29	30	36	37	41	
22	15	30	31	
23	14	32	40	44	
24	39	26	36	
25	21	41	49	51	52	
26	19	35	41	42	
27	38	32	40	41	46	47	49	
28	42	37	39	41	42	44	46	
29	21	39	40	
30	10	46	49	
31	30	39	
32	49	44	56	
33	38	41	57	59	
34	42	40	42	43	55	
35	38	44	51	52	
36	43	42	43	45	
37	10	40	47	49	50	53	59	
38	42	53	
39	23	47	48	54	56	
40	19	47	48	50	56	
41	12	52	53	61	
42	37	47	
43	21	50	52	58	59	65	
44	32	58	
45	15	51	53	59	64	
46	11	61	66	
47	14	53	56	59	66	71	
48	41	54	65	69	
49	15	54	55	63	
50	38	54	63	
51	35	56	66	72	
52	39	66	67	68	72	
53	37	62	65	66	69	71	
54	22	65	68	73	78	
55	26	67	68	71	79	
56	26	61	64	74	77	
57	13	60	66	73	
58	27	62	
59	36	69	79	80	
60	30	69	70	71	84	
61	43	72	75	76	80	83	
62	27	69	81	82	84	
63	16	69	74	76	82	
64	44	76	82	83	
65	21	67	68	72	78	80	
66	30	70	72	
67	32	74	81	88	
68	48	89	
69	36	91	
70	27	74	86	90	
71	18	76	77	
72	25	76	82	88	
73	14	77	78	87	90	
74	22	
75	43	
76	47	91	93	96	
77	49	81	83	
78	31	83	84	
79	22	82	85	92	
80	43	96	
81	37	87	91	97	
82	40	98	
83	49	87	91	99	
84	14	87	90	93	
85	47	90	
86	36	93	96	
87	35	94	99	
88	29	
89	19	98	
90	48	94	
91	35	95	96	
92	19	98	
93	21	
94	32	
95	49	
96	46	
97	42	
98	11	
99	27	
