node	size	children
0	45	7	
1	31	7	9	13	15	21	
2	45	8	9	10	12	13	20	
3	23	7	9	10	11	20	25	
4	43	7	9	12	15	18	22	
5	48	7	9	10	11	12	14	15	18	
6	12	7	9	10	12	13	17	18	22	
7	38	23	24	27	
8	11	15	18	
9	38	18	24	26	29	30	
10	31	
11	12	17	19	29	
12	16	16	20	28	30	
13	46	19	22	25	33	
14	24	19	21	25	29	
15	28	25	32	35	
16	14	21	24	32	
17	43	21	33	36	
18	43	19	29	
19	37	26	36	
20	40	
21	38	29	31	36	
22	18	28	35	41	42	
23	42	33	
24	43	35	42	
25	21	29	
26	30	37	
27	16	
28	26	41	43	45	
29	10	32	34	35	37	45	
30	27	39	45	46	
31	33	36	47	49	
32	18	38	40	43	46	51	55	
33	32	39	42	43	
34	14	38	44	
35	47	44	47	
36	37	42	50	
37	27	38	51	55	
38	24	49	50	55	60	61	
39	19	46	48	49	52	53	
40	10	47	53	55	57	
41	40	49	52	
42	46	54	
43	16	58	
44	10	54	56	62	66	
45	30	
46	22	52	53	64	
47	42	55	57	59	
48	17	59	66	68	
49	26	53	57	58	64	68	
50	19	58	59	66	71	
51	32	59	62	73	
52	22	62	65	
53	14	62	67	70	74	
54	39	57	65	67	69	72	73	
55	41	75	
56	14	62	73	82	
57	25	77	79	
58	38	65	69	81	
59	41	63	68	76	82	
60	11	70	77	81	
61	38	75	77	80	
62	15	86	
63	26	73	85	88	
64	34	82	85	
65	40	82	88	89	
66	32	76	78	81	
67	49	76	78	89	
68	25	69	
69	13	92	93	94	
70	42	76	78	81	88	91	92	93	
71	11	76	88	94	
72	47	79	84	92	95	
73	40	76	77	79	81	86	87	88	91	
74	32	79	82	87	
75	32	78	88	93	
76	20	85	95	
77	27	91	93	97	98	
78	21	97	98	
79	26	91	92	95	
80	29	83	93	98	99	
81	23	96	99	
82	20	86	90	99	
83	36	96	99	
84	49	
85	44	90	98	
86	40	
87	48	
88	26	97	
89	31	94	
90	20	
91	20	97	
92	20	
93	14	97	
94	15	98	
95	14	
96	21	
97	22	
98	39	
99	39	
