node	size	children
0	48	8	9	10	13	18	20	25	
1	27	7	9	10	11	14	18	25	
2	30	8	12	13	25	
3	33	12	13	25	
4	43	7	11	20	
5	31	9	12	17	20	
6	30	11	12	18	19	21	
7	26	15	21	
8	39	14	19	
9	44	15	32	
10	26	18	23	27	
11	34	16	22	27	30	
12	21	15	
13	39	20	25	
14	43	20	27	29	31	
15	14	23	28	
16	17	22	30	38	
17	47	24	30	36	
18	21	21	30	36	
19	20	28	32	34	37	
20	33	26	28	38	
21	28	28	35	36	39	
22	11	32	36	39	
23	37	29	32	38	
24	12	27	31	33	
25	10	42	
26	11	
27	33	37	46	
28	12	39	49	
29	38	33	39	43	44	50	
30	29	37	
31	10	
32	42	33	37	44	46	
33	10	39	53	57	
34	14	41	51	53	
35	39	42	52	
36	23	40	54	
37	29	45	53	
38	37	51	
39	23	48	59	
40	24	54	
41	28	51	63	
42	13	
43	42	45	49	63	
44	46	47	52	54	
45	29	54	57	59	62	63	
46	27	56	62	63	64	
47	27	62	64	68	69	
48	46	55	62	65	67	
49	38	51	58	64	70	
50	35	52	54	69	70	
51	11	64	65	73	
52	29	58	69	
53	43	58	61	69	
54	19	58	66	68	72	73	
55	17	58	62	69	71	74	
56	32	60	62	67	76	
57	29	59	68	74	76	
58	25	65	68	75	
59	48	71	73	79	
60	40	67	75	
61	37	71	76	79	82	
62	40	74	75	77	78	80	
63	37	74	77	79	83	
64	35	77	83	
65	38	76	77	78	82	84	
66	34	80	81	84	89	
67	48	71	75	80	84	
68	49	76	78	
69	28	75	
70	31	72	77	89	
71	39	79	81	82	85	87	92	
72	45	86	89	94	
73	13	84	85	86	88	89	91	95	
74	48	90	93	95	
75	25	80	90	92	94	95	
76	48	80	92	
77	42	99	
78	14	87	99	
79	34	85	
80	38	
81	13	97	
82	40	98	
83	43	84	98	
84	29	96	99	
85	28	94	99	
86	49	
87	49	94	95	
88	27	93	98	
89	36	95	96	
90	43	
91	49	
92	46	
93	27	96	98	
94	14	96	
95	22	98	
96	33	
97	29	
98	38	
99	29	
