node	size	children
0	18	7	10	11	14	17	19	
1	18	7	8	10	11	12	13	
2	22	7	10	11	18	25	
3	27	7	8	10	13	16	25	
4	27	13	17	21	23	
5	39	9	13	16	17	
6	19	8	11	12	13	16	17	18	
7	28	17	22	32	
8	33	22	23	32	
9	20	15	18	24	
10	45	15	20	28	30	
11	20	16	25	
12	18	21	26	
13	19	24	25	30	31	
14	17	21	22	24	36	
15	38	20	22	38	
16	13	21	24	35	36	
17	10	21	23	25	27	31	32	34	39	
18	48	26	33	34	38	
19	20	23	38	39	
20	28	35	37	42	
21	32	29	37	
22	29	39	40	42	
23	49	33	34	36	43	45	
24	42	33	37	40	43	
25	15	26	37	41	42	
26	34	35	40	45	47	50	51	
27	30	36	40	42	
28	37	51	
29	18	39	41	44	48	
30	34	36	45	
31	38	35	42	44	
32	39	37	45	47	
33	11	41	54	55	
34	47	44	46	50	51	55	
35	20	47	56	
36	17	
37	22	57	
38	31	49	
39	24	40	49	56	57	
40	44	46	50	51	53	56	59	62	63	
41	12	46	55	57	63	
42	29	46	48	56	60	62	
43	27	52	55	56	63	
44	42	49	52	
45	45	46	57	62	63	
46	48	54	
47	26	54	61	
48	30	52	70	
49	16	55	
50	34	52	59	62	
51	43	59	64	
52	30	61	76	
53	43	58	59	64	67	73	
54	45	59	69	
55	43	63	
56	41	62	
57	21	66	72	76	
58	41	71	78	81	
59	26	65	67	72	73	81	
60	16	68	74	75	81	
61	18	78	83	
62	21	65	76	78	80	82	83	
63	13	73	76	82	
64	23	81	88	
65	15	82	90	
66	28	72	74	83	88	
67	47	80	85	88	
68	24	72	81	84	
69	10	72	75	87	
70	12	77	85	87	
71	35	93	
72	40	79	82	84	86	88	97	
73	49	79	86	88	89	96	97	
74	30	80	
75	35	78	80	82	85	87	90	91	
76	16	78	81	92	
77	15	92	
78	11	87	
79	17	88	90	98	
80	40	86	92	94	99	
81	27	90	
82	33	87	89	90	94	96	98	
83	41	87	95	96	99	
84	18	86	97	
85	48	91	93	
86	44	91	
87	27	91	95	
88	21	93	94	
89	36	95	
90	31	91	92	
91	36	
92	42	
93	26	
94	20	
95	21	
96	49	
97	13	99	
98	39	
99	47	
