node	size	children
0	24	15	16	20	21	
1	10	7	11	12	13	14	18	20	26	29	
2	20	9	10	11	13	14	18	21	
3	28	10	13	18	20	21	
4	15	7	10	11	14	16	17	19	20	26	
5	20	7	8	9	10	11	13	14	16	21	27	
6	28	7	8	10	11	16	18	19	21	
7	15	17	19	21	24	27	32	35	36	
8	20	17	24	30	
9	21	17	22	23	25	30	33	
10	46	16	28	34	35	
11	16	20	25	
12	41	20	23	29	
13	13	17	19	
14	48	25	27	33	
15	47	24	29	32	41	42	
16	42	24	32	36	37	
17	44	22	31	33	36	38	41	
18	11	27	29	39	40	
19	28	26	27	39	40	44	
20	21	39	40	44	
21	44	24	25	29	42	43	
22	25	43	46	49	50	
23	49	30	46	50	
24	12	34	
25	40	31	33	34	47	
26	27	31	35	45	47	
27	14	40	43	46	47	
28	43	32	39	41	50	51	
29	17	43	
30	17	51	
31	23	51	53	
32	41	51	57	
33	40	46	
34	20	
35	23	55	57	
36	19	40	45	54	57	
37	46	38	51	
38	20	
39	24	52	56	64	
40	34	48	54	59	60	64	
41	18	47	52	61	63	
42	38	48	52	54	63	
43	11	45	53	58	
44	16	46	48	53	57	62	
45	14	66	69	70	72	
46	15	66	74	
47	11	52	53	55	58	66	
48	36	53	63	66	72	74	
49	25	55	56	63	
50	33	54	55	58	64	
51	29	54	58	60	62	66	68	
52	42	78	
53	32	64	78	
54	18	64	71	81	
55	36	63	66	67	81	
56	42	62	63	68	
57	24	65	
58	21	65	67	
59	40	73	75	77	
60	42	79	80	81	82	
61	35	69	76	87	
62	13	69	72	74	79	88	
63	41	73	74	75	77	83	
64	45	69	75	85	
65	17	69	77	81	84	86	
66	26	69	
67	48	
68	24	75	77	82	90	94	96	
69	44	75	79	83	87	94	
70	31	81	87	94	
71	23	82	91	92	95	
72	23	94	
73	15	86	93	96	
74	35	90	
75	37	83	85	87	88	89	94	
76	48	97	104	
77	30	82	91	
78	23	85	92	99	103	
79	26	84	94	96	99	
80	24	85	91	101	
81	26	91	99	101	
82	25	102	103	108	
83	23	
84	30	95	99	
85	40	97	100	102	105	110	
86	27	100	105	109	
87	30	
88	25	108	
89	35	106	107	
90	39	105	107	112	114	115	
91	33	101	102	115	
92	43	101	112	
93	27	99	111	112	113	114	
94	35	100	102	111	118	
95	19	106	110	116	118	
96	17	98	102	106	108	111	117	
97	40	108	109	112	
98	36	109	115	
99	35	107	109	119	
100	24	107	119	
101	20	108	118	
102	23	
103	29	107	
104	22	
105	48	114	118	
106	34	114	116	
107	38	114	116	
108	28	119	
109	18	
110	34	
111	29	
112	26	
113	35	
114	17	
115	15	
116	12	
117	19	
118	28	
119	49	
