node	size	children
0	46	10	13	23	25	26	
1	34	7	8	10	12	16	19	24	
2	42	8	9	11	14	20	26	
3	15	20	25	26	
4	26	7	8	18	19	25	
5	48	7	8	13	18	21	
6	37	8	10	12	17	18	19	21	
7	34	16	21	25	26	29	31	35	
8	12	20	24	
9	37	20	27	28	
10	13	15	20	24	31	
11	13	22	34	
12	36	23	30	
13	47	17	18	22	28	35	
14	41	22	24	32	39	
15	10	22	28	31	
16	24	25	42	
17	35	33	35	42	
18	40	30	38	
19	28	26	28	37	42	
20	19	25	40	
21	47	
22	33	34	44	45	48	51	
23	35	29	37	42	45	49	
24	12	30	31	33	48	
25	26	32	39	
26	41	30	44	45	51	
27	32	33	35	37	38	45	
28	44	30	39	44	46	
29	16	41	46	50	58	
30	31	39	49	51	55	58	
31	39	36	39	47	49	51	
32	21	46	50	51	56	57	
33	32	37	46	47	54	
34	30	43	46	56	
35	27	47	56	
36	48	52	53	58	64	
37	19	44	45	57	
38	44	50	67	
39	35	49	56	
40	19	48	60	
41	12	65	
42	12	44	54	57	59	
43	42	50	54	55	56	57	
44	27	58	
45	32	52	55	66	69	71	
46	49	53	68	69	
47	30	55	58	
48	32	70	
49	46	65	70	
50	30	69	70	
51	17	53	55	70	74	
52	17	65	
53	12	61	66	72	74	75	
54	12	65	67	69	77	
55	16	66	78	
56	21	62	63	65	72	79	
57	34	61	67	70	79	
58	12	67	68	
59	10	65	68	69	77	82	
60	24	71	80	82	85	
61	35	84	
62	32	68	90	
63	49	
64	36	70	82	83	85	86	89	
65	14	86	
66	10	68	73	74	78	86	87	
67	11	68	71	73	88	
68	11	75	77	85	94	96	
69	33	75	80	83	85	93	94	
70	32	80	81	82	83	84	90	92	93	96	
71	30	76	80	83	89	92	96	97	
72	14	80	84	86	
73	13	77	82	86	95	
74	33	88	90	
75	33	84	88	94	97	
76	43	87	90	93	
77	41	84	102	
78	31	84	87	88	90	96	100	
79	49	93	95	97	
80	29	86	88	90	92	93	94	100	
81	38	99	102	
82	49	85	88	91	103	
83	27	
84	29	107	
85	36	94	100	103	
86	39	94	97	98	102	106	110	
87	37	104	110	112	
88	34	98	109	
89	32	105	110	
90	37	92	
91	45	100	116	
92	36	102	103	105	
93	46	110	114	118	
94	19	99	101	109	
95	41	101	112	115	
96	24	100	103	
97	29	103	107	
98	31	105	110	111	112	
99	33	108	111	113	117	
100	45	107	
101	40	116	
102	49	105	107	111	115	116	117	
103	27	109	115	116	
104	13	111	115	
105	24	115	
106	21	113	
107	49	119	
108	34	116	119	
109	25	119	
110	25	115	
111	49	
112	29	
113	38	
114	38	
115	46	
116	36	
117	42	
118	24	
119	37	
