node	size	children
0	25	10	13	15	19	21	22	24	25	29	
1	11	11	12	17	20	21	25	28	
2	22	8	9	11	14	15	17	20	21	29	
3	45	8	9	11	13	15	17	19	21	27	29	
4	47	7	8	13	16	17	18	27	28	
5	43	7	9	10	11	16	21	27	
6	13	8	10	11	13	19	25	
7	15	32	37	
8	29	19	24	34	37	
9	26	21	28	31	37	
10	23	19	24	
11	38	15	17	28	
12	40	15	24	31	
13	27	15	18	37	
14	44	
15	36	23	
16	21	36	
17	44	24	26	27	38	
18	43	26	27	41	
19	40	25	39	
20	11	44	
21	45	37	43	
22	17	25	29	33	39	
23	41	35	44	52	
24	47	35	38	46	
25	25	39	42	44	48	
26	22	30	32	33	42	
27	16	44	48	50	
28	45	33	34	44	45	
29	20	35	38	40	50	52	
30	36	40	
31	25	56	59	
32	39	38	44	59	
33	16	
34	20	50	58	
35	25	49	57	59	
36	24	38	40	
37	22	43	46	51	56	
38	44	46	60	65	
39	20	46	58	60	63	
40	19	57	
41	26	62	
42	37	47	54	62	67	
43	24	46	52	55	56	59	61	
44	31	
45	44	53	56	63	67	73	
46	13	53	58	69	70	
47	30	59	62	69	
48	47	
49	40	53	56	57	59	65	
50	23	65	72	74	
51	10	53	54	65	
52	37	63	68	72	
53	10	64	66	75	
54	22	61	70	71	76	
55	35	66	68	72	73	74	77	
56	43	64	67	74	77	78	80	
57	15	62	66	72	79	80	
58	41	61	69	71	72	81	
59	21	63	64	68	
60	27	89	
61	18	68	71	88	
62	49	69	70	77	79	80	
63	12	68	72	77	85	
64	35	68	79	83	85	86	87	89	
65	28	78	80	89	
66	28	83	89	
67	49	
68	15	86	89	95	
69	33	76	77	83	85	91	93	95	
70	48	75	76	89	91	
71	34	76	79	83	90	95	
72	35	82	87	88	
73	16	
74	24	87	92	
75	12	99	101	
76	10	86	88	
77	34	97	
78	40	84	97	
79	23	87	94	102	
80	26	85	87	93	104	
81	32	85	87	93	96	100	
82	15	86	92	97	
83	20	99	
84	35	92	94	105	
85	34	90	94	98	99	101	
86	27	99	104	
87	10	99	103	104	109	112	
88	13	97	105	
89	49	93	108	111	
90	48	98	108	115	117	
91	34	112	
92	12	100	
93	10	104	113	115	
94	32	99	101	103	107	116	117	
95	28	106	107	118	
96	18	106	116	119	
97	18	100	118	
98	21	108	112	
99	30	106	112	114	
100	19	107	108	
101	39	105	117	
102	48	106	117	
103	11	106	108	112	
104	10	105	110	111	117	
105	37	119	
106	32	
107	26	115	118	
108	44	117	
109	12	115	118	
110	30	
111	43	115	119	
112	18	113	118	
113	23	
114	32	
115	38	
116	24	
117	23	
118	40	
119	27	
