node	size	children
0	34	7	10	12	13	14	15	19	23	
1	10	9	11	14	17	18	22	25	
2	40	9	11	17	18	27	
3	38	9	11	12	13	14	18	20	24	
4	30	7	10	16	18	
5	35	11	18	19	23	24	
6	47	8	9	12	14	16	17	19	23	27	
7	11	15	16	23	
8	42	16	23	24	30	33	
9	20	15	21	30	
10	39	20	21	
11	22	14	21	25	27	34	
12	38	16	19	
13	42	25	
14	21	29	31	32	35	37	
15	29	24	25	27	36	37	39	40	41	
16	41	39	
17	13	30	31	33	39	
18	31	32	
19	47	30	31	39	
20	27	21	26	37	
21	17	47	48	
22	39	
23	28	43	45	47	
24	30	31	40	44	46	
25	14	40	41	
26	47	28	44	46	49	
27	47	44	
28	16	38	45	54	
29	22	36	42	53	
30	35	36	37	38	56	
31	39	45	48	
32	30	48	
33	18	38	51	
34	14	38	41	49	51	54	
35	25	48	51	54	
36	49	47	60	
37	14	63	
38	17	44	50	53	61	62	64	
39	16	49	50	51	
40	34	49	
41	43	48	55	61	
42	31	46	47	60	62	64	
43	24	52	57	60	67	71	
44	20	50	52	65	
45	10	50	52	59	61	63	
46	42	64	
47	26	52	55	67	
48	49	56	67	68	71	
49	26	55	62	71	
50	36	59	64	65	
51	15	59	62	63	66	67	
52	40	59	62	66	80	
53	29	66	71	72	
54	40	66	74	
55	11	58	61	65	66	67	69	72	
56	25	65	68	77	
57	15	
58	25	65	86	87	
59	20	69	86	
60	23	65	79	80	85	
61	27	67	68	72	82	84	
62	48	72	73	76	79	82	
63	26	66	70	87	
64	20	84	
65	31	80	84	85	86	
66	18	74	80	85	89	93	95	
67	26	76	77	79	81	85	92	
68	31	84	86	89	
69	31	79	86	95	
70	10	73	78	87	
71	14	76	87	
72	47	74	75	88	90	91	
73	46	84	85	97	102	
74	41	94	95	102	
75	13	
76	35	83	90	98	102	
77	30	89	95	101	
78	21	81	93	100	
79	21	93	
80	40	85	86	95	97	98	
81	19	96	
82	12	93	97	101	
83	49	97	99	106	
84	32	88	92	94	96	108	
85	15	91	92	97	103	
86	12	93	94	96	101	
87	24	91	96	
88	28	104	110	111	115	
89	43	112	
90	29	96	
91	17	100	109	
92	30	111	
93	45	98	99	101	106	111	114	115	116	
94	13	100	101	107	112	
95	43	99	110	
96	40	
97	21	104	105	115	
98	24	104	108	114	118	
99	31	108	
100	17	104	114	116	
101	15	107	114	
102	22	117	
103	38	113	
104	41	110	
105	15	
106	12	111	
107	34	110	113	116	118	
108	39	111	114	
109	44	
110	48	
111	44	
112	41	
113	37	118	119	
114	44	118	
115	49	
116	14	
117	17	
118	47	
119	19	
