node	size	children
0	20	7	9	11	12	16	17	20	22	27	
1	39	11	14	16	19	26	
2	20	9	11	18	19	28	
3	44	9	11	15	16	19	21	
4	40	7	9	10	13	17	18	26	28	
5	26	7	8	10	19	20	21	
6	22	7	
7	43	17	23	28	
8	43	21	
9	24	20	21	24	27	
10	26	15	24	26	32	
11	28	15	21	24	27	30	33	
12	48	32	
13	18	15	18	24	28	29	32	
14	35	23	28	33	
15	46	32	
16	37	27	31	32	33	43	
17	23	23	35	39	42	
18	31	27	40	42	
19	20	23	28	30	33	34	35	
20	13	25	
21	36	24	
22	44	30	37	40	49	
23	18	30	
24	28	29	34	38	45	46	51	
25	30	47	
26	18	36	47	
27	20	37	
28	13	34	50	
29	20	50	56	
30	28	37	44	50	51	
31	16	47	53	
32	33	39	45	47	49	52	
33	41	45	52	
34	30	36	41	43	45	53	55	
35	48	36	37	38	39	42	44	54	55	
36	38	44	46	56	61	
37	27	48	60	
38	35	53	56	57	62	
39	28	45	57	60	64	65	
40	14	63	
41	24	57	
42	42	63	
43	14	
44	47	67	
45	32	56	58	62	63	
46	15	56	57	65	70	
47	25	53	69	
48	19	55	61	65	66	70	
49	12	55	62	63	65	67	68	
50	44	54	56	58	
51	14	70	
52	35	76	
53	15	61	63	68	74	78	
54	45	75	77	78	
55	13	59	
56	26	60	74	
57	11	62	67	74	75	80	
58	31	67	70	73	76	
59	42	66	70	71	77	
60	28	68	78	
61	43	81	83	84	85	
62	36	73	83	85	88	
63	40	67	76	78	81	
64	22	81	82	
65	31	72	75	84	87	
66	49	84	86	89	91	
67	27	73	76	89	
68	39	81	
69	45	91	
70	25	75	77	79	
71	20	73	74	76	87	91	94	
72	42	79	81	88	89	92	
73	22	82	87	93	95	102	
74	29	91	94	100	102	103	
75	20	84	96	99	100	
76	22	93	102	
77	30	81	
78	24	93	101	
79	44	85	93	
80	42	82	87	88	97	
81	25	93	94	104	
82	43	95	
83	39	89	90	95	106	111	
84	30	91	100	104	109	
85	20	91	96	97	105	
86	16	94	99	100	109	
87	38	111	
88	35	90	96	97	98	100	111	
89	22	98	106	107	113	
90	19	98	102	105	106	
91	34	102	103	104	112	118	
92	10	97	104	110	115	
93	22	99	108	112	114	
94	18	99	104	110	113	116	
95	10	104	113	116	
96	39	108	109	
97	20	106	118	
98	11	112	118	119	
99	24	105	111	
100	39	117	
101	17	118	
102	16	111	114	
103	43	109	110	
104	17	112	
105	11	
106	41	114	
107	20	
108	21	114	
109	40	
110	21	
111	27	112	113	
112	43	
113	10	
114	12	
115	29	
116	46	
117	46	119	
118	45	119	
119	37	
