node	size	children
0	18	9	10	12	13	22	28	30	
1	46	8	9	11	12	14	15	16	17	19	
2	42	8	9	11	12	18	19	22	30	
3	37	11	13	15	19	20	
4	11	9	11	13	14	15	18	19	24	
5	16	8	13	15	19	29	
6	47	9	10	12	13	14	15	16	30	
7	13	9	12	14	15	17	23	25	
8	34	28	31	36	
9	49	16	18	24	28	33	34	
10	30	18	19	28	33	
11	12	17	18	23	24	25	33	
12	28	25	
13	47	16	21	25	32	36	
14	28	27	33	
15	28	22	25	30	
16	29	25	28	36	43	
17	11	26	36	39	
18	42	27	35	36	38	42	
19	16	42	
20	39	37	42	44	
21	12	29	43	
22	41	45	
23	31	32	34	39	
24	48	35	51	
25	48	32	33	35	
26	30	32	34	41	
27	40	33	39	40	42	51	
28	39	34	36	38	41	52	
29	26	35	37	44	47	
30	21	32	37	
31	35	52	
32	47	39	41	50	52	53	
33	37	53	57	
34	19	53	56	
35	41	40	56	57	59	
36	18	41	42	59	
37	10	40	49	50	52	55	57	
38	18	50	51	
39	32	48	50	51	54	56	63	65	
40	29	
41	43	54	59	
42	41	46	59	64	65	
43	26	56	57	
44	11	48	50	
45	47	48	58	
46	22	55	61	68	69	72	
47	26	56	60	62	68	73	74	
48	23	69	71	
49	24	53	68	
50	30	70	71	72	
51	17	70	
52	22	57	64	67	71	
53	22	61	73	77	
54	27	71	73	
55	18	64	77	
56	12	61	72	74	75	80	
57	47	61	69	72	80	
58	15	60	62	66	73	80	
59	20	62	64	67	70	74	77	79	81	
60	10	
61	40	78	81	85	
62	49	72	79	81	82	83	
63	32	77	81	88	
64	33	69	83	88	
65	31	69	75	84	
66	38	69	72	75	79	
67	26	68	75	
68	40	88	89	94	
69	12	90	95	
70	32	84	
71	43	89	91	
72	18	84	92	
73	16	76	90	
74	38	86	94	
75	15	80	89	93	
76	41	
77	19	87	92	100	101	
78	14	84	92	
79	45	83	84	89	102	
80	35	83	86	96	98	
81	20	83	89	101	
82	44	101	104	
83	30	90	92	96	97	
84	37	96	103	108	110	
85	32	108	109	
86	14	93	96	98	103	104	112	
87	39	98	106	
88	25	96	108	
89	29	98	104	
90	32	108	111	115	
91	31	97	100	103	
92	15	99	103	117	118	
93	32	111	
94	49	100	106	111	
95	38	111	117	
96	33	106	115	117	
97	35	105	106	113	118	
98	39	105	106	115	
99	35	105	106	109	113	117	118	119	
100	49	118	
101	13	112	114	
102	47	111	115	
103	32	108	
104	44	107	113	
105	28	
106	16	114	115	
107	40	116	
108	19	114	117	
109	39	114	117	118	
110	28	114	119	
111	22	
112	25	
113	37	
114	16	
115	34	
116	15	
117	18	
118	11	
119	48	
