node	size	children
0	19	13	14	17	18	19	21	
1	20	8	11	14	16	24	26	
2	32	8	11	12	15	18	21	22	27	
3	43	10	13	18	22	23	25	
4	44	8	9	14	17	21	22	25	
5	45	8	10	14	15	26	29	
6	43	8	9	10	11	14	16	21	25	
7	29	9	11	16	23	
8	21	15	18	27	30	34	35	
9	35	17	28	30	31	
10	12	17	21	31	
11	24	29	31	
12	30	18	30	
13	21	20	22	23	25	32	36	
14	28	15	20	28	30	
15	10	28	43	
16	33	28	33	38	
17	10	27	29	33	35	40	41	
18	39	32	38	41	
19	46	35	
20	10	28	38	43	
21	39	26	28	29	31	32	
22	47	32	44	
23	32	31	38	48	
24	39	34	44	45	46	47	50	51	
25	23	52	
26	21	39	51	
27	31	32	37	41	46	47	48	49	51	52	
28	30	35	48	50	
29	33	36	
30	26	37	42	44	
31	20	44	54	58	60	
32	13	38	42	47	57	
33	40	41	42	53	59	
34	16	40	42	51	52	60	
35	23	39	41	58	60	
36	11	42	45	51	
37	35	46	66	
38	32	48	58	
39	49	50	
40	22	50	56	60	64	65	
41	49	50	51	
42	14	45	52	55	56	61	
43	32	47	58	60	61	64	67	
44	40	50	55	63	
45	16	61	69	70	
46	16	59	68	74	
47	13	58	59	61	
48	27	58	60	71	
49	49	55	59	71	
50	39	55	56	
51	10	65	67	
52	31	53	56	69	72	
53	17	62	78	81	
54	21	65	69	72	
55	17	62	67	79	
56	31	76	
57	26	61	67	70	82	
58	20	61	68	83	
59	46	68	74	77	83	
60	12	67	70	78	83	
61	43	68	70	
62	35	68	69	70	71	72	73	75	82	83	
63	37	75	78	82	87	88	
64	22	71	82	85	
65	31	83	85	
66	19	79	81	
67	25	83	86	88	
68	23	79	85	88	90	98	
69	33	78	79	80	89	
70	35	78	84	86	
71	29	82	86	87	95	96	
72	35	79	95	96	98	
73	36	81	90	
74	25	81	88	92	96	
75	29	80	81	93	
76	12	
77	10	85	88	90	93	
78	25	98	
79	15	88	
80	14	90	95	
81	14	87	90	
82	10	94	97	101	104	
83	22	92	105	
84	49	95	103	107	109	
85	34	96	97	
86	36	91	97	110	
87	15	97	
88	15	97	
89	42	93	101	104	110	
90	19	
91	36	99	102	103	
92	19	99	
93	31	100	
94	20	112	116	
95	21	99	106	110	
96	20	103	107	111	119	
97	29	107	108	109	113	115	
98	46	100	111	114	118	
99	17	
100	46	107	118	
101	42	107	108	109	119	
102	49	115	117	
103	18	109	115	119	
104	13	114	
105	11	111	113	114	
106	45	108	109	110	
107	21	116	118	
108	14	116	
109	37	114	115	
110	42	116	
111	44	
112	12	115	117	
113	33	116	119	
114	37	
115	25	
116	46	
117	14	
118	40	
119	42	
