node	size	children
0	30	11	14	19	21	28	
1	29	8	11	12	14	15	16	18	21	22	24	28	
2	16	9	10	11	20	21	
3	39	18	21	22	26	
4	23	14	15	18	21	23	
5	18	10	13	14	15	18	27	
6	17	8	9	13	14	23	
7	41	8	11	12	13	14	15	17	19	20	
8	18	22	34	35	
9	40	19	34	36	
10	44	20	24	
11	18	19	20	32	
12	47	22	29	30	33	
13	38	35	
14	19	17	22	31	
15	20	18	22	23	
16	18	33	38	42	
17	11	34	39	
18	48	25	28	35	39	41	
19	36	24	25	33	42	
20	49	28	33	35	42	
21	32	
22	10	35	
23	25	40	41	44	45	
24	32	40	45	47	
25	19	39	42	45	
26	27	38	39	
27	29	34	37	43	45	
28	11	33	39	
29	25	44	47	50	
30	28	52	53	55	56	
31	25	41	54	
32	47	38	
33	37	41	44	51	54	
34	16	42	44	56	57	58	
35	37	38	
36	11	40	
37	13	41	49	56	
38	45	49	54	57	59	
39	25	50	66	
40	47	53	55	60	
41	25	48	52	66	
42	26	54	55	57	
43	33	45	46	64	
44	20	48	55	56	65	
45	41	52	67	74	
46	39	
47	21	52	55	69	
48	48	53	61	72	
49	43	56	60	64	
50	28	52	59	72	73	
51	20	57	60	73	
52	38	62	63	64	71	
53	13	66	75	
54	23	
55	39	60	67	81	
56	12	60	63	66	70	
57	20	63	65	71	77	
58	24	81	
59	18	67	73	85	
60	34	67	69	74	78	83	88	
61	13	67	81	84	85	
62	27	68	74	78	82	
63	30	67	69	75	85	
64	29	75	84	
65	29	71	81	
66	26	
67	17	77	84	92	
68	24	78	84	89	94	
69	12	79	80	96	
70	13	79	82	86	91	92	
71	37	79	88	
72	45	75	76	78	79	80	87	88	
73	11	76	81	88	91	97	
74	41	76	81	82	83	
75	19	91	93	94	
76	16	87	89	95	
77	19	89	90	91	
78	29	85	90	95	96	
79	37	90	
80	27	90	97	101	
81	46	85	89	90	101	102	
82	17	88	91	94	98	99	
83	44	94	100	107	
84	18	92	97	
85	13	92	105	
86	18	102	103	109	
87	38	100	
88	42	95	98	100	101	104	
89	46	93	105	109	111	112	
90	48	95	106	108	109	
91	16	107	108	110	111	119	
92	29	110	
93	49	101	105	109	110	111	
94	23	108	
95	26	99	104	105	111	113	115	
96	44	100	106	107	109	111	
97	21	
98	42	107	108	112	118	119	
99	17	115	
100	23	108	112	114	115	
101	43	106	110	114	
102	15	
103	16	110	113	
104	14	113	116	
105	44	106	108	116	117	
106	25	115	116	
107	48	114	115	119	
108	47	
109	28	114	
110	42	
111	20	
112	47	119	
113	13	
114	20	
115	33	
116	38	
117	23	
118	38	
119	37	
