node	size	children
0	45	7	9	10	16	19	25	27	
1	40	7	8	9	10	11	12	
2	40	7	8	9	10	12	13	14	20	21	24	
3	16	7	8	9	10	12	14	15	18	19	21	
4	22	7	10	22	24	28	
5	15	8	12	13	14	15	28	
6	13	12	15	25	27	28	
7	34	19	
8	27	16	17	23	28	34	
9	20	17	23	29	
10	25	16	17	19	20	21	24	
11	33	22	23	31	
12	40	19	23	31	
13	39	17	20	26	35	
14	26	15	17	29	
15	49	24	39	41	43	
16	11	22	23	26	29	32	37	41	43	
17	41	27	28	31	38	42	
18	27	27	30	35	
19	47	34	
20	28	43	
21	16	39	40	
22	21	48	
23	28	32	34	
24	46	29	
25	27	29	32	34	35	
26	13	34	36	39	43	48	
27	32	32	43	44	50	
28	46	33	35	40	47	50	
29	46	41	53	54	58	
30	19	37	49	50	56	
31	21	54	56	
32	48	41	47	58	
33	30	42	51	57	58	
34	41	46	47	50	
35	30	42	44	51	
36	30	41	47	50	51	53	
37	10	45	53	62	
38	32	54	
39	45	54	55	56	60	61	63	65	
40	44	44	48	51	55	
41	14	60	
42	48	44	49	
43	25	47	56	
44	44	52	69	
45	20	52	61	64	
46	38	52	72	
47	21	52	53	61	66	72	
48	44	52	63	66	
49	23	55	63	
50	15	55	70	72	
51	49	63	68	
52	16	64	67	
53	49	74	
54	35	59	81	
55	21	62	70	72	75	
56	33	66	68	71	73	77	
57	36	61	75	76	
58	42	59	72	74	
59	13	67	81	88	
60	38	70	78	82	88	
61	22	74	84	
62	19	85	88	
63	42	67	70	80	81	
64	42	73	80	87	
65	14	67	84	
66	23	79	81	82	85	90	94	
67	47	89	90	93	95	
68	17	80	86	88	90	
69	28	87	89	92	
70	22	86	92	94	
71	13	74	76	78	89	95	
72	10	74	85	87	90	92	
73	27	81	90	
74	41	83	87	89	93	97	102	
75	37	83	95	
76	34	85	94	95	
77	44	84	91	102	
78	12	
79	36	89	90	100	101	102	
80	46	84	98	
81	22	85	87	97	
82	48	91	101	106	107	110	
83	10	93	
84	42	107	
85	10	92	96	
86	43	92	104	
87	35	
88	35	106	
89	20	
90	45	100	109	111	
91	40	101	112	113	
92	46	101	103	
93	39	97	101	109	
94	23	100	114	
95	39	97	99	105	108	117	
96	14	107	109	112	115	116	118	
97	10	108	113	117	118	
98	18	108	113	117	
99	21	104	109	115	119	
100	23	119	
101	23	105	
102	23	105	108	112	115	
103	30	107	111	113	118	119	
104	15	118	
105	40	117	119	
106	46	116	
107	46	117	
108	12	114	
109	20	112	114	
110	22	
111	33	
112	39	
113	42	
114	46	119	
115	45	
116	38	
117	38	
118	10	
119	43	
