node	size	children
0	46	9	10	11	12	13	14	17	18	22	27	
1	32	9	12	13	14	15	21	23	30	
2	15	8	9	14	16	19	
3	17	8	10	11	12	16	23	25	28	
4	36	8	9	11	14	16	20	
5	47	8	9	10	11	12	16	17	19	31	
6	27	8	9	10	14	16	23	27	
7	28	8	10	12	13	14	15	19	21	23	24	
8	20	28	36	38	39	
9	19	22	28	
10	21	19	28	29	32	33	34	36	
11	28	16	24	27	29	
12	38	26	27	28	31	33	
13	25	17	18	26	33	36	
14	33	
15	16	26	
16	47	31	43	
17	14	28	46	
18	49	27	30	42	44	
19	43	24	29	31	
20	25	38	39	
21	16	27	29	30	34	
22	19	36	37	40	46	
23	29	40	
24	16	34	35	41	
25	21	34	35	43	50	
26	32	37	39	43	
27	30	40	48	
28	37	34	39	45	46	
29	28	32	37	51	
30	17	45	51	
31	46	38	40	46	
32	49	48	
33	39	40	43	46	53	58	
34	36	41	50	58	
35	29	41	
36	28	41	42	50	51	
37	18	50	61	
38	26	43	
39	14	53	55	56	57	
40	11	49	52	54	59	
41	42	56	67	
42	17	55	59	68	
43	17	48	63	66	
44	16	47	
45	40	54	60	
46	13	54	57	62	68	69	
47	47	54	58	59	73	77	
48	30	62	64	65	69	72	
49	29	58	70	71	73	
50	40	58	63	65	71	
51	45	59	62	65	71	72	
52	10	55	56	67	69	77	
53	13	59	76	
54	43	63	70	
55	44	
56	45	62	78	82	85	
57	35	63	79	
58	13	65	75	
59	24	65	66	
60	43	62	71	
61	19	66	67	79	85	
62	42	76	90	
63	48	
64	39	76	90	
65	34	92	
66	19	70	72	82	92	
67	14	71	72	73	76	81	90	92	
68	20	74	82	85	92	
69	19	89	90	
70	25	80	83	86	101	
71	29	81	87	93	100	
72	29	80	88	93	97	101	
73	44	88	
74	13	79	83	95	101	
75	21	79	84	
76	37	79	85	95	
77	11	92	93	
78	22	88	89	97	108	
79	41	95	96	97	
80	31	87	93	100	
81	36	90	98	109	
82	20	91	108	
83	45	93	96	
84	30	89	102	108	
85	41	87	
86	34	95	97	101	103	109	115	
87	38	101	107	109	110	115	
88	28	95	97	99	107	109	110	115	116	
89	24	97	108	110	
90	36	94	96	112	117	
91	25	96	101	105	106	109	112	115	
92	11	94	102	104	105	108	110	115	
93	12	96	115	
94	36	116	117	
95	37	113	117	118	
96	30	107	109	
97	17	106	107	117	118	
98	10	102	
99	39	103	108	
100	17	110	117	
101	10	105	114	
102	19	110	118	
103	29	111	116	
104	21	116	
105	29	112	117	
106	14	114	
107	46	112	
108	49	
109	47	111	
110	43	119	
111	10	
112	39	118	
113	30	
114	28	
115	48	
116	32	
117	20	118	
118	22	
119	33	
