node	size	children
0	42	8	12	20	
1	12	8	9	12	16	21	27	
2	17	8	11	14	17	19	
3	15	9	10	11	14	15	19	27	29	
4	20	9	11	12	14	20	22	
5	41	9	12	13	14	17	20	22	24	
6	47	7	8	10	11	13	14	20	
7	26	15	16	18	25	31	
8	21	16	18	30	
9	34	22	25	29	31	34	
10	48	
11	16	35	
12	45	20	28	
13	18	18	19	27	31	
14	33	15	16	18	
15	25	27	29	30	35	
16	49	22	23	39	40	41	
17	10	23	25	30	34	37	
18	36	34	
19	46	25	26	33	36	
20	22	32	34	
21	48	31	35	43	
22	36	33	34	
23	40	35	
24	34	31	32	35	48	
25	19	36	37	45	46	
26	18	30	36	42	
27	21	30	38	43	44	
28	40	36	45	46	
29	39	35	38	41	44	45	
30	33	37	42	50	55	
31	38	37	48	
32	25	38	42	50	57	58	
33	30	38	39	46	
34	38	44	50	
35	25	48	50	54	55	
36	46	42	48	50	56	
37	22	55	58	65	
38	45	51	62	
39	43	47	62	
40	22	48	51	52	54	
41	16	44	49	53	54	56	58	
42	19	45	47	49	51	53	56	62	63	
43	13	45	51	54	58	
44	32	56	58	63	70	
45	21	57	63	66	72	
46	25	59	70	72	
47	23	59	62	
48	42	52	53	62	
49	28	
50	47	54	59	60	69	
51	47	54	73	
52	28	64	67	69	
53	34	60	63	65	
54	28	67	69	
55	44	72	79	
56	22	61	67	68	
57	43	62	77	
58	22	60	79	
59	41	73	81	
60	29	72	
61	49	71	73	74	81	85	86	
62	16	73	
63	45	70	80	84	85	87	88	
64	44	70	80	83	88	
65	24	70	74	75	82	
66	43	69	70	82	85	88	
67	10	68	72	81	88	
68	25	75	76	85	90	91	
69	22	79	92	97	
70	43	81	87	92	96	
71	35	86	87	
72	38	82	93	
73	19	76	79	86	94	97	
74	44	78	79	86	97	
75	14	95	101	
76	47	87	93	
77	16	83	94	96	
78	26	84	90	91	92	93	96	
79	14	82	84	91	
80	20	88	89	93	103	
81	28	95	103	
82	49	93	95	104	
83	27	90	92	93	102	104	
84	49	
85	41	95	102	
86	29	106	108	110	
87	18	91	100	101	103	
88	29	99	103	105	107	
89	42	94	96	101	103	107	108	
90	36	109	
91	16	98	100	106	114	116	118	
92	23	99	
93	12	101	110	111	116	
94	44	101	104	113	
95	16	100	107	110	
96	12	100	110	
97	37	
98	25	107	111	112	
99	37	106	110	112	
100	43	111	
101	48	
102	37	107	108	117	
103	36	108	116	117	
104	22	109	116	119	
105	41	
106	49	112	
107	48	117	
108	46	113	
109	33	113	117	
110	11	113	115	116	117	
111	27	113	
112	12	
113	15	
114	37	
115	22	
116	42	
117	35	
118	36	
119	27	
