node	size	children
0	49	9	10	15	16	17	18	28	
1	34	9	10	11	12	17	
2	27	8	9	10	12	23	27	28	
3	40	7	9	
4	42	9	13	23	26	
5	19	10	11	13	14	16	20	26	28	
6	11	11	13	17	24	
7	45	19	28	
8	46	15	19	
9	49	15	20	24	29	
10	16	15	21	27	34	
11	18	23	30	34	
12	20	15	17	19	22	23	24	25	31	33	36	
13	15	18	
14	35	31	35	40	
15	29	24	26	28	34	35	41	
16	47	32	34	39	43	
17	21	24	35	
18	19	23	42	43	
19	14	22	25	36	37	
20	47	25	44	
21	17	27	31	35	36	38	
22	21	41	42	49	
23	29	36	39	51	
24	37	29	30	33	34	47	52	
25	24	31	41	
26	48	30	39	43	51	
27	34	33	46	49	52	
28	46	30	31	32	38	41	42	
29	32	43	46	
30	16	39	42	53	54	56	
31	29	44	54	57	
32	16	41	45	56	57	
33	13	39	52	57	
34	10	39	41	56	57	59	
35	26	48	49	57	59	
36	23	50	51	53	
37	21	50	51	
38	49	49	54	58	67	
39	28	46	50	
40	15	48	50	53	61	63	
41	17	49	50	56	58	
42	30	59	67	
43	23	52	53	56	59	
44	27	51	54	58	59	
45	29	67	69	70	
46	17	58	73	
47	36	54	58	67	
48	33	53	55	
49	11	65	
50	43	
51	15	60	62	
52	39	57	74	
53	19	66	68	69	70	74	77	80	
54	28	60	66	68	74	
55	24	66	67	71	79	
56	21	68	70	
57	45	64	66	70	72	79	
58	31	64	68	71	73	76	
59	44	68	70	76	81	
60	29	71	
61	47	79	
62	45	69	73	75	76	82	86	87	89	
63	38	71	79	86	87	90	
64	15	69	71	72	76	84	87	
65	48	72	85	89	90	
66	13	86	
67	13	70	71	73	80	82	
68	34	78	88	97	
69	15	75	89	93	
70	27	81	83	94	95	
71	11	80	83	95	
72	20	77	80	91	93	
73	21	82	84	89	90	92	
74	29	75	76	89	
75	36	88	91	95	101	105	
76	23	88	91	93	94	
77	12	86	87	102	
78	25	90	97	104	
79	34	98	99	102	
80	44	86	93	103	
81	38	86	90	94	
82	47	84	87	90	93	94	
83	15	92	101	104	
84	43	94	96	108	
85	10	95	96	111	113	
86	46	98	112	
87	34	95	98	111	
88	31	113	
89	38	107	111	
90	30	95	112	
91	36	108	118	
92	44	101	118	
93	40	102	
94	30	104	116	
95	37	101	104	
96	16	106	110	113	115	
97	23	104	
98	24	100	101	107	
99	34	
100	40	112	
101	22	110	
102	39	107	111	113	116	117	
103	10	109	
104	35	
105	16	113	
106	19	108	116	
107	33	114	
108	32	
109	49	114	
110	33	
111	20	117	
112	47	116	
113	18	114	118	119	
114	17	
115	27	
116	13	
117	18	
118	42	
119	14	
