node	size	children
0	32	7	8	10	13	15	19	
1	37	7	9	11	12	14	15	16	21	24	26	30	
2	41	9	10	12	14	15	16	20	22	
3	27	8	9	11	13	14	16	
4	40	8	9	10	11	12	14	16	
5	15	9	10	11	15	17	18	20	22	26	29	30	
6	27	8	10	11	14	18	19	30	
7	40	18	22	28	32	
8	40	20	28	
9	13	19	24	35	
10	47	29	
11	35	23	24	32	34	
12	35	18	32	37	
13	14	17	18	24	28	
14	39	29	31	35	
15	20	30	37	
16	23	25	27	28	29	33	36	38	43	
17	21	27	28	30	36	
18	18	26	29	32	36	37	43	
19	44	32	41	
20	25	37	
21	32	27	31	32	
22	10	31	34	36	42	
23	26	33	34	40	45	
24	18	36	38	49	
25	17	34	44	
26	47	40	41	52	
27	20	46	47	
28	47	31	37	41	50	
29	32	47	51	
30	13	43	45	
31	36	42	
32	37	43	46	
33	39	44	52	
34	33	39	45	53	59	
35	42	47	53	55	59	
36	39	38	41	45	46	55	56	
37	46	41	56	58	
38	46	48	57	58	60	62	63	
39	29	66	
40	41	51	53	57	60	65	66	
41	18	55	58	59	60	63	66	
42	46	54	58	62	
43	43	53	
44	23	
45	37	63	
46	20	58	62	68	70	72	
47	14	53	
48	46	57	62	63	
49	19	
50	13	67	68	73	
51	10	72	74	
52	46	57	67	68	69	
53	27	60	61	69	72	77	
54	43	64	73	79	80	
55	19	61	
56	23	61	63	72	73	
57	33	61	65	76	
58	24	70	72	74	75	
59	38	62	66	
60	21	70	80	81	87	
61	14	75	76	
62	37	67	84	
63	34	70	84	
64	37	69	82	83	
65	41	68	82	83	84	89	
66	27	70	71	74	81	83	86	
67	13	81	85	88	90	
68	22	78	81	91	
69	35	
70	49	81	93	
71	12	79	85	
72	44	82	85	96	
73	20	75	84	88	96	
74	33	81	83	
75	14	93	94	100	101	102	
76	33	82	86	95	101	
77	30	85	86	93	98	100	
78	14	90	
79	48	100	
80	28	83	94	96	100	
81	10	88	96	101	
82	13	91	98	100	
83	46	94	
84	39	91	107	109	
85	38	
86	49	107	
87	43	95	105	
88	20	91	92	106	
89	24	91	97	99	102	104	107	108	109	
90	32	110	114	
91	37	
92	48	97	103	106	112	113	114	
93	18	98	105	106	109	115	
94	19	108	112	
95	22	97	104	111	
96	46	98	104	113	
97	19	110	115	119	
98	40	108	113	115	116	
99	32	108	112	116	119	
100	45	
101	16	
102	37	104	117	
103	10	107	110	111	
104	28	
105	22	115	
106	12	116	
107	13	
108	39	
109	35	111	112	117	
110	35	113	116	
111	13	118	
112	41	
113	39	
114	19	
115	27	
116	16	
117	35	
118	14	
119	20	
