node	size	children
0	47	7	17	19	28	
1	26	7	9	10	12	13	20	22	26	
2	44	7	10	11	12	13	20	22	23	26	27	28	
3	44	7	9	10	11	12	18	20	24	26	
4	34	13	18	21	25	
5	17	8	12	13	19	20	21	28	
6	15	8	10	11	12	13	15	16	19	22	25	27	28	
7	17	15	21	25	
8	28	26	
9	48	34	
10	20	14	35	
11	16	19	22	28	
12	21	14	20	22	26	
13	18	15	17	18	26	28	33	
14	27	34	
15	48	29	
16	45	24	40	
17	39	22	30	32	41	
18	12	
19	12	25	
20	26	29	37	41	
21	42	30	32	34	38	
22	29	34	44	
23	42	32	33	39	
24	45	37	39	44	45	
25	27	31	33	42	44	47	49	
26	40	32	33	47	49	
27	46	33	48	
28	27	31	39	46	
29	27	41	50	
30	23	43	50	55	
31	39	39	45	46	49	53	
32	33	45	47	
33	29	36	41	46	54	
34	27	53	
35	16	47	51	52	55	
36	44	45	54	55	56	63	64	
37	15	50	
38	19	47	51	58	
39	38	49	54	61	
40	33	43	54	58	60	
41	12	55	60	64	
42	21	48	52	53	62	
43	27	62	72	
44	20	54	62	64	65	67	71	72	
45	26	50	53	58	65	66	67	
46	10	50	51	56	59	67	68	
47	49	66	
48	49	58	68	
49	38	52	53	56	57	62	63	64	66	68	
50	19	60	70	77	78	
51	41	60	68	70	73	74	78	79	
52	27	60	69	80	
53	40	
54	46	59	75	
55	37	61	71	
56	21	61	62	64	79	
57	28	65	67	69	79	
58	43	71	72	74	84	87	
59	36	69	82	88	
60	48	69	73	81	
61	44	66	68	74	79	82	87	
62	28	76	77	79	
63	18	70	79	82	
64	38	66	67	69	78	
65	25	66	69	71	75	77	87	
66	22	86	91	
67	26	80	81	94	
68	42	89	94	
69	23	96	
70	39	78	91	
71	34	81	85	94	
72	17	75	78	82	
73	42	83	89	
74	47	86	88	92	
75	40	96	
76	24	82	86	89	102	
77	18	85	95	103	
78	24	101	
79	47	83	98	102	
80	46	97	98	
81	39	83	88	
82	16	97	99	103	108	
83	41	90	92	99	103	105	
84	22	89	92	96	101	107	
85	12	92	93	94	101	104	106	
86	22	97	102	103	106	
87	12	97	101	107	
88	43	101	102	111	
89	35	113	117	
90	33	99	101	102	108	110	112	113	114	119	
91	30	99	114	
92	42	97	103	
93	47	100	111	112	115	
94	10	98	100	
95	38	113	
96	25	103	111	
97	14	105	
98	24	106	107	115	
99	26	106	109	114	115	
100	45	116	
101	48	112	117	
102	23	117	
103	29	117	
104	23	105	118	
105	48	119	
106	40	113	115	117	
107	42	114	
108	13	113	115	
109	46	114	
110	12	116	
111	23	112	
112	22	
113	29	
114	37	
115	26	
116	31	
117	19	
118	37	
119	42	
