node	size	children
0	10	8	9	10	14	16	17	26	
1	36	8	10	11	14	15	19	28	
2	36	8	10	12	13	15	16	17	
3	45	12	13	14	15	16	17	20	23	29	
4	46	8	9	11	12	15	17	21	24	28	
5	33	8	11	14	18	19	21	
6	43	10	12	13	19	
7	42	10	15	19	22	
8	46	27	
9	19	22	25	30	35	
10	19	24	28	33	34	35	
11	29	29	35	37	
12	49	32	
13	11	27	30	
14	11	30	36	
15	48	16	17	19	26	
16	44	29	34	41	43	44	
17	36	35	
18	22	29	33	37	40	43	
19	22	30	
20	19	23	31	38	40	42	44	
21	33	28	38	42	
22	28	23	30	36	38	44	
23	25	36	49	50	52	
24	27	48	50	
25	21	32	36	42	51	
26	45	32	34	39	42	43	
27	28	37	
28	27	50	
29	47	36	39	42	45	51	
30	32	40	44	
31	10	40	48	
32	21	43	53	57	59	
33	42	59	
34	19	48	55	58	
35	44	38	44	51	53	55	58	
36	31	38	51	
37	47	39	
38	46	61	66	
39	49	47	49	52	54	58	60	63	67	
40	46	55	57	64	
41	25	46	52	58	60	63	
42	24	48	52	54	62	
43	15	52	55	64	66	
44	18	51	57	62	64	
45	31	57	58	
46	38	56	59	
47	18	60	67	
48	17	61	63	68	
49	36	54	
50	13	54	57	59	60	
51	34	54	71	
52	19	74	
53	46	65	66	71	
54	31	63	66	68	71	72	76	
55	30	70	75	
56	39	61	63	75	81	
57	39	70	80	81	
58	17	65	
59	43	65	73	74	
60	42	65	75	
61	19	68	70	73	
62	42	
63	17	88	
64	40	69	73	78	81	82	
65	42	68	71	74	78	83	
66	33	70	72	75	78	83	
67	15	70	71	82	83	86	
68	29	87	93	
69	21	77	87	93	94	
70	43	76	78	79	88	93	
71	23	82	83	95	
72	35	75	86	94	95	
73	26	82	92	
74	32	86	
75	31	91	95	
76	24	86	91	101	
77	28	91	94	
78	49	85	94	100	
79	16	83	84	89	95	
80	44	102	
81	33	87	88	94	96	98	102	
82	47	104	107	108	
83	46	102	105	
84	10	92	98	99	105	
85	46	102	107	
86	24	90	92	95	98	104	
87	22	98	106	109	
88	35	92	97	106	109	
89	25	97	100	101	103	114	
90	13	100	103	106	109	110	111	115	
91	48	109	111	114	
92	27	105	108	114	
93	41	97	114	
94	47	100	110	118	
95	23	98	100	118	
96	26	117	119	
97	29	119	
98	25	112	
99	32	108	113	115	116	
100	28	105	
101	24	105	106	
102	29	114	
103	19	110	112	113	
104	36	118	119	
105	34	
106	35	112	
107	30	115	119	
108	16	112	115	118	
109	30	
110	27	116	
111	16	
112	18	
113	40	
114	12	
115	18	
116	35	
117	23	
118	41	
119	21	
