node	size	children
0	35	8	14	16	19	28	30	
1	21	8	9	10	12	15	28	
2	12	9	11	12	13	14	18	24	28	30	
3	32	7	12	13	14	18	19	21	26	28	
4	16	8	9	12	17	18	19	27	
5	46	8	12	14	16	18	
6	46	8	10	11	13	14	18	19	28	
7	28	19	24	36	
8	33	31	
9	19	24	36	
10	41	15	16	18	20	26	32	33	
11	44	26	
12	25	17	36	37	
13	15	17	22	37	
14	29	17	25	36	38	
15	18	24	37	41	
16	19	32	
17	26	23	30	33	35	41	
18	24	26	39	
19	47	24	26	29	31	33	37	41	44	
20	19	26	42	
21	36	25	28	33	41	42	45	
22	30	24	41	
23	43	47	
24	26	50	52	
25	12	34	36	37	43	52	
26	29	37	39	40	45	47	52	
27	19	39	45	48	
28	49	33	45	
29	24	32	45	
30	41	32	33	
31	32	60	
32	25	42	58	60	
33	22	40	41	46	57	
34	46	53	56	
35	18	56	
36	20	53	58	60	
37	36	43	
38	46	53	56	
39	13	47	67	
40	11	53	55	63	65	
41	17	
42	23	47	49	51	53	
43	27	
44	28	49	61	63	64	
45	14	47	49	52	61	65	68	
46	41	47	52	55	
47	38	56	73	
48	37	75	
49	30	55	58	69	70	
50	34	58	64	74	75	
51	35	60	64	68	73	
52	45	61	64	70	73	
53	42	54	59	62	64	70	
54	26	63	68	72	73	74	80	82	
55	30	63	65	68	77	79	
56	28	69	75	76	77	
57	37	62	74	81	
58	24	70	
59	31	61	63	65	69	71	73	76	
60	10	66	69	83	
61	38	74	85	
62	34	77	80	88	
63	11	88	
64	28	69	77	81	83	88	91	
65	25	70	74	77	81	
66	14	79	87	
67	26	78	82	86	87	88	89	
68	38	70	75	76	
69	45	84	85	96	
70	10	82	85	86	98	
71	37	77	82	83	
72	13	84	96	
73	24	79	85	98	
74	18	78	
75	35	79	81	84	89	92	
76	20	87	88	90	92	97	
77	41	95	96	103	104	
78	23	89	90	96	
79	45	92	103	
80	43	85	99	103	
81	25	85	90	93	97	103	
82	12	90	98	101	106	
83	49	93	97	105	
84	45	92	97	
85	44	95	108	
86	49	105	106	108	
87	48	109	
88	11	94	104	108	
89	31	96	101	102	103	
90	36	94	97	98	101	105	106	111	
91	33	94	100	
92	19	106	108	
93	43	105	111	112	115	
94	30	101	104	110	
95	39	100	105	106	112	
96	21	99	102	107	118	
97	44	104	112	113	117	
98	41	101	104	116	
99	48	107	
100	39	
101	15	108	109	117	
102	47	115	
103	41	
104	47	110	118	
105	36	107	119	
106	32	
107	32	114	
108	41	114	
109	11	114	117	
110	24	116	117	
111	30	116	119	
112	46	118	
113	25	114	
114	12	
115	19	
116	13	
117	48	
118	23	
119	30	
