node	size	children
0	36	7	10	15	18	19	22	23	
1	17	7	8	10	11	14	15	21	24	26	
2	32	10	14	20	23	
3	25	8	10	12	13	14	24	25	
4	48	7	8	11	13	17	20	
5	17	8	9	13	15	
6	24	8	9	13	21	
7	46	17	23	25	28	29	33	
8	44	16	23	32	
9	38	31	
10	19	17	25	26	27	31	
11	47	15	17	25	30	
12	25	22	23	30	34	
13	39	18	22	24	33	
14	29	26	28	32	34	
15	27	24	
16	18	22	28	35	39	
17	11	21	25	
18	45	21	22	26	
19	45	32	33	37	39	40	
20	38	21	26	27	30	37	41	
21	44	34	36	44	49	
22	37	34	49	
23	17	33	38	39	
24	30	39	43	
25	46	33	37	48	
26	35	31	45	
27	36	29	43	49	
28	44	40	49	52	53	
29	47	51	52	53	
30	39	50	55	
31	45	45	49	
32	16	44	51	
33	25	36	37	42	46	50	54	56	
34	38	44	53	
35	46	60	
36	41	54	58	61	62	
37	23	46	47	52	59	
38	12	43	54	
39	20	42	43	44	63	
40	17	51	60	
41	31	45	52	
42	25	62	
43	45	50	51	57	63	64	66	
44	34	50	57	58	61	
45	27	52	54	66	
46	33	64	66	67	
47	35	54	71	
48	11	51	60	64	
49	12	50	53	62	70	
50	19	59	66	76	
51	28	57	69	74	
52	20	62	68	73	77	
53	14	60	67	68	69	73	
54	19	64	
55	47	63	67	70	72	73	
56	32	57	60	71	73	
57	21	65	
58	11	77	83	
59	35	66	77	78	85	
60	38	78	81	83	85	
61	27	65	69	72	75	77	78	82	84	
62	12	67	80	
63	41	69	71	73	75	84	
64	11	75	85	89	
65	31	78	80	85	86	
66	26	74	75	80	84	92	
67	17	81	87	
68	15	75	78	86	
69	32	73	88	89	
70	20	92	
71	26	74	85	87	88	90	
72	27	81	89	93	
73	45	82	
74	32	81	82	86	92	96	
75	23	81	83	88	94	96	99	
76	49	79	89	
77	15	84	91	97	
78	10	88	95	
79	14	92	96	98	99	103	
80	22	86	92	97	99	106	107	
81	28	103	106	
82	21	87	
83	34	
84	31	101	103	
85	25	86	90	
86	14	105	112	
87	30	94	104	114	
88	48	102	103	106	114	
89	23	104	107	108	114	
90	18	94	103	108	
91	40	94	108	
92	49	102	
93	45	102	109	110	119	
94	24	100	117	
95	47	111	114	119	
96	17	118	
97	16	113	115	
98	18	
99	39	105	110	
100	19	117	119	
101	37	110	112	116	117	
102	36	108	110	112	119	
103	26	
104	23	116	118	119	
105	10	108	118	
106	21	108	118	
107	42	114	115	
108	47	
109	35	118	119	
110	10	
111	30	
112	30	
113	31	
114	49	
115	26	
116	40	
117	12	
118	13	
119	37	
