node	size	children
0	17	8	14	17	20	25	26	
1	14	7	11	12	13	17	19	23	28	
2	44	9	12	20	26	28	
3	16	7	8	9	15	16	20	22	27	
4	12	7	8	15	21	
5	20	9	12	13	18	20	21	
6	12	7	10	15	16	27	
7	26	15	18	26	29	31	32	34	
8	41	28	34	
9	21	14	16	33	
10	41	15	16	27	35	
11	49	26	29	32	33	
12	17	18	28	29	32	33	
13	19	14	16	17	20	24	
14	38	22	27	33	40	
15	39	24	26	28	
16	28	36	
17	22	25	29	37	
18	41	23	31	37	39	
19	11	42	
20	49	26	28	30	36	38	42	
21	45	30	40	
22	15	33	40	42	46	
23	25	32	36	40	43	46	
24	27	31	45	
25	27	30	31	35	41	47	48	
26	30	29	31	34	35	40	
27	14	45	48	
28	43	32	45	
29	38	50	55	
30	32	39	44	46	47	49	50	
31	43	47	53	
32	16	44	48	
33	35	48	50	53	
34	11	36	38	46	50	55	
35	27	
36	11	52	58	59	60	64	
37	44	53	
38	46	57	60	62	
39	35	43	45	55	61	
40	30	50	57	63	
41	13	43	48	51	56	
42	23	60	64	
43	38	54	61	62	
44	40	60	65	68	69	
45	18	65	
46	15	68	71	
47	31	61	69	
48	22	51	55	61	64	65	
49	34	51	55	60	65	67	
50	34	62	68	71	76	
51	27	65	68	78	
52	30	71	
53	26	70	73	
54	49	73	
55	25	57	61	67	76	
56	11	57	62	66	72	74	
57	26	71	
58	37	69	79	
59	38	65	81	84	85	
60	25	67	69	72	
61	43	77	78	
62	31	68	75	79	84	
63	35	72	80	82	
64	43	
65	19	73	82	
66	31	74	76	
67	24	79	92	
68	49	80	87	89	90	
69	43	82	89	90	
70	43	78	82	91	
71	16	75	76	78	82	
72	38	81	92	97	
73	20	86	87	88	91	93	
74	39	83	86	93	
75	12	79	80	86	
76	36	85	88	94	97	98	
77	18	88	
78	46	79	90	92	98	
79	28	96	102	
80	19	86	88	96	103	
81	41	87	93	100	
82	39	102	106	
83	17	91	96	97	
84	22	91	102	
85	22	99	102	103	105	
86	26	107	113	114	
87	23	96	101	105	108	111	112	113	
88	17	96	105	
89	26	113	
90	41	104	114	
91	13	95	97	105	106	109	
92	15	93	100	102	
93	11	115	
94	43	103	112	114	
95	22	100	
96	15	100	106	109	
97	48	108	115	117	
98	17	104	111	
99	38	100	103	110	
100	14	109	119	
101	14	108	110	113	
102	12	113	
103	24	110	111	114	116	117	
104	30	112	114	
105	21	108	110	
106	30	110	112	115	119	
107	45	
108	34	
109	34	115	
110	31	115	117	
111	31	115	118	119	
112	31	
113	18	
114	40	
115	36	
116	24	
117	43	
118	13	
119	41	
