node	size	children
0	22	8	10	11	14	15	16	19	21	
1	48	10	13	14	
2	42	7	8	10	14	15	18	23	26	
3	23	7	8	9	10	11	18	24	26	
4	15	11	12	24	
5	21	8	11	12	13	18	20	25	
6	10	8	11	16	23	25	27	
7	27	19	24	26	34	
8	14	19	24	25	33	
9	17	14	19	27	30	31	33	
10	13	14	17	23	28	31	33	
11	20	31	
12	12	
13	17	19	21	23	26	32	
14	40	39	
15	38	25	
16	33	35	
17	10	24	30	32	33	34	35	
18	10	22	29	31	32	41	
19	28	22	38	
20	26	22	23	26	30	31	
21	40	29	47	49	
22	35	29	36	42	48	
23	15	33	41	49	
24	42	37	41	43	45	49	
25	10	32	48	
26	26	36	40	44	
27	11	28	34	38	47	
28	41	41	
29	17	44	
30	17	35	36	
31	44	48	51	52	
32	30	39	41	53	
33	16	38	39	51	54	
34	13	36	
35	49	43	45	46	55	61	
36	14	43	46	51	57	
37	13	51	52	
38	26	56	
39	34	
40	49	48	49	51	59	60	
41	24	46	48	55	59	
42	23	52	53	54	64	
43	46	58	
44	27	55	58	
45	16	50	59	65	
46	33	68	
47	33	51	52	
48	14	52	67	
49	10	59	61	69	
50	17	63	65	70	72	77	
51	15	57	67	71	76	
52	13	58	61	69	77	
53	34	58	60	62	66	69	74	
54	14	57	58	60	70	74	77	
55	28	68	71	
56	38	71	74	
57	41	65	68	75	76	83	
58	20	65	70	
59	19	76	77	84	
60	21	69	80	84	
61	15	68	72	82	
62	38	71	82	
63	14	70	76	78	79	
64	36	
65	15	73	87	92	93	
66	32	73	75	76	83	86	88	
67	30	73	77	84	86	
68	47	74	83	86	
69	23	75	78	81	83	86	
70	34	71	78	
71	42	92	96	
72	18	85	91	92	100	
73	48	80	82	92	95	
74	21	87	91	95	
75	41	91	
76	22	78	83	84	
77	47	78	85	88	
78	12	87	
79	21	87	92	
80	35	100	
81	41	88	105	
82	33	108	
83	38	86	88	89	96	
84	10	87	88	90	100	105	107	
85	29	90	92	96	97	98	99	100	
86	22	99	
87	31	103	
88	24	
89	13	94	114	115	
90	23	98	104	107	110	111	115	
91	27	
92	39	97	99	105	110	112	113	
93	34	99	110	113	
94	47	104	112	
95	47	102	105	113	114	118	
96	11	103	104	106	112	118	
97	10	103	113	117	119	
98	32	103	104	109	113	
99	35	107	110	117	
100	37	101	104	105	110	
101	10	112	114	
102	28	
103	20	
104	22	111	113	
105	29	110	112	114	
106	45	118	
107	26	115	
108	28	117	
109	15	116	
110	13	116	
111	17	117	118	
112	33	
113	28	116	
114	22	118	
115	48	
116	31	
117	44	
118	24	
119	17	
