node	size	children
0	49	8	11	13	16	21	28	
1	41	10	13	14	
2	10	7	11	15	17	18	20	24	
3	23	7	11	12	14	17	18	29	
4	23	8	9	11	14	15	16	17	19	22	29	
5	19	8	9	11	12	13	14	16	17	21	
6	27	8	10	13	17	19	27	
7	27	
8	40	17	20	
9	31	20	21	22	23	27	
10	20	15	18	28	
11	27	19	20	21	24	
12	39	15	29	31	
13	31	29	32	
14	44	18	19	25	31	
15	44	22	23	24	31	36	
16	13	23	36	40	
17	12	33	36	39	
18	13	28	37	43	
19	45	26	27	37	43	
20	35	29	
21	45	27	35	36	42	
22	34	30	
23	17	32	34	43	50	
24	45	40	46	
25	38	46	
26	39	35	36	41	
27	40	30	32	45	
28	34	35	
29	27	37	
30	19	39	53	55	56	
31	48	40	53	
32	17	38	53	
33	49	37	41	44	50	
34	26	45	58	
35	29	47	56	
36	16	54	
37	33	46	47	59	
38	35	47	49	61	63	
39	27	45	54	58	61	62	65	
40	44	48	54	64	66	
41	44	51	55	59	60	
42	18	47	52	61	63	
43	20	46	59	66	
44	11	53	59	61	62	
45	44	54	62	74	
46	17	
47	24	
48	38	56	57	
49	27	65	66	72	
50	17	59	64	66	
51	41	53	60	68	
52	35	70	72	77	79	
53	26	79	
54	18	61	
55	25	63	65	66	73	77	
56	46	62	81	
57	21	64	69	75	79	
58	22	62	69	72	75	76	77	80	
59	24	62	63	64	69	70	75	
60	38	67	
61	17	81	86	88	
62	31	73	74	75	79	81	84	87	
63	36	69	71	73	77	87	
64	33	76	
65	31	69	71	82	84	
66	44	67	68	73	79	80	87	
67	35	76	
68	34	76	87	94	96	
69	48	76	78	93	
70	18	94	96	
71	25	75	78	89	92	94	
72	34	89	90	94	
73	39	75	80	85	90	92	
74	46	83	93	
75	30	82	93	96	98	102	103	
76	47	86	94	103	
77	44	
78	36	86	91	92	99	
79	44	89	93	
80	30	82	87	97	101	
81	29	97	103	
82	10	90	105	
83	42	97	102	106	107	
84	30	95	102	
85	31	94	100	103	105	
86	13	90	96	101	108	
87	18	99	101	108	
88	12	93	101	
89	32	90	95	100	101	
90	47	103	111	114	
91	14	107	116	
92	32	109	114	
93	40	104	108	117	
94	37	108	117	
95	20	97	109	115	116	
96	38	98	100	104	110	
97	46	107	108	109	114	
98	19	109	110	117	
99	22	114	115	116	
100	41	115	
101	35	106	113	118	
102	10	105	111	112	
103	23	104	109	113	117	118	
104	29	
105	22	
106	45	
107	28	117	118	
108	25	
109	20	115	119	
110	46	113	115	116	
111	37	
112	41	
113	23	
114	12	
115	34	
116	26	
117	44	
118	45	
119	23	
