node	size	children
0	15	7	13	20	
1	28	7	11	14	15	16	18	19	
2	30	10	18	21	
3	14	10	13	15	20	23	
4	21	10	12	13	19	
5	24	7	8	10	11	13	16	
6	16	7	9	10	13	17	21	24	
7	38	
8	46	26	27	30	
9	47	15	25	27	30	
10	21	14	15	20	27	
11	45	17	
12	26	14	19	24	29	
13	32	19	24	34	
14	10	21	34	
15	29	20	23	25	34	35	
16	46	22	29	35	
17	11	19	21	25	32	34	
18	45	
19	15	27	35	
20	14	26	28	36	40	42	
21	38	29	37	
22	42	29	30	39	41	
23	27	29	36	
24	13	36	37	40	42	
25	15	38	47	
26	34	33	38	39	
27	49	33	35	36	
28	18	38	39	40	
29	17	31	38	40	44	
30	31	48	
31	46	51	52	
32	40	45	
33	22	48	50	
34	39	40	41	47	50	
35	10	41	46	49	50	
36	44	44	54	
37	20	44	49	50	56	
38	17	43	45	59	
39	30	54	
40	48	44	45	49	57	60	
41	13	45	48	
42	47	45	48	54	59	
43	16	49	52	55	59	60	
44	32	51	62	
45	13	50	51	52	54	
46	17	52	61	
47	35	54	60	61	
48	11	52	53	58	60	
49	41	59	64	70	
50	41	56	59	64	65	67	
51	47	
52	43	55	68	
53	45	60	72	
54	39	66	70	
55	42	61	63	67	78	
56	11	77	
57	13	68	69	72	
58	19	64	65	72	77	
59	46	65	69	70	72	77	79	
60	34	64	65	67	71	72	75	79	
61	25	70	71	75	78	82	
62	29	75	83	
63	27	69	77	86	
64	33	73	81	
65	39	74	86	
66	11	69	70	81	83	
67	40	86	
68	18	82	84	86	88	93	
69	24	76	80	84	86	91	
70	13	75	76	78	82	84	85	
71	27	75	
72	49	85	
73	43	76	78	84	89	90	
74	40	96	97	
75	40	85	96	99	
76	14	82	85	86	94	
77	40	84	85	96	
78	33	81	82	84	91	
79	31	83	85	87	
80	22	92	
81	35	91	97	99	100	101	103	
82	12	97	100	105	
83	24	91	94	104	105	
84	22	87	88	93	98	
85	36	92	93	95	97	100	101	
86	22	93	94	97	99	
87	41	94	96	102	105	
88	14	108	
89	24	106	107	110	
90	46	101	110	
91	27	99	105	109	
92	48	96	97	
93	20	96	
94	36	104	116	
95	47	104	111	112	115	
96	26	100	107	112	
97	12	112	113	115	116	
98	32	102	104	117	
99	28	102	111	113	117	
100	19	112	114	117	120	
101	33	112	115	116	117	
102	12	114	115	122	123	
103	30	106	117	123	124	125	
104	40	109	114	120	121	125	
105	48	108	110	111	116	117	118	122	
106	25	123	124	126	
107	29	113	
108	33	122	
109	49	114	115	120	122	125	
110	34	114	118	121	
111	17	119	
112	37	127	
113	37	124	
114	27	120	122	
115	38	120	125	
116	41	121	
117	30	127	128	
118	25	
119	41	128	129	
120	39	
121	35	128	
122	24	
123	24	128	
124	43	127	
125	10	127	128	129	
126	31	
127	24	
128	24	
129	18	
