node	size	children
0	29	9	11	13	14	17	19	21	25	
1	43	7	9	10	14	17	19	24	
2	21	7	11	12	15	19	
3	44	7	13	14	16	23	
4	38	7	8	9	12	13	14	16	19	20	23	
5	11	8	9	11	16	19	21	
6	31	8	9	11	13	16	19	20	
7	16	18	28	
8	13	28	30	31	
9	27	21	25	30	
10	12	
11	10	15	25	32	
12	13	16	23	
13	21	14	29	
14	46	32	36	
15	29	28	29	
16	45	25	27	36	
17	29	22	23	27	33	
18	26	26	31	33	34	
19	35	26	37	
20	44	27	32	38	39	
21	28	36	38	
22	32	27	36	39	41	43	44	
23	26	32	33	40	41	
24	14	
25	38	32	34	
26	22	38	40	46	
27	37	44	51	
28	34	
29	12	35	38	40	44	48	50	
30	10	
31	18	45	
32	35	36	40	48	
33	15	39	45	54	56	
34	44	42	43	52	55	56	57	
35	30	48	55	56	
36	22	47	52	56	
37	17	49	57	
38	21	44	50	54	56	
39	47	
40	16	50	53	
41	11	46	47	
42	33	50	
43	44	47	50	60	
44	46	47	54	55	60	
45	34	47	50	62	
46	27	60	62	66	
47	44	54	57	58	66	
48	28	60	63	69	
49	34	58	64	65	
50	24	53	57	60	65	69	
51	12	52	53	57	58	61	65	
52	23	59	61	63	
53	40	63	64	68	
54	46	58	59	68	74	75	
55	33	62	66	76	
56	12	66	68	75	
57	42	64	70	
58	11	80	
59	16	64	77	82	
60	40	65	67	81	
61	16	71	75	80	
62	49	66	69	71	72	80	
63	11	71	80	81	
64	44	70	78	80	81	87	88	
65	32	76	78	79	
66	32	71	86	
67	31	76	82	86	88	89	90	
68	27	85	90	
69	49	73	76	80	83	88	
70	29	79	85	
71	48	83	
72	17	88	90	
73	36	77	81	84	86	
74	29	77	88	89	94	95	
75	39	81	84	90	
76	32	
77	16	85	88	89	90	95	102	103	
78	43	84	85	
79	36	95	96	
80	27	90	95	99	100	101	
81	34	84	96	99	101	
82	14	91	96	
83	44	89	91	96	99	100	103	
84	10	
85	42	96	97	101	109	
86	45	92	95	96	
87	43	91	97	101	109	110	
88	25	91	93	98	101	107	
89	41	94	98	108	109	
90	28	93	
91	35	98	114	
92	21	114	116	117	
93	33	98	99	102	113	
94	15	100	116	
95	45	104	105	108	113	116	117	
96	26	100	109	112	
97	37	
98	40	113	115	118	120	122	
99	28	106	111	114	117	118	
100	18	113	
101	16	117	118	
102	12	114	116	118	119	
103	13	120	
104	14	111	112	122	124	
105	27	115	127	
106	31	113	125	129	
107	37	117	119	129	
108	10	116	124	129	
109	20	116	121	
110	16	114	121	123	
111	35	119	121	129	
112	40	126	128	
113	30	127	128	
114	48	123	128	
115	31	123	127	
116	44	122	125	
117	38	118	
118	27	
119	12	124	
120	38	124	128	
121	32	124	125	128	
122	40	125	126	129	
123	31	
124	34	
125	19	
126	14	
127	12	
128	17	
129	10	
