node	size	children
0	42	8	9	10	13	14	16	17	18	
1	11	8	10	11	13	19	21	
2	44	6	8	9	10	12	13	14	18	20	25	
3	29	6	7	8	9	12	14	18	23	
4	33	6	7	8	9	12	13	14	19	20	
5	44	6	10	11	13	15	17	18	21	
6	13	18	
7	39	16	21	25	
8	19	
9	26	17	23	31	
10	47	25	26	30	
11	41	20	21	26	32	
12	46	15	18	
13	40	23	26	
14	16	25	32	34	
15	39	25	27	28	
16	22	22	23	35	
17	44	22	27	34	37	39	
18	47	22	24	28	33	
19	27	20	22	24	25	36	
20	14	32	38	42	
21	10	36	39	41	43	45	
22	15	30	35	37	39	42	44	
23	14	27	29	31	35	39	45	
24	36	31	
25	16	30	37	45	
26	21	29	
27	26	34	35	36	
28	39	43	49	
29	17	34	37	40	43	46	49	
30	15	36	51	52	
31	43	50	
32	39	39	48	
33	23	35	37	48	
34	40	43	57	
35	13	41	42	53	54	56	57	
36	27	47	53	54	56	
37	17	46	47	48	
38	21	40	42	
39	22	59	
40	25	53	61	62	63	
41	29	46	55	
42	47	56	60	63	
43	23	46	48	60	63	
44	38	52	53	62	
45	36	48	61	62	63	64	
46	15	56	57	59	
47	28	57	66	72	
48	42	67	
49	41	55	56	59	61	69	
50	29	53	54	59	63	71	
51	12	54	59	
52	48	58	65	67	
53	43	64	66	67	
54	23	60	67	
55	35	74	
56	42	67	77	
57	17	60	74	77	
58	44	65	77	
59	30	71	
60	28	68	70	71	73	82	
61	21	66	69	70	76	80	83	
62	49	70	81	
63	43	76	77	79	81	83	
64	49	80	83	
65	25	66	70	71	74	78	79	
66	28	79	
67	35	
68	12	74	89	90	
69	20	86	
70	39	75	81	90	
71	46	74	83	87	90	
72	18	82	
73	45	85	97	
74	12	80	87	89	91	94	96	97	
75	10	81	85	88	
76	10	87	92	94	
77	25	84	90	91	
78	13	81	84	91	
79	40	103	
80	28	88	101	103	
81	22	88	91	
82	27	85	96	
83	17	85	87	99	102	
84	43	85	92	96	102	
85	44	92	94	97	101	102	104	
86	37	93	96	103	105	106	
87	42	95	105	
88	27	92	104	107	
89	14	92	97	109	
90	30	97	98	
91	19	93	96	97	
92	25	100	
93	14	98	100	104	106	107	112	113	115	
94	12	98	107	
95	34	98	
96	35	105	112	113	116	
97	20	106	110	
98	12	105	106	108	109	
99	22	106	108	
100	30	107	110	116	
101	35	112	113	114	120	
102	14	113	
103	24	104	105	108	111	
104	40	115	116	120	
105	26	118	120	
106	19	118	128	
107	32	119	122	
108	29	113	118	121	122	126	
109	33	114	116	124	
110	13	121	125	
111	11	117	118	126	128	129	
112	20	128	
113	16	122	
114	33	119	122	127	
115	25	118	119	124	
116	20	119	126	
117	16	
118	38	123	
119	14	
120	27	
121	30	
122	21	126	
123	20	129	
124	12	
125	30	
126	24	
127	18	
128	45	129	
129	17	
