node	size	children
0	12	7	8	10	18	21	
1	25	7	9	10	19	
2	39	16	21	22	24	
3	26	7	8	9	10	11	22	
4	25	7	8	9	10	11	13	14	19	23	
5	32	9	10	11	12	13	15	16	17	19	23	
6	35	9	10	11	14	22	
7	11	14	29	
8	38	25	26	30	32	
9	35	15	16	19	22	23	
10	44	17	25	30	
11	27	15	17	27	
12	38	23	
13	31	24	25	29	38	
14	40	21	22	24	
15	22	20	27	
16	29	23	24	31	32	38	
17	44	22	26	29	
18	15	24	29	30	37	
19	34	24	35	
20	33	27	29	39	
21	19	28	38	44	
22	44	38	
23	34	28	43	
24	28	26	27	30	32	34	39	40	43	
25	47	34	38	
26	19	35	38	41	44	
27	48	40	43	44	
28	32	35	36	43	49	50	
29	31	33	48	49	
30	19	37	39	40	47	
31	26	37	40	51	
32	20	44	
33	35	44	54	
34	19	42	43	46	56	
35	43	45	48	51	
36	15	39	51	
37	42	49	58	
38	38	46	47	55	56	
39	11	51	54	57	64	
40	36	46	51	63	
41	35	47	50	64	
42	21	64	
43	38	47	49	57	60	
44	43	49	60	64	
45	29	47	54	59	
46	40	69	
47	37	52	53	56	69	
48	45	60	69	71	
49	39	
50	42	52	54	60	62	
51	34	54	56	60	66	
52	24	66	69	74	76	
53	29	64	68	
54	19	68	70	72	75	77	
55	35	59	61	62	64	72	
56	27	71	
57	20	65	68	76	77	
58	13	62	66	75	76	
59	46	67	68	71	78	82	
60	48	69	71	78	80	
61	19	73	77	78	83	
62	15	68	77	
63	25	66	72	78	79	81	
64	16	67	81	
65	27	72	76	79	90	
66	15	75	76	77	88	90	
67	12	75	79	83	
68	16	75	81	87	
69	20	80	88	
70	14	75	79	83	88	
71	16	72	73	83	
72	22	85	91	95	96	
73	22	82	91	94	
74	38	80	95	
75	17	79	83	
76	29	84	89	
77	34	91	95	96	
78	31	96	100	103	
79	43	85	90	
80	18	86	88	90	97	98	99	100	
81	40	
82	22	87	100	
83	48	85	96	99	
84	30	94	97	106	107	
85	14	103	109	
86	44	99	103	107	
87	37	94	95	99	101	
88	22	93	96	99	100	105	108	109	
89	18	92	95	109	
90	15	109	
91	39	102	104	105	112	
92	15	98	111	
93	45	98	102	108	110	113	
94	15	103	108	
95	19	100	109	110	115	
96	39	103	109	113	
97	43	106	107	108	110	112	119	
98	32	108	113	114	121	
99	43	106	107	108	113	114	
100	16	113	114	118	
101	38	116	118	121	
102	39	106	107	120	121	
103	25	106	118	120	
104	25	118	119	125	127	
105	19	114	123	126	
106	45	110	112	
107	42	110	118	128	129	
108	45	122	
109	36	117	120	124	128	129	
110	27	117	121	129	
111	47	128	
112	31	125	
113	41	121	123	
114	46	122	123	128	
115	39	122	123	124	125	
116	24	126	127	128	
117	12	123	129	
118	40	126	
119	40	123	
120	10	125	
121	24	124	126	
122	27	
123	46	
124	37	
125	32	
126	49	
127	41	
128	11	
129	16	
