node	size	children
0	45	9	22	
1	33	9	11	15	16	19	20	22	24	25	
2	47	8	9	10	16	17	
3	38	8	9	11	12	25	
4	40	9	12	15	18	
5	18	8	10	11	13	15	16	20	21	23	
6	17	7	8	9	18	19	21	24	
7	46	13	19	26	
8	37	14	19	22	25	30	
9	15	17	18	23	30	
10	15	13	20	27	
11	33	17	19	20	23	30	
12	40	13	20	23	24	25	
13	48	25	28	
14	37	32	34	
15	39	22	24	35	
16	49	22	36	
17	36	22	35	
18	15	24	25	31	35	37	
19	48	31	
20	16	
21	49	27	29	43	
22	15	43	
23	42	26	37	43	
24	32	36	37	43	
25	42	30	35	41	
26	22	
27	44	38	42	
28	16	32	47	
29	13	35	36	37	
30	17	40	
31	43	33	38	40	41	
32	20	43	49	56	
33	10	38	42	47	48	
34	11	41	
35	46	46	47	51	52	54	
36	13	39	40	42	46	49	
37	28	42	44	46	50	
38	43	57	
39	30	54	57	60	
40	16	45	55	
41	44	51	56	
42	39	46	51	52	56	57	59	
43	28	45	49	55	57	
44	26	48	54	
45	10	53	56	57	65	
46	29	51	52	56	
47	16	52	53	
48	12	58	64	67	
49	23	52	54	55	66	68	
50	13	55	59	61	
51	36	66	
52	47	64	65	66	72	
53	13	67	68	70	
54	17	72	73	
55	48	58	60	70	
56	29	59	60	62	64	70	72	
57	19	67	68	72	77	
58	24	63	66	70	71	73	80	
59	25	63	64	69	75	79	81	
60	41	65	67	74	81	
61	21	63	81	
62	42	72	77	
63	23	78	79	
64	12	71	74	77	80	82	87	
65	39	73	74	84	86	
66	29	71	74	76	77	85	86	
67	11	78	85	
68	10	76	79	82	
69	18	78	80	83	93	
70	44	78	81	89	
71	35	77	80	86	
72	22	77	79	80	89	
73	17	86	87	90	
74	13	80	
75	11	78	81	84	
76	10	83	93	95	99	
77	44	82	83	89	95	100	
78	14	83	88	89	
79	41	86	94	96	
80	47	83	89	91	
81	21	82	85	
82	47	91	92	93	100	102	
83	22	90	97	
84	35	94	99	104	
85	10	91	94	101	
86	42	93	105	
87	31	91	92	93	94	97	104	105	
88	13	112	
89	35	96	99	104	
90	10	110	111	
91	10	95	97	98	110	
92	14	107	109	
93	31	99	100	106	109	110	112	
94	42	116	118	
95	32	103	
96	24	103	118	
97	35	103	105	112	118	
98	37	105	114	115	117	
99	30	102	115	
100	11	114	116	117	
101	41	111	
102	23	107	108	113	118	119	120	121	
103	16	107	112	122	
104	44	110	112	119	
105	15	107	115	119	121	
106	23	107	110	111	115	122	
107	29	117	119	121	
108	48	124	
109	14	123	124	
110	18	122	123	126	128	
111	13	116	
112	22	117	119	125	129	
113	11	120	
114	10	120	124	
115	14	122	124	
116	35	122	125	
117	38	121	
118	28	126	127	128	
119	46	
120	24	126	127	
121	29	
122	34	
123	15	126	
124	38	127	
125	32	127	
126	17	
127	41	
128	33	
129	29	
