node	size	children
0	23	9	10	12	23	25	26	
1	42	8	9	10	12	23	
2	44	8	9	12	14	15	16	
3	43	11	13	16	
4	37	8	9	12	15	16	18	20	26	
5	27	8	9	13	15	16	18	19	26	
6	45	7	9	10	12	18	20	23	26	
7	36	15	17	19	20	21	
8	43	21	25	30	
9	36	13	20	21	
10	39	31	
11	28	17	22	24	
12	25	15	17	20	21	23	25	31	32	
13	46	21	25	
14	35	24	28	33	36	
15	22	22	23	24	26	36	
16	10	22	27	29	
17	21	
18	46	27	35	
19	26	
20	45	34	37	44	
21	38	34	37	45	
22	36	32	33	34	41	
23	15	40	
24	23	37	43	
25	35	29	37	40	42	
26	32	29	31	32	41	
27	30	36	41	42	
28	20	36	37	38	43	
29	13	39	
30	20	39	48	
31	42	33	40	49	50	
32	38	35	36	48	49	
33	41	53	54	
34	49	53	57	
35	22	44	46	57	
36	17	45	
37	11	49	53	
38	29	48	
39	45	40	47	52	
40	46	51	52	56	65	
41	29	54	64	
42	36	62	64	
43	20	52	55	58	
44	26	59	63	
45	13	56	58	60	63	
46	49	52	62	63	66	68	
47	40	53	
48	31	59	68	
49	20	60	
50	37	54	59	60	71	72	
51	15	54	59	62	67	68	69	
52	30	70	
53	22	60	63	65	66	71	73	75	78	
54	35	64	73	
55	10	62	71	73	76	77	79	
56	44	60	61	70	71	76	
57	33	61	70	74	78	
58	24	60	62	64	73	77	
59	39	66	82	85	
60	10	66	67	
61	43	67	69	77	85	
62	12	85	
63	17	68	75	77	79	82	84	
64	37	68	72	74	
65	30	66	84	
66	45	84	
67	37	74	75	
68	34	73	78	82	90	
69	44	75	77	83	
70	43	
71	23	74	91	
72	28	76	81	82	84	
73	13	93	
74	15	80	86	88	89	96	
75	36	80	81	92	
76	19	82	87	91	95	
77	46	95	
78	17	80	
79	43	81	86	88	89	
80	10	97	
81	25	100	104	
82	48	86	93	100	103	104	
83	13	86	
84	32	96	102	
85	30	86	90	97	100	103	104	
86	27	99	
87	21	94	95	97	98	100	103	106	107	
88	29	98	106	108	
89	10	97	98	104	107	108	
90	27	95	100	107	110	
91	45	98	100	
92	43	101	108	
93	15	101	107	
94	20	103	
95	42	104	112	117	
96	32	104	
97	49	103	106	110	114	116	117	
98	24	103	105	108	
99	43	112	113	119	
100	26	109	122	
101	24	106	112	114	123	
102	28	105	116	119	120	124	
103	19	110	112	113	114	116	
104	40	105	110	111	112	115	117	
105	38	118	120	124	
106	28	117	127	
107	30	117	119	120	129	
108	44	117	
109	21	114	115	116	126	127	128	
110	37	115	116	122	
111	47	
112	41	121	122	
113	24	124	125	
114	16	124	125	127	
115	22	120	122	
116	27	122	123	
117	47	119	121	126	
118	34	
119	49	
120	28	
121	19	125	129	
122	17	125	127	128	
123	20	125	128	
124	19	
125	11	
126	12	
127	31	
128	43	
129	40	
