node	size	children
0	10	7	10	11	12	17	18	19	21	
1	11	9	10	11	13	15	18	19	22	
2	34	8	9	10	11	12	22	24	
3	22	8	9	13	23	24	
4	19	10	12	14	15	23	
5	49	7	10	11	12	14	15	16	
6	27	8	10	12	14	17	25	
7	37	14	20	21	23	29	
8	32	27	28	
9	17	
10	24	23	24	30	
11	32	17	19	22	30	
12	45	14	17	21	24	28	
13	26	14	15	31	
14	15	21	26	34	
15	43	22	33	34	37	
16	28	23	32	
17	15	31	32	36	
18	21	20	27	
19	10	31	
20	40	30	32	33	39	40	43	
21	35	27	31	32	40	42	
22	15	29	30	31	42	
23	49	34	35	41	43	
24	36	34	35	43	
25	35	29	38	41	
26	45	33	36	40	44	51	
27	16	38	42	44	51	
28	17	43	49	52	
29	27	37	41	45	49	50	
30	36	33	40	42	47	
31	32	32	34	44	
32	40	41	42	57	
33	23	40	
34	28	45	53	54	
35	28	39	44	45	56	
36	18	43	54	
37	23	40	42	53	59	
38	38	49	55	57	59	
39	48	49	57	59	63	
40	15	53	57	60	63	
41	40	61	
42	11	52	58	64	65	
43	35	51	52	57	
44	48	62	65	
45	37	46	48	61	
46	40	67	71	
47	34	56	61	64	66	67	
48	41	64	69	70	
49	45	65	
50	30	67	
51	24	53	55	61	62	67	71	
52	16	
53	40	69	74	75	76	
54	46	60	70	
55	12	73	76	78	
56	32	60	71	77	
57	12	62	67	73	
58	18	60	64	65	68	72	
59	23	76	
60	26	70	77	78	80	
61	32	70	76	81	84	85	
62	47	
63	11	
64	31	77	79	85	
65	33	68	71	77	81	
66	24	68	71	76	80	81	83	
67	49	78	82	84	
68	22	81	84	
69	39	89	
70	48	89	
71	40	73	77	80	84	89	
72	42	73	78	82	88	90	
73	48	86	87	92	
74	15	81	87	92	93	
75	27	83	85	88	97	
76	29	86	
77	21	84	88	91	92	94	
78	41	96	98	
79	47	87	89	98	
80	18	86	90	
81	36	94	96	99	100	
82	39	92	93	96	102	104	
83	27	86	98	104	
84	38	91	
85	14	91	98	
86	16	99	101	
87	36	92	102	103	108	
88	29	105	108	
89	18	94	95	100	105	108	109	
90	12	93	100	103	106	
91	46	93	94	103	
92	13	107	112	117	
93	34	99	101	103	
94	14	99	100	102	107	115	
95	34	117	
96	42	100	112	113	
97	15	117	
98	29	105	113	117	
99	29	109	111	116	121	
100	33	111	118	123	
101	10	124	
102	44	106	111	119	
103	44	106	108	110	112	122	124	
104	35	108	114	115	117	118	119	
105	13	111	127	128	129	
106	41	111	115	120	126	128	
107	15	115	124	128	
108	28	
109	37	119	
110	11	112	115	121	
111	27	124	
112	49	118	127	129	
113	16	118	
114	45	120	121	
115	35	
116	45	119	123	126	
117	36	118	125	
118	44	
119	31	125	128	
120	29	128	
121	10	125	126	129	
122	24	127	129	
123	45	125	
124	17	125	127	128	
125	38	
126	36	
127	12	
128	26	
129	33	
