node	size	children
0	25	9	13	15	17	18	
1	21	7	9	12	13	14	15	17	18	24	25	
2	32	6	10	11	12	
3	10	6	7	13	18	
4	45	6	8	10	11	12	15	18	
5	48	7	9	10	11	13	22	24	
6	19	18	25	27	28	
7	22	13	17	23	24	26	
8	37	19	28	
9	14	13	14	15	29	
10	25	14	15	16	23	
11	37	14	25	31	
12	29	14	25	
13	11	27	31	35	
14	45	24	25	28	29	30	
15	40	21	30	33	34	36	
16	17	20	23	31	38	
17	37	
18	34	19	30	35	
19	30	32	39	43	
20	36	30	42	
21	33	30	37	
22	14	29	36	40	
23	21	29	43	
24	18	29	37	39	40	42	
25	15	33	39	42	
26	44	41	48	49	
27	23	47	
28	48	48	49	51	
29	15	35	47	50	51	
30	48	51	
31	45	35	39	42	51	
32	10	40	47	48	
33	32	45	
34	15	43	48	
35	16	40	51	52	56	
36	42	54	55	
37	15	40	41	44	49	
38	48	39	43	48	55	
39	22	46	49	
40	11	46	54	
41	48	46	47	53	54	57	
42	25	64	
43	15	47	53	
44	29	46	56	58	62	
45	12	48	
46	30	59	67	
47	47	55	61	63	
48	37	60	63	65	66	69	
49	48	63	
50	16	53	55	65	
51	42	55	57	
52	31	60	64	69	
53	37	68	74	
54	30	62	70	72	74	
55	25	61	64	68	74	
56	45	59	62	64	
57	32	69	
58	41	60	63	69	76	
59	28	67	69	71	74	78	83	
60	10	71	76	78	82	83	
61	33	80	82	
62	39	70	72	
63	39	73	75	
64	35	72	76	81	
65	21	76	82	83	
66	22	78	87	
67	24	83	87	
68	29	86	
69	38	81	84	88	
70	15	76	80	81	
71	15	81	85	94	
72	16	83	85	86	94	
73	11	77	79	82	86	88	92	
74	42	78	79	89	90	
75	14	77	78	80	84	88	95	
76	15	87	92	93	
77	12	84	85	86	102	
78	14	85	102	
79	12	84	
80	34	84	87	93	96	97	99	
81	44	86	87	94	95	96	
82	28	85	86	95	
83	25	87	88	102	
84	48	97	101	107	
85	14	91	101	107	
86	30	107	
87	19	96	103	109	
88	25	101	104	106	108	109	
89	21	101	106	107	
90	23	107	109	111	113	
91	44	100	105	
92	12	103	105	111	114	
93	38	100	101	102	108	113	
94	27	97	98	100	109	
95	16	109	111	
96	42	106	118	119	
97	49	108	110	113	119	
98	40	111	120	
99	16	108	
100	14	115	121	
101	24	103	112	113	
102	45	105	120	121	
103	43	110	113	114	117	120	123	125	126	128	
104	40	110	119	121	123	126	
105	47	110	112	
106	24	112	120	125	126	
107	43	116	119	120	
108	24	112	125	127	
109	25	110	121	126	
110	25	118	
111	48	118	122	124	127	129	
112	45	116	124	
113	14	119	
114	10	116	123	125	
115	31	123	
116	16	124	129	
117	24	123	128	129	
118	26	123	129	
119	18	126	129	
120	21	128	
121	12	125	
122	13	
123	48	
124	26	
125	38	
126	38	
127	23	
128	43	
129	34	
