node	size	children
0	30	7	8	10	11	15	16	24	
1	32	6	9	11	12	13	14	18	19	24	
2	36	7	9	11	12	17	19	22	
3	19	6	9	
4	33	6	8	11	16	18	19	21	22	
5	30	6	8	12	15	16	20	
6	47	17	23	24	28	
7	31	17	20	24	
8	34	16	17	20	
9	27	16	17	26	28	
10	32	24	
11	16	12	13	18	26	28	
12	28	19	21	23	32	
13	28	19	32	35	
14	37	19	22	34	35	
15	17	22	25	27	33	37	
16	24	21	24	28	
17	17	23	25	29	38	
18	17	38	
19	13	32	35	
20	28	31	32	34	41	
21	12	39	45	
22	19	29	30	39	43	
23	32	27	40	43	
24	26	33	36	
25	34	46	47	52	
26	34	33	34	42	47	
27	39	45	47	
28	36	33	35	46	47	
29	27	34	
30	18	42	
31	45	
32	29	44	46	58	59	
33	17	42	49	54	57	
34	28	42	45	55	
35	44	39	41	45	52	53	56	
36	41	39	43	45	49	52	
37	36	44	52	55	58	
38	32	47	58	
39	44	46	54	60	64	
40	20	53	59	63	
41	21	47	60	61	64	65	
42	29	50	51	52	57	64	
43	17	48	49	52	58	60	61	65	
44	14	46	60	
45	48	46	50	
46	12	59	61	70	
47	11	53	54	57	59	61	62	65	
48	41	57	
49	35	56	
50	44	66	
51	10	54	62	67	
52	32	53	61	69	
53	16	63	68	72	
54	25	
55	32	64	67	74	
56	37	62	64	69	74	
57	41	68	74	
58	27	66	71	73	75	
59	40	61	63	76	
60	15	71	75	
61	27	74	80	
62	40	
63	40	67	74	79	83	
64	13	72	74	76	82	
65	47	67	69	71	75	79	
66	35	73	77	88	
67	35	76	78	85	
68	14	73	81	82	84	85	
69	39	73	80	81	
70	20	77	91	
71	23	79	82	89	
72	21	77	79	80	82	
73	18	83	94	
74	44	87	88	91	96	
75	25	87	91	96	
76	32	79	81	85	87	90	91	95	
77	10	86	93	94	95	
78	26	85	89	95	96	
79	18	88	90	93	98	
80	17	88	92	101	
81	47	85	94	101	
82	20	95	
83	47	88	92	94	99	
84	32	87	98	101	
85	13	92	95	97	100	108	109	110	
86	36	92	95	108	110	
87	37	96	99	102	110	
88	39	92	100	108	
89	33	96	98	99	110	
90	42	93	94	101	
91	39	92	109	110	
92	46	105	107	117	
93	46	109	
94	29	109	111	
95	41	98	116	
96	18	102	103	111	117	
97	46	102	103	
98	43	118	122	
99	23	112	122	
100	37	112	118	119	121	
101	20	104	111	115	122	
102	14	104	106	111	117	122	123	
103	46	106	109	118	
104	19	
105	13	113	116	128	
106	10	112	122	129	
107	46	117	119	121	122	
108	27	112	114	119	125	
109	43	127	129	
110	19	113	117	119	127	128	
111	23	118	120	128	
112	33	118	
113	24	118	127	
114	38	126	
115	21	119	121	124	
116	14	120	126	127	
117	37	
118	34	128	
119	37	128	
120	41	125	
121	27	
122	13	126	127	129	
123	22	126	
124	35	
125	49	
126	12	
127	44	
128	20	
129	33	
