node	size	children
0	47	9	10	16	
1	15	9	12	16	
2	35	7	9	10	16	19	
3	13	7	9	10	12	13	16	18	19	20	23	24	
4	37	10	12	13	18	20	23	
5	39	7	8	9	10	11	13	17	20	24	
6	10	9	12	13	
7	12	16	19	21	23	26	27	
8	23	14	19	25	
9	17	15	25	26	27	28	29	
10	48	25	
11	13	13	27	28	
12	35	20	21	22	25	26	27	
13	10	26	
14	24	22	26	31	32	
15	42	21	
16	35	29	
17	16	22	33	35	
18	45	24	27	28	30	32	35	36	
19	19	25	36	39	
20	17	29	31	38	41	
21	15	34	
22	45	36	39	
23	45	33	
24	26	34	38	
25	12	38	
26	15	37	47	
27	29	39	44	45	
28	14	31	33	34	36	39	40	41	42	43	
29	48	35	40	46	47	
30	38	32	43	
31	42	40	42	48	51	
32	27	47	
33	30	37	39	43	44	54	
34	21	48	54	
35	47	45	49	50	54	
36	15	43	46	47	50	51	
37	20	46	48	49	62	
38	42	53	54	
39	20	46	47	50	57	60	62	
40	14	62	
41	42	43	44	46	48	56	60	61	
42	35	
43	49	55	58	
44	34	60	61	68	
45	31	54	58	59	63	
46	24	59	62	
47	10	51	52	64	67	
48	11	51	60	65	
49	47	63	
50	41	71	
51	19	56	72	
52	29	60	66	73	74	
53	48	61	68	71	72	73	74	
54	47	61	67	74	
55	18	57	58	
56	15	65	68	80	81	
57	43	63	64	72	75	77	
58	20	66	67	
59	19	63	64	70	72	
60	22	80	82	
61	45	65	66	75	79	
62	28	66	71	75	78	
63	39	69	70	77	79	82	83	86	87	89	
64	18	74	76	82	89	
65	24	75	77	88	
66	41	81	88	
67	19	70	81	87	
68	21	72	74	79	
69	36	79	91	95	
70	11	80	
71	25	92	93	
72	38	80	81	82	89	92	
73	11	80	84	96	
74	41	76	82	95	
75	44	94	
76	34	87	89	91	100	
77	30	83	87	92	95	96	101	
78	45	93	
79	33	88	89	97	
80	20	93	
81	21	85	90	93	95	
82	13	89	
83	21	103	107	
84	18	100	103	104	
85	17	93	100	104	
86	15	93	94	97	100	101	106	
87	20	92	95	97	99	100	106	
88	36	97	100	
89	42	96	97	101	
90	30	113	
91	43	113	115	
92	37	105	109	110	
93	20	110	113	
94	37	98	
95	34	102	107	
96	25	105	108	114	
97	35	107	108	118	
98	25	108	117	121	
99	32	118	119	
100	49	112	113	119	120	121	
101	13	106	113	118	
102	32	
103	22	109	115	117	119	121	
104	20	110	123	
105	48	114	115	118	120	125	
106	27	111	115	117	119	120	125	
107	15	109	111	115	118	120	121	123	126	
108	25	109	116	119	120	121	126	
109	40	117	126	127	
110	38	117	
111	17	119	122	125	128	
112	13	126	127	
113	28	
114	14	118	
115	39	117	122	
116	18	124	125	
117	23	123	125	
118	24	127	
119	10	122	
120	17	123	124	129	
121	19	124	126	129	
122	18	
123	19	
124	31	
125	10	
126	12	
127	32	
128	23	
129	41	
