node	size	children
0	45	9	11	13	15	16	17	18	20	25	26	
1	47	7	8	9	10	12	13	14	16	17	18	26	
2	23	6	7	8	12	13	15	
3	38	6	7	10	17	20	25	
4	36	7	10	11	13	16	17	22	23	25	
5	13	9	10	12	13	14	15	17	25	
6	13	13	20	26	
7	48	22	26	
8	12	19	21	
9	13	18	29	32	
10	33	16	30	
11	15	25	
12	20	18	20	31	
13	15	23	25	26	29	
14	40	21	23	30	31	35	38	39	40	
15	10	24	26	31	32	33	35	
16	21	32	35	
17	11	31	35	39	
18	22	29	31	33	
19	25	23	29	33	36	37	
20	22	39	
21	28	29	
22	44	27	33	
23	38	29	39	45	
24	44	31	38	40	
25	12	30	46	
26	43	28	30	39	41	
27	47	46	
28	23	43	47	50	
29	35	43	
30	19	35	40	43	46	
31	23	35	49	52	
32	44	42	46	51	
33	24	34	44	
34	32	
35	29	45	47	
36	41	41	43	50	54	
37	16	47	51	57	58	
38	46	46	
39	41	54	55	
40	21	43	55	
41	13	48	54	61	65	
42	45	49	57	62	
43	19	57	61	
44	45	55	63	
45	39	
46	36	47	58	61	63	
47	48	58	59	65	
48	38	59	65	
49	24	70	
50	34	53	71	
51	39	58	64	70	
52	19	56	58	62	63	67	68	
53	34	60	
54	18	65	67	69	77	
55	28	61	65	
56	24	62	64	66	73	78	
57	21	63	74	
58	16	60	65	66	72	73	75	
59	39	69	74	
60	47	68	75	76	80	82	
61	49	76	80	
62	45	66	79	
63	19	75	76	
64	46	72	73	78	80	84	
65	11	67	74	83	
66	31	78	87	89	
67	24	72	79	83	
68	18	72	73	75	79	80	81	85	86	91	
69	16	76	79	80	81	83	
70	10	80	83	88	89	90	
71	27	72	81	90	91	
72	27	81	82	85	93	95	97	
73	40	87	90	94	95	
74	17	82	90	
75	30	93	
76	38	89	92	
77	18	82	83	89	90	98	
78	41	83	87	
79	20	85	93	97	
80	28	87	96	101	
81	23	85	102	
82	41	87	88	89	99	101	
83	26	85	86	91	95	100	102	105	
84	38	91	94	101	
85	19	98	101	104	105	
86	36	97	102	104	
87	23	94	97	104	
88	28	94	96	97	99	104	105	107	111	
89	12	100	
90	14	93	95	96	98	99	102	
91	25	93	95	107	
92	46	114	
93	29	99	109	110	
94	33	101	106	
95	27	99	103	104	109	111	115	117	
96	45	108	113	115	117	118	
97	49	102	106	117	
98	31	114	117	
99	25	106	110	117	120	
100	23	106	110	120	124	
101	22	106	110	111	116	119	
102	12	110	112	121	
103	30	107	110	121	124	
104	28	107	118	
105	37	107	109	113	114	123	
106	19	125	
107	12	120	127	
108	37	128	
109	10	115	121	123	128	
110	30	115	120	127	
111	28	115	123	
112	35	128	
113	26	119	126	
114	34	128	
115	48	129	
116	37	120	
117	36	122	
118	24	127	
119	34	128	
120	19	127	
121	48	
122	16	128	
123	34	
124	16	
125	21	
126	42	
127	21	
128	22	
129	32	
