node	size	children
0	37	6	11	12	13	14	17	18	19	20	25	
1	21	6	8	11	12	14	15	18	23	
2	46	6	8	11	12	19	
3	36	6	7	8	11	12	17	19	
4	41	7	8	9	10	14	17	25	
5	40	6	7	8	10	11	14	
6	36	21	23	31	
7	38	16	25	27	29	
8	29	13	14	18	23	24	27	29	
9	15	13	18	21	22	26	27	29	30	31	
10	47	26	28	
11	10	
12	37	14	25	30	31	
13	40	23	30	33	
14	14	21	22	26	27	28	35	
15	42	19	37	
16	42	38	
17	43	38	
18	37	22	25	33	
19	24	29	36	38	
20	47	29	
21	39	28	29	41	42	
22	36	37	41	42	
23	20	28	30	36	38	43	45	
24	10	26	37	41	45	
25	38	31	33	35	37	
26	47	39	47	48	50	52	
27	27	33	50	
28	14	33	35	37	
29	33	32	35	39	49	52	
30	29	34	35	38	39	41	42	50	51	
31	33	34	43	47	50	
32	37	41	42	48	56	57	
33	35	40	
34	37	40	52	54	
35	46	52	
36	20	39	42	45	
37	21	39	43	44	49	50	54	
38	37	39	46	54	56	
39	23	47	53	
40	10	60	62	
41	22	53	59	64	
42	39	52	61	63	
43	38	53	54	56	58	59	61	
44	20	47	54	61	
45	40	47	
46	17	66	69	70	
47	18	53	65	71	
48	18	62	
49	40	61	
50	36	56	57	59	66	69	
51	19	59	60	64	
52	30	54	55	56	59	70	
53	17	71	73	74	
54	10	60	65	67	74	
55	15	65	67	74	76	77	
56	31	
57	12	76	
58	37	60	61	63	66	74	
59	37	69	75	77	79	
60	17	
61	15	77	78	
62	14	65	66	69	77	79	80	81	
63	49	65	
64	35	68	70	75	78	
65	37	78	
66	21	72	80	88	
67	23	72	73	74	87	
68	38	76	78	82	90	
69	25	77	
70	36	85	86	
71	13	74	75	80	81	83	84	
72	22	80	86	
73	44	83	85	87	91	
74	48	87	92	
75	44	91	93	
76	10	84	89	95	
77	20	82	97	
78	42	84	92	
79	14	88	94	98	100	
80	21	94	
81	21	85	89	96	97	99	101	
82	17	87	92	97	
83	25	86	91	93	104	
84	11	85	86	100	102	104	
85	12	97	98	107	110	
86	46	95	100	107	108	
87	10	105	
88	47	109	
89	16	92	96	
90	47	101	104	107	
91	20	96	107	109	
92	14	111	113	115	
93	44	102	108	117	
94	21	107	114	116	
95	38	
96	22	101	103	105	113	
97	31	98	109	111	113	
98	14	109	111	116	118	
99	46	
100	33	108	123	
101	42	116	
102	18	115	118	123	125	
103	18	106	113	115	120	121	122	125	
104	29	107	109	111	
105	27	116	121	122	
106	47	112	121	122	
107	31	122	
108	18	115	116	
109	22	117	118	125	
110	25	120	129	
111	14	113	116	118	124	126	
112	34	123	126	
113	34	
114	18	121	
115	24	
116	41	125	128	
117	15	128	
118	26	119	120	
119	48	126	
120	11	126	
121	27	127	128	
122	44	
123	42	128	
124	43	128	
125	45	128	
126	36	
127	47	
128	27	
129	47	
