node	size	children
0	20	7	8	10	11	13	
1	48	9	11	12	15	24	
2	31	7	11	16	18	23	25	
3	37	8	11	13	16	18	
4	33	10	11	13	15	16	18	19	23	
5	26	7	8	14	15	18	
6	34	7	11	13	15	
7	13	20	21	27	
8	38	
9	20	21	24	25	31	
10	24	23	24	
11	14	24	25	29	
12	11	17	25	27	28	
13	31	29	30	31	33	
14	37	21	
15	25	22	23	25	34	36	
16	36	21	30	36	
17	19	26	33	
18	47	21	24	26	36	
19	45	30	32	
20	35	30	31	33	37	40	
21	17	30	39	42	
22	38	33	38	44	
23	44	26	41	
24	13	26	28	29	31	36	38	40	41	
25	38	29	31	38	
26	30	45	
27	31	38	41	
28	24	35	36	38	41	43	
29	11	41	44	45	
30	37	32	37	43	
31	32	
32	47	
33	49	
34	40	39	46	55	56	
35	36	39	41	50	
36	27	44	47	51	
37	49	44	46	54	
38	40	51	52	53	55	
39	30	50	53	54	
40	33	48	53	55	
41	42	52	57	
42	32	45	50	51	55	57	
43	26	49	56	
44	22	49	53	
45	46	57	64	68	
46	29	51	56	64	
47	20	58	
48	28	54	
49	36	61	64	67	
50	46	51	59	61	65	68	
51	46	59	60	69	73	
52	48	59	60	61	69	
53	15	58	66	68	70	
54	19	59	61	70	
55	17	62	63	71	
56	16	58	61	62	67	71	72	74	
57	34	67	72	73	80	
58	46	74	77	
59	31	78	
60	40	76	79	
61	28	69	75	76	
62	32	69	80	
63	19	74	82	
64	42	72	
65	14	74	76	77	78	81	86	
66	11	70	
67	14	71	73	76	78	80	85	
68	44	71	80	81	
69	45	77	79	80	82	88	
70	27	76	78	79	92	
71	14	84	91	92	93	
72	30	78	83	84	89	92	
73	28	85	87	89	
74	12	87	92	
75	17	
76	45	81	86	88	94	
77	16	88	89	93	97	
78	22	85	87	92	96	98	
79	15	85	86	87	96	
80	47	82	86	96	97	
81	45	88	91	101	103	
82	45	102	
83	12	90	91	93	105	
84	13	91	98	103	
85	29	98	
86	14	93	94	101	
87	19	89	
88	37	100	102	109	
89	47	95	97	99	102	105	111	
90	13	99	102	105	111	
91	22	98	108	
92	31	
93	37	97	99	102	105	
94	31	
95	12	103	107	
96	31	103	
97	37	104	108	
98	48	101	103	110	
99	33	101	107	108	114	116	117	
100	28	106	107	111	113	118	
101	22	107	118	121	
102	49	113	116	118	119	121	
103	37	113	115	119	121	123	
104	13	111	113	117	122	
105	14	111	112	115	117	122	123	
106	16	115	119	122	
107	31	113	124	126	
108	46	112	121	124	
109	39	112	115	117	118	121	
110	10	117	125	127	
111	14	116	118	120	122	127	129	
112	47	128	
113	40	119	120	
114	30	119	120	
115	34	
116	17	128	
117	39	122	123	127	129	
118	27	127	
119	18	127	
120	49	
121	45	129	
122	41	129	
123	35	
124	14	128	129	
125	37	
126	39	
127	18	
128	26	
129	16	
