node	size	children
0	33	7	8	9	11	13	14	18	21	
1	43	6	7	8	9	10	11	17	
2	25	6	8	12	15	17	21	22	
3	18	7	8	15	18	
4	47	6	7	9	10	11	12	19	24	
5	17	6	7	8	9	11	13	16	17	19	21	23	
6	26	13	17	18	22	23	30	
7	17	18	21	22	23	
8	21	19	
9	37	15	
10	31	13	20	
11	12	25	29	
12	31	19	22	29	
13	43	21	32	
14	27	24	
15	39	20	26	34	
16	18	32	37	
17	14	25	31	34	
18	19	23	35	
19	48	28	29	31	34	
20	31	29	36	38	40	41	42	
21	28	35	37	41	42	
22	32	26	28	33	35	37	41	
23	42	27	
24	39	34	
25	32	35	44	49	
26	27	40	42	
27	48	38	40	43	44	45	47	
28	10	32	33	35	40	43	48	
29	14	44	48	
30	35	34	39	40	47	48	49	
31	45	
32	26	45	46	55	57	
33	27	50	
34	33	38	44	56	
35	49	42	47	
36	41	51	52	
37	18	43	
38	13	47	55	
39	39	45	51	53	54	
40	42	48	51	54	57	61	
41	42	44	46	63	
42	19	46	47	63	
43	27	55	60	
44	10	52	53	55	56	59	
45	42	51	52	
46	40	51	55	57	61	65	66	
47	40	55	56	59	64	68	
48	49	53	56	57	67	69	
49	11	52	57	60	62	
50	46	56	58	64	70	
51	14	61	68	
52	15	63	69	74	
53	37	60	65	71	74	75	
54	46	60	63	75	
55	41	59	
56	21	62	68	70	74	
57	32	64	67	72	74	
58	25	65	69	76	
59	41	64	67	69	73	76	78	82	
60	15	65	68	78	
61	22	81	
62	28	64	65	70	81	82	
63	11	70	74	77	
64	42	80	82	83	85	
65	32	72	73	78	
66	24	72	
67	14	79	80	81	82	87	
68	25	88	
69	27	74	75	81	85	
70	47	75	86	87	88	
71	22	
72	19	84	85	
73	35	79	84	92	
74	12	77	85	91	
75	13	78	91	
76	31	78	93	95	
77	13	93	
78	21	88	90	92	94	98	
79	44	89	
80	46	83	90	94	
81	21	95	
82	27	85	90	95	98	
83	16	94	95	96	99	103	
84	16	90	100	103	104	106	
85	10	101	103	106	
86	29	96	100	101	
87	10	92	96	102	
88	34	96	97	103	107	
89	46	95	96	
90	28	105	
91	10	99	101	103	
92	22	99	
93	31	100	
94	45	100	
95	25	98	100	102	
96	10	107	113	
97	34	104	108	109	110	
98	42	108	119	
99	45	104	111	118	120	
100	34	104	107	114	116	120	
101	31	107	
102	17	113	114	123	124	
103	49	117	121	124	
104	21	115	122	125	
105	45	111	120	
106	45	108	118	119	121	122	123	
107	38	110	112	116	118	122	123	124	
108	45	120	124	
109	46	120	128	
110	35	116	129	
111	44	116	122	
112	12	
113	31	121	129	
114	16	128	
115	39	121	128	
116	49	
117	35	121	125	
118	24	121	123	127	128	
119	27	122	125	126	
120	27	125	
121	49	129	
122	45	127	
123	34	
124	41	
125	23	
126	31	
127	45	
128	41	
129	18	
