node	size	children
0	32	6	7	9	12	15	17	19	20	25	
1	37	7	9	10	12	14	15	16	17	19	
2	29	7	10	11	12	13	21	
3	23	6	10	24	
4	12	6	7	10	13	14	15	17	
5	11	6	8	10	12	15	16	21	24	
6	33	23	26	30	
7	27	30	
8	18	16	25	
9	16	13	18	19	22	23	
10	44	21	22	27	29	30	
11	36	23	26	30	
12	11	18	26	27	29	30	31	
13	47	24	
14	32	21	22	32	
15	31	31	34	
16	23	21	38	
17	47	22	23	31	
18	38	26	34	
19	39	24	26	29	30	38	
20	20	45	
21	13	28	33	36	43	44	
22	10	32	46	
23	11	29	40	44	46	
24	44	29	31	35	38	43	
25	32	31	35	36	
26	11	36	
27	46	43	44	45	47	49	53	
28	19	42	44	46	47	53	
29	27	37	42	49	51	
30	46	35	41	42	
31	31	38	39	41	46	
32	14	43	44	46	47	
33	29	54	58	60	
34	32	40	47	48	54	
35	39	40	48	55	56	
36	47	42	43	44	53	
37	37	47	48	52	
38	30	
39	13	42	53	
40	10	52	59	61	63	64	
41	12	49	60	61	62	64	
42	41	52	53	58	61	64	65	
43	17	50	65	66	
44	25	47	57	60	
45	27	54	62	63	66	
46	42	54	55	58	
47	49	60	72	
48	10	57	58	66	
49	30	68	70	
50	13	60	61	63	
51	43	55	67	
52	48	55	61	67	
53	20	61	62	65	66	72	
54	18	62	66	70	77	
55	34	
56	44	65	68	72	
57	38	70	71	72	73	78	
58	14	62	71	
59	22	62	75	
60	44	64	65	67	71	73	77	
61	26	80	84	
62	27	83	
63	28	70	72	77	
64	26	67	69	
65	23	67	71	82	
66	12	77	
67	10	75	76	82	87	91	
68	25	79	80	81	87	
69	47	77	83	89	
70	43	73	74	75	78	80	
71	20	74	78	86	87	
72	37	82	91	
73	30	82	93	
74	39	92	
75	23	94	97	
76	18	79	82	85	88	91	92	93	95	
77	22	81	
78	15	79	81	97	
79	42	86	87	90	92	95	103	
80	20	95	
81	39	90	103	
82	48	91	93	94	95	
83	15	91	94	101	
84	24	85	87	92	99	
85	14	101	
86	11	101	
87	47	93	96	99	103	108	
88	46	96	100	108	
89	44	93	94	100	102	
90	35	94	99	102	
91	15	92	99	
92	15	105	111	
93	11	101	103	113	
94	29	98	102	104	105	
95	15	104	114	
96	32	98	101	107	
97	38	104	106	109	
98	46	115	118	120	
99	42	104	107	115	
100	13	104	108	112	
101	26	105	111	114	
102	43	106	108	114	119	121	
103	34	108	111	115	117	
104	26	123	
105	46	113	117	118	125	127	
106	38	115	116	117	119	121	122	
107	13	114	
108	23	113	123	
109	39	110	115	116	124	125	
110	37	124	125	126	129	
111	20	123	125	
112	32	120	
113	36	118	125	126	
114	14	127	
115	32	117	121	
116	31	129	
117	44	124	
118	30	128	
119	26	
120	10	123	
121	15	
122	42	129	
123	26	
124	17	129	
125	29	
126	25	
127	22	129	
128	11	
129	34	
