node	size	children
0	16	7	11	13	14	15	16	19	20	22	
1	25	10	12	13	18	19	20	25	
2	38	8	9	10	13	14	18	
3	21	9	10	12	15	24	
4	34	16	24	
5	19	8	11	12	13	16	18	19	
6	43	7	8	9	13	16	17	19	20	26	
7	48	17	21	24	26	28	
8	23	14	15	16	25	32	
9	42	15	16	19	30	
10	23	29	32	
11	13	25	27	29	
12	44	19	32	
13	35	33	
14	24	26	31	40	
15	21	28	31	33	35	38	
16	44	26	32	
17	49	30	40	
18	19	23	28	30	39	40	
19	32	26	32	35	
20	29	23	29	34	
21	19	28	34	40	44	
22	36	30	34	44	45	
23	38	43	
24	20	40	
25	22	29	35	37	43	
26	19	29	33	43	
27	37	37	39	40	43	47	
28	11	36	39	41	45	
29	24	35	37	39	42	52	
30	29	45	
31	11	
32	45	35	51	
33	19	35	43	49	
34	36	49	54	60	
35	20	44	46	48	50	53	57	60	
36	21	44	45	57	60	
37	35	45	51	55	57	59	
38	20	51	55	57	
39	11	60	
40	21	47	51	53	55	
41	48	48	62	
42	18	52	54	57	58	63	
43	10	67	
44	23	63	64	
45	16	64	65	
46	40	47	66	67	
47	37	
48	10	62	68	
49	22	69	74	
50	26	56	57	62	67	70	74	
51	43	64	65	66	69	71	74	
52	26	58	67	70	
53	27	54	65	67	72	
54	15	
55	14	66	70	73	75	
56	41	62	64	68	73	80	
57	34	68	76	
58	41	61	62	66	68	69	70	74	
59	41	62	68	75	78	
60	26	66	
61	28	81	84	85	88	
62	16	70	72	77	78	
63	10	70	
64	44	73	77	88	
65	43	68	73	74	80	82	
66	23	77	
67	43	69	78	84	
68	13	90	93	
69	43	77	84	88	
70	37	93	
71	24	75	77	83	84	86	93	
72	12	75	76	90	94	
73	15	76	86	93	95	
74	21	77	79	82	86	
75	24	88	
76	44	84	94	96	98	102	
77	31	84	87	96	102	
78	39	85	98	
79	24	96	
80	24	89	92	
81	22	94	96	
82	45	95	98	99	
83	11	91	95	98	106	107	
84	48	91	94	95	99	100	
85	10	90	101	102	105	107	108	
86	28	92	96	99	103	
87	12	91	
88	18	95	
89	16	106	107	114	
90	49	103	105	
91	29	97	98	100	102	114	
92	20	114	
93	47	104	109	112	
94	24	107	110	111	
95	41	96	106	107	110	111	
96	15	110	117	118	
97	20	105	113	116	118	120	
98	33	107	
99	48	111	119	
100	35	105	115	
101	12	105	115	120	
102	45	111	115	116	119	
103	30	112	113	
104	20	110	113	118	119	121	126	
105	39	114	117	125	
106	30	111	116	126	
107	39	113	117	118	
108	23	119	
109	17	120	122	128	
110	44	117	120	
111	16	121	
112	34	115	116	122	125	127	129	
113	33	116	
114	12	119	
115	38	123	129	
116	40	122	123	124	127	129	
117	38	123	128	
118	40	123	
119	24	
120	36	129	
121	23	128	
122	13	128	
123	42	129	
124	47	127	128	
125	16	
126	25	
127	20	
128	23	
129	29	
