node	size	children
0	40	11	16	23	
1	25	6	9	10	13	14	20	
2	46	7	11	12	15	16	17	
3	10	6	8	9	10	11	15	16	19	20	21	
4	23	6	7	9	10	11	14	15	16	18	22	23	
5	25	6	11	14	16	
6	30	13	29	31	
7	35	18	30	31	
8	48	18	20	30	
9	35	14	18	24	28	31	
10	44	22	23	
11	21	21	22	
12	15	21	37	
13	13	32	35	
14	45	29	36	
15	41	20	
16	42	22	25	34	36	
17	18	22	23	25	30	37	
18	26	33	34	37	
19	25	29	32	43	
20	24	26	28	38	40	
21	18	28	42	43	
22	27	32	41	42	
23	21	26	31	32	
24	30	27	28	
25	47	
26	12	36	39	48	
27	14	38	46	
28	40	41	46	49	
29	16	32	41	46	49	
30	32	36	37	43	51	
31	12	33	35	
32	12	38	41	43	48	50	51	54	
33	49	46	50	55	
34	29	40	44	45	47	50	54	55	
35	16	39	40	44	50	51	53	54	57	
36	34	40	45	54	
37	23	43	54	
38	22	45	52	
39	15	45	56	
40	45	49	55	59	
41	44	50	
42	33	48	49	62	
43	33	46	48	54	56	
44	21	45	60	
45	28	67	68	70	
46	43	
47	18	58	60	
48	44	57	59	65	
49	33	61	67	69	
50	18	56	57	64	68	
51	36	55	62	
52	47	61	
53	24	61	65	75	77	
54	24	64	68	75	77	
55	30	63	64	65	67	
56	31	65	75	
57	40	62	64	70	75	
58	49	66	81	
59	40	66	83	
60	39	66	71	74	83	
61	37	69	84	
62	33	71	74	76	
63	28	64	67	69	70	
64	35	89	
65	35	
66	25	72	78	81	87	
67	43	72	86	90	
68	21	77	89	91	
69	42	74	78	80	
70	40	73	77	79	82	
71	25	78	81	83	98	
72	35	86	91	94	
73	18	79	
74	26	80	81	83	95	
75	11	82	86	
76	25	82	84	87	94	
77	30	87	88	91	
78	16	88	97	
79	15	85	92	93	104	
80	29	93	97	
81	43	92	100	
82	47	88	91	96	101	103	
83	25	85	86	101	
84	12	87	89	90	97	
85	12	95	97	98	102	105	108	
86	42	102	106	
87	21	96	101	103	106	
88	26	92	106	107	108	110	
89	47	93	95	96	103	107	
90	25	92	100	107	
91	46	96	101	110	
92	31	100	102	105	109	111	
93	36	108	109	
94	37	104	105	109	110	112	113	
95	25	99	103	104	107	111	
96	21	101	103	104	
97	49	100	109	110	
98	28	100	107	108	111	114	
99	18	108	109	118	
100	47	105	106	117	120	121	
101	37	110	121	122	
102	38	111	115	122	
103	26	105	111	117	123	
104	46	112	118	
105	40	115	128	
106	14	119	122	125	
107	43	117	120	121	
108	44	123	127	
109	17	114	128	
110	29	115	116	123	124	128	
111	36	128	
112	37	120	
113	45	123	
114	12	117	118	119	129	
115	27	117	123	
116	20	124	126	128	
117	26	124	
118	11	125	
119	33	125	
120	48	
121	15	124	125	
122	40	124	127	
123	16	124	
124	25	
125	11	
126	15	
127	49	
128	10	
129	32	
