node	size	children
0	21	6	7	9	13	19	
1	25	6	7	8	12	13	24	
2	16	6	7	8	11	14	15	
3	34	6	8	
4	29	7	8	10	11	12	13	17	18	24	
5	39	7	10	11	13	15	23	
6	33	16	18	27	30	31	
7	13	18	31	
8	14	12	30	
9	15	21	27	
10	48	19	23	27	29	
11	29	18	19	21	
12	23	20	23	33	
13	49	27	28	29	31	
14	44	25	32	
15	34	19	26	27	29	31	
16	18	21	34	37	
17	24	22	25	
18	18	29	30	34	36	
19	24	34	40	41	42	
20	22	30	35	
21	44	28	32	34	35	37	44	
22	14	30	35	37	38	
23	11	34	35	37	
24	42	25	40	44	
25	24	32	
26	19	
27	28	34	48	
28	27	35	50	51	
29	15	32	35	37	
30	37	39	
31	49	37	38	45	
32	28	40	44	45	
33	16	40	41	42	43	57	
34	15	47	49	
35	41	43	44	47	50	
36	18	43	44	48	54	55	
37	32	48	53	54	
38	11	55	59	
39	30	45	62	63	
40	18	60	61	
41	49	59	60	61	
42	25	45	47	48	56	60	
43	45	45	46	58	
44	12	48	50	58	
45	24	54	58	59	65	66	
46	32	58	61	
47	29	52	53	63	
48	39	64	
49	44	56	
50	35	54	59	61	
51	37	55	61	67	
52	34	59	66	68	
53	36	58	71	
54	32	65	72	
55	44	70	72	
56	15	62	69	
57	28	66	70	74	
58	23	72	75	78	80	
59	44	66	80	81	
60	13	65	68	80	
61	11	67	78	
62	10	
63	12	74	76	77	78	81	
64	24	70	72	86	
65	28	70	75	81	83	86	
66	40	79	
67	40	
68	37	70	73	74	81	83	88	
69	36	78	81	
70	37	79	80	89	92	94	
71	42	78	86	
72	45	88	91	95	
73	39	80	82	89	
74	35	77	81	85	
75	43	78	88	90	
76	39	79	87	95	
77	25	92	99	101	
78	11	92	101	
79	23	84	94	98	101	
80	29	88	97	98	101	
81	40	83	84	89	94	
82	31	83	92	99	100	
83	38	95	106	108	
84	14	90	92	94	95	96	106	107	
85	28	94	99	101	104	106	
86	27	96	98	104	
87	14	90	91	95	101	
88	33	93	102	
89	18	
90	31	102	103	
91	28	100	102	108	110	
92	28	100	112	
93	22	100	103	109	111	114	
94	26	96	100	105	113	
95	12	104	109	112	
96	24	103	107	110	114	116	117	120	
97	40	103	107	116	
98	40	116	118	
99	29	106	107	108	110	114	
100	22	108	109	111	114	120	
101	49	102	104	105	114	117	
102	22	122	127	
103	16	127	
104	42	110	114	117	118	125	
105	14	110	124	
106	26	115	124	125	
107	10	112	121	123	124	126	
108	21	125	
109	15	120	122	
110	39	118	120	127	
111	29	116	119	122	126	127	
112	26	129	
113	24	128	129	
114	17	120	124	125	
115	18	122	
116	13	125	127	
117	25	123	
118	33	
119	16	128	129	
120	41	124	129	
121	25	128	
122	19	129	
123	48	
124	33	129	
125	36	128	
126	39	128	
127	38	
128	25	
129	46	
