node	size	children
0	34	7	10	16	18	24	
1	29	7	9	12	13	14	16	18	19	
2	44	6	7	9	10	15	17	18	25	
3	14	15	17	18	19	24	
4	27	6	7	8	9	10	11	15	16	17	18	19	23	
5	31	6	9	10	11	16	19	23	24	
6	28	22	25	
7	14	21	
8	23	31	
9	15	17	
10	48	16	20	23	29	
11	49	24	
12	19	13	15	16	20	27	
13	35	23	25	28	30	32	34	37	
14	49	20	23	24	31	36	
15	29	32	
16	24	30	
17	43	31	
18	41	23	24	26	28	29	
19	17	20	32	
20	21	28	39	44	
21	30	38	
22	39	29	34	37	
23	36	32	36	42	
24	41	
25	32	26	34	44	
26	19	35	41	43	47	
27	49	33	36	43	45	
28	39	
29	41	35	36	
30	42	33	35	36	38	43	47	49	
31	32	41	46	
32	15	
33	47	40	46	56	58	
34	27	40	43	50	58	
35	18	38	40	43	53	57	
36	28	38	45	50	54	
37	38	51	54	
38	22	45	47	53	56	58	61	
39	43	49	52	53	55	58	
40	31	46	55	57	62	
41	40	45	61	
42	47	45	48	52	53	
43	48	55	61	62	65	
44	30	46	47	53	54	55	57	58	
45	18	57	60	63	68	
46	39	52	
47	19	52	54	57	
48	40	56	59	64	
49	35	61	64	
50	40	55	62	63	65	68	
51	24	54	63	68	
52	46	59	75	77	
53	17	66	68	69	71	73	75	
54	31	75	
55	37	64	68	72	76	
56	21	60	61	75	76	77	
57	34	62	67	70	
58	29	62	75	77	
59	33	83	
60	20	69	72	84	
61	49	71	80	
62	10	
63	33	67	74	80	83	
64	17	67	69	72	76	77	79	
65	16	67	71	76	
66	15	72	78	80	82	
67	21	
68	32	77	84	
69	40	86	90	
70	22	80	82	86	
71	28	80	81	
72	27	92	
73	25	78	79	81	92	94	
74	49	92	94	
75	28	82	92	95	97	
76	21	89	90	95	
77	29	83	95	96	
78	14	85	90	93	96	98	
79	12	87	90	94	97	98	
80	36	86	90	101	
81	34	98	99	
82	20	86	99	
83	26	88	93	96	
84	33	93	98	100	
85	24	91	99	103	
86	34	91	103	
87	15	91	100	105	
88	32	91	92	106	109	
89	37	94	95	99	104	106	108	
90	28	93	100	102	
91	27	108	
92	46	106	108	110	
93	35	102	115	
94	17	107	112	114	115	116	
95	13	100	102	103	114	
96	36	100	103	106	109	117	
97	38	98	99	100	102	106	116	
98	29	110	112	114	118	119	
99	32	107	108	119	124	
100	39	104	105	107	115	123	124	
101	40	108	111	114	117	120	122	
102	25	104	109	117	123	
103	45	105	109	110	113	118	124	
104	39	116	
105	26	112	116	119	127	
106	47	111	113	125	129	
107	41	117	118	120	124	
108	49	123	124	
109	20	114	126	128	
110	22	114	117	120	128	
111	30	119	121	
112	25	
113	21	
114	26	119	
115	46	127	
116	10	119	
117	12	
118	38	125	
119	39	
120	36	126	
121	33	
122	33	
123	39	129	
124	44	129	
125	11	
126	44	
127	24	
128	35	
129	28	
