node	size	children
0	25	6	7	8	9	11	15	16	18	
1	25	7	8	9	11	12	13	16	17	19	
2	41	7	9	10	11	12	13	16	17	24	25	
3	18	6	10	11	12	24	
4	45	6	10	11	13	14	17	
5	27	6	7	9	12	13	14	15	23	
6	19	16	22	
7	41	19	24	
8	30	
9	36	14	18	21	23	32	
10	26	14	20	21	30	
11	13	16	20	21	22	30	
12	11	13	16	17	
13	42	22	36	
14	34	24	31	
15	49	22	23	30	32	35	
16	26	20	22	23	34	37	
17	16	
18	38	22	
19	14	24	
20	13	38	42	
21	40	39	45	
22	37	26	35	42	
23	24	30	45	
24	37	27	28	29	37	42	43	
25	22	29	31	35	38	
26	15	33	34	37	39	42	51	
27	48	36	39	43	51	52	
28	24	41	50	
29	30	50	
30	22	46	
31	15	38	46	
32	49	44	45	
33	13	42	53	58	59	
34	47	50	51	57	
35	13	47	
36	15	39	45	47	53	59	
37	20	40	41	59	
38	49	41	52	
39	13	47	54	56	
40	33	47	55	64	
41	34	47	48	49	50	62	64	
42	30	49	58	59	64	
43	34	46	47	50	56	58	
44	40	46	58	
45	20	46	51	52	53	
46	48	59	64	65	66	67	72	
47	21	53	65	67	
48	41	62	63	65	71	
49	23	62	66	70	
50	17	54	55	58	60	62	68	
51	46	60	70	
52	21	54	65	67	68	
53	15	64	75	77	
54	13	62	63	
55	47	60	63	66	72	74	77	
56	30	60	70	72	
57	39	68	73	
58	16	60	61	65	66	
59	19	60	70	74	75	78	
60	13	78	79	80	84	
61	15	71	75	83	
62	33	68	69	75	78	82	84	
63	38	69	76	77	78	79	84	
64	24	70	77	81	
65	35	71	85	
66	24	73	75	84	86	87	91	
67	17	76	86	
68	12	76	79	86	91	
69	32	73	86	
70	46	76	86	
71	14	80	81	90	
72	19	75	78	81	84	
73	15	88	91	
74	19	90	
75	44	88	92	95	
76	23	79	81	91	92	
77	44	95	
78	45	83	85	87	88	92	
79	30	87	90	92	94	96	100	
80	25	88	89	
81	13	93	
82	30	89	103	
83	28	88	98	
84	30	87	99	
85	17	87	90	95	96	99	
86	28	96	102	107	
87	42	101	
88	16	102	105	106	
89	40	97	102	106	109	
90	10	109	
91	48	95	98	103	
92	12	
93	27	106	111	113	
94	27	106	109	110	112	
95	12	103	114	
96	17	110	113	
97	19	100	104	
98	17	114	116	120	121	122	
99	26	
100	17	106	108	117	122	
101	12	113	119	
102	30	109	116	
103	41	104	107	116	
104	45	111	123	124	
105	21	112	114	120	123	128	
106	37	112	115	123	126	
107	26	111	113	114	120	123	126	127	
108	26	111	126	127	
109	41	117	118	126	
110	35	116	
111	37	116	121	124	125	126	
112	23	124	125	
113	31	118	120	
114	47	118	127	
115	27	121	
116	42	123	124	
117	44	
118	44	123	124	
119	46	
120	25	127	
121	35	129	
122	31	129	
123	42	
124	32	
125	47	
126	44	
127	47	
128	22	
129	22	
