node	size	children
0	39	7	8	11	14	15	18	22	
1	37	7	9	13	14	17	18	
2	19	7	10	11	17	18	
3	16	7	11	12	17	22	
4	33	7	8	11	13	17	
5	43	8	11	13	14	18	20	
6	32	8	10	14	18	20	
7	40	16	29	31	
8	20	15	17	18	22	
9	23	
10	38	16	17	23	28	31	
11	44	19	22	23	25	31	
12	10	16	24	30	
13	38	24	25	
14	32	25	28	29	30	34	35	37	38	
15	19	25	26	35	38	
16	23	20	21	28	33	38	
17	30	22	26	30	
18	29	23	24	26	27	35	37	
19	37	28	29	32	
20	19	43	
21	34	26	29	35	45	
22	27	37	41	43	44	
23	29	34	36	38	41	
24	36	32	34	
25	28	26	28	32	43	
26	30	37	40	
27	14	37	46	48	
28	27	36	44	
29	31	35	41	45	47	49	50	
30	23	39	40	47	48	49	50	
31	10	34	47	
32	47	40	41	50	54	57	59	
33	12	40	49	51	54	
34	44	43	44	47	51	
35	18	42	55	
36	31	39	49	52	
37	25	49	51	56	
38	11	51	52	
39	28	52	58	
40	48	60	
41	19	52	53	54	63	
42	20	52	53	60	61	
43	42	48	51	52	
44	38	47	59	
45	29	54	55	60	61	63	
46	27	54	58	
47	32	62	63	70	
48	47	60	61	67	68	
49	41	59	66	
50	29	53	61	
51	23	53	60	71	
52	17	57	63	64	71	
53	17	60	76	78	
54	19	62	72	78	
55	48	68	
56	25	62	75	
57	16	69	
58	46	65	
59	40	61	63	71	
60	28	74	80	82	
61	46	70	73	75	83	
62	46	67	68	71	72	73	80	
63	36	67	71	76	
64	35	67	
65	29	73	82	
66	24	74	83	86	91	
67	17	73	76	81	82	83	
68	10	82	
69	46	77	79	82	88	
70	49	72	82	83	88	91	
71	42	72	86	90	
72	15	
73	49	86	
74	45	83	87	89	98	
75	20	80	88	95	
76	40	81	96	97	
77	13	83	84	92	
78	21	84	92	
79	29	94	98	103	
80	29	85	89	91	
81	37	88	91	92	101	105	
82	42	92	93	94	102	105	
83	10	88	103	105	
84	39	97	105	
85	18	93	
86	20	97	99	
87	10	94	102	107	
88	14	97	100	103	107	
89	28	92	95	96	97	102	
90	20	94	102	103	108	
91	10	98	100	
92	29	100	109	
93	34	105	118	
94	27	100	118	
95	23	102	103	106	113	
96	38	104	107	109	110	112	114	117	
97	43	107	112	
98	46	107	108	109	115	
99	14	109	115	119	
100	22	106	112	117	123	
101	33	106	112	118	
102	26	121	122	
103	29	122	
104	16	109	111	114	120	121	
105	47	118	
106	25	112	115	121	124	125	130	
107	38	123	131	
108	21	116	122	126	127	131	
109	19	115	121	131	
110	27	123	
111	37	117	118	
112	23	129	130	
113	33	121	122	137	
114	36	128	137	
115	37	120	121	123	130	131	136	
116	34	119	120	126	
117	48	133	
118	32	123	127	130	132	137	
119	18	135	
120	32	134	135	
121	17	130	134	136	
122	36	126	128	131	132	133	
123	32	127	134	138	
124	26	
125	29	127	132	136	
126	35	134	
127	28	136	138	
128	29	
129	32	
130	37	136	
131	29	134	137	
132	21	138	
133	23	
134	11	
135	14	
136	30	139	
137	25	
138	36	
139	28	
