node	size	children
0	29	8	9	10	13	15	17	
1	17	7	10	12	13	14	15	20	22	
2	25	7	10	11	12	15	18	
3	11	7	8	12	15	16	18	
4	33	7	11	13	14	15	18	22	
5	19	9	10	12	13	15	17	19	25	
6	27	7	12	13	26	
7	22	19	29	30	31	
8	12	26	28	33	
9	31	14	16	17	22	28	
10	27	14	16	20	23	24	
11	38	16	20	23	33	
12	41	14	22	
13	16	22	29	31	
14	24	24	27	30	31	34	
15	13	23	31	32	33	
16	47	
17	14	30	35	39	
18	46	30	36	37	
19	21	20	21	
20	18	
21	44	
22	10	31	35	38	43	
23	43	31	32	39	
24	34	32	33	45	
25	44	39	
26	13	29	
27	13	39	48	51	
28	30	43	47	
29	31	35	40	43	50	
30	27	44	
31	37	46	
32	16	39	45	49	
33	17	37	40	
34	26	40	47	48	50	
35	22	40	43	54	
36	13	40	42	52	
37	32	41	44	49	54	55	
38	15	42	58	
39	47	42	43	47	57	
40	25	49	50	59	65	
41	12	53	56	57	
42	24	51	62	63	65	
43	47	49	50	52	61	64	
44	14	52	
45	24	47	49	52	53	57	60	61	64	
46	36	50	62	
47	40	62	68	
48	49	57	58	61	66	
49	27	61	65	66	
50	38	53	54	58	65	66	
51	30	53	60	65	
52	31	60	70	
53	25	63	64	79	
54	10	60	
55	44	67	78	
56	44	68	71	73	77	
57	43	60	64	69	
58	20	67	77	
59	19	65	73	78	
60	49	72	78	84	
61	33	70	76	
62	14	83	
63	12	67	82	85	
64	35	67	68	69	82	84	85	
65	30	67	68	72	76	82	
66	35	72	77	
67	10	75	83	86	
68	25	74	75	91	
69	46	75	84	86	
70	40	75	85	
71	22	76	78	82	84	91	
72	25	75	76	77	
73	34	82	87	89	93	95	
74	22	80	85	87	91	95	97	98	
75	16	80	86	95	
76	14	81	92	
77	39	94	97	
78	19	93	
79	45	83	89	96	
80	19	89	103	
81	44	87	92	93	99	103	
82	34	90	91	99	101	
83	26	88	89	94	100	101	
84	29	89	100	101	
85	24	104	105	
86	29	94	97	103	
87	26	107	
88	21	98	103	
89	37	93	106	
90	28	93	96	100	101	109	111	
91	32	92	95	99	107	
92	16	100	111	117	
93	31	
94	25	108	109	116	
95	46	103	108	109	117	
96	31	99	100	102	106	115	
97	44	101	104	116	
98	48	108	109	114	
99	19	108	110	112	113	114	120	
100	36	108	109	
101	44	107	111	117	
102	49	108	112	116	
103	45	107	121	
104	11	109	
105	28	107	114	118	119	124	
106	35	116	120	121	123	124	126	129	131	
107	25	120	
108	10	130	131	
109	45	118	131	
110	33	125	130	
111	29	114	115	122	129	
112	18	129	132	133	136	
113	42	120	
114	26	120	138	
115	31	119	123	132	138	
116	33	125	128	
117	31	120	132	135	
118	19	123	131	132	
119	32	125	138	139	
120	15	127	134	135	
121	42	134	
122	34	125	126	131	132	135	136	
123	49	128	132	134	137	
124	40	125	127	129	134	
125	40	136	
126	17	133	135	
127	19	133	
128	12	135	137	
129	17	133	134	137	138	
130	23	134	
131	45	
132	37	
133	44	
134	40	
135	10	
136	36	
137	16	
138	46	
139	10	
