node	size	children
0	15	8	9	12	13	15	18	20	
1	22	7	12	13	14	19	22	24	
2	44	6	12	13	16	22	
3	17	10	11	12	16	22	
4	35	8	9	11	13	16	18	22	23	24	
5	15	8	9	10	11	12	13	16	18	24	
6	25	13	14	18	25	32	
7	20	19	32	
8	43	17	18	
9	38	25	
10	14	14	29	
11	26	18	28	30	
12	28	15	16	
13	28	20	23	26	27	29	31	32	35	
14	23	28	31	36	
15	27	28	32	
16	32	23	25	32	35	37	38	
17	28	23	
18	11	21	22	23	28	29	30	
19	34	38	39	
20	24	28	35	
21	20	34	40	43	
22	25	29	35	36	45	
23	29	26	29	32	40	
24	35	26	29	36	38	
25	35	36	
26	12	39	47	
27	36	35	44	
28	30	39	40	
29	35	33	45	48	
30	42	33	36	38	50	
31	22	35	43	49	
32	17	
33	36	39	47	50	56	
34	12	39	40	43	56	
35	48	46	
36	42	42	48	53	57	
37	40	40	41	43	
38	27	43	59	
39	30	47	48	51	53	54	57	
40	36	52	61	
41	30	55	57	60	
42	26	62	
43	46	47	51	58	
44	36	54	57	58	62	
45	27	51	57	60	63	
46	47	55	56	61	65	71	72	
47	16	60	64	
48	48	53	66	
49	34	56	72	
50	35	62	66	
51	16	54	62	66	70	
52	39	61	63	71	
53	30	66	71	
54	44	74	77	
55	21	64	68	
56	32	74	79	
57	21	60	62	73	79	
58	26	60	61	67	68	69	79	
59	31	64	70	78	
60	28	
61	34	80	85	
62	22	67	76	79	82	85	
63	23	67	72	74	84	
64	42	66	67	75	76	84	85	
65	33	73	74	81	
66	10	73	79	80	82	
67	38	73	76	82	88	
68	13	
69	23	78	84	
70	21	73	77	83	85	
71	32	76	87	
72	35	74	80	89	
73	46	82	85	87	90	96	
74	36	90	94	
75	25	87	92	
76	29	89	
77	22	80	84	87	
78	47	86	90	93	
79	24	85	91	93	96	
80	36	86	89	93	95	
81	30	102	103	
82	30	89	93	101	
83	41	88	89	97	100	
84	24	
85	17	87	94	98	99	
86	21	95	96	97	98	101	
87	14	94	97	101	105	106	
88	39	92	96	97	103	109	
89	38	92	93	95	97	102	109	
90	43	92	94	105	109	
91	45	94	99	
92	48	102	106	108	111	115	
93	27	98	108	
94	19	105	106	112	
95	47	101	111	115	
96	39	105	107	109	115	116	
97	32	107	
98	39	114	119	121	
99	40	106	111	115	119	
100	22	104	114	119	120	
101	48	
102	12	107	109	113	117	120	122	
103	40	106	114	115	122	123	
104	48	119	120	
105	25	110	116	123	
106	11	113	
107	26	114	122	126	129	
108	48	114	119	
109	27	119	120	123	126	128	
110	46	126	128	129	136	
111	14	117	122	125	
112	32	122	123	125	130	
113	46	128	
114	46	122	124	129	
115	20	130	
116	36	118	123	128	130	133	
117	20	126	130	137	
118	43	125	127	132	
119	17	125	131	134	138	
120	45	129	134	136	
121	47	126	128	
122	44	128	
123	37	135	
124	21	138	
125	19	131	132	135	139	
126	20	137	
127	31	132	138	
128	34	136	137	
129	13	132	
130	46	137	
131	29	139	
132	24	139	
133	38	
134	21	137	139	
135	22	138	139	
136	33	
137	20	
138	33	
139	19	
