node	size	children
0	33	9	10	13	19	23	
1	28	7	9	10	13	16	19	
2	17	6	8	10	11	16	17	
3	45	7	9	10	12	14	16	18	22	
4	35	9	10	15	23	
5	39	6	9	13	18	19	23	24	
6	26	22	
7	35	17	18	
8	26	16	17	26	28	
9	31	
10	27	
11	33	13	18	29	
12	39	18	28	
13	25	25	38	
14	28	22	24	
15	18	25	30	
16	39	30	37	
17	16	21	26	28	34	35	
18	12	20	
19	46	25	28	
20	20	26	38	44	
21	17	41	42	
22	34	28	33	40	
23	49	31	32	
24	12	27	44	
25	40	27	34	39	
26	35	36	48	50	
27	37	40	41	43	45	
28	30	34	38	48	
29	48	40	41	42	44	48	50	
30	45	37	40	42	44	49	50	
31	26	34	37	38	40	41	45	48	50	
32	20	39	45	46	49	52	54	
33	22	43	46	56	
34	24	43	51	53	
35	26	43	44	52	
36	34	41	43	48	
37	45	40	41	42	49	
38	24	42	45	52	56	
39	20	55	56	57	60	
40	17	
41	10	46	52	55	
42	30	46	52	61	
43	25	46	53	60	
44	33	47	49	55	61	
45	36	53	54	57	65	66	68	70	
46	11	55	62	
47	33	53	54	55	68	69	
48	40	51	58	60	63	67	
49	20	53	58	66	67	69	
50	26	56	57	58	67	
51	41	60	62	64	65	
52	41	59	61	67	72	
53	21	57	64	71	
54	10	62	64	66	73	
55	20	70	76	77	
56	41	60	61	70	
57	45	71	74	78	81	83	
58	23	66	68	72	78	79	81	
59	26	74	75	77	
60	39	65	72	75	79	
61	29	75	80	83	
62	17	66	69	79	
63	23	71	77	83	
64	34	72	74	80	82	83	90	
65	11	81	82	87	
66	44	89	
67	25	71	73	80	
68	45	72	77	85	
69	32	77	83	85	87	89	90	
70	12	72	81	82	84	87	90	
71	26	79	81	82	95	
72	36	81	85	92	95	97	
73	24	
74	32	91	
75	13	
76	12	80	84	87	95	96	
77	27	78	82	88	91	
78	14	89	90	95	99	103	
79	22	85	89	91	99	101	
80	44	85	88	93	94	
81	41	87	89	90	98	101	
82	38	
83	26	91	97	99	101	103	
84	31	86	94	99	
85	19	106	108	
86	14	97	
87	36	98	102	107	
88	45	100	107	109	
89	37	94	97	100	104	
90	45	97	98	99	105	
91	18	98	106	107	
92	23	103	104	113	
93	32	111	112	
94	47	101	107	111	112	115	
95	42	100	104	105	109	
96	11	100	104	
97	45	104	
98	41	110	115	
99	30	117	122	
100	26	111	117	120	
101	14	105	111	115	117	
102	12	111	114	118	
103	32	112	115	116	117	120	
104	39	
105	38	127	
106	28	115	
107	13	114	
108	22	115	119	120	
109	19	114	123	127	
110	13	113	124	125	
111	49	126	128	130	
112	19	126	130	131	
113	28	121	133	134	
114	18	125	127	
115	30	128	129	134	
116	12	121	
117	16	123	126	127	128	133	139	
118	15	134	
119	16	
120	27	131	137	139	
121	45	123	125	129	136	
122	37	126	
123	38	129	133	139	
124	35	136	137	
125	32	130	131	132	133	135	139	
126	34	131	132	134	
127	32	134	
128	16	129	136	137	
129	16	135	138	
130	22	137	
131	43	
132	21	
133	26	
134	46	136	
135	22	
136	28	
137	26	
138	44	
139	48	
