node	size	children
0	22	6	11	12	15	17	21	23	
1	20	7	8	9	12	20	24	
2	40	7	11	12	13	17	23	24	
3	35	7	9	10	11	13	14	16	17	19	20	
4	30	7	9	11	12	17	21	
5	44	9	12	16	17	
6	16	14	22	27	30	
7	16	14	24	27	30	
8	45	14	18	
9	44	16	
10	13	14	15	
11	26	16	22	
12	29	16	24	26	
13	37	20	30	33	
14	32	19	20	24	25	28	
15	49	23	25	
16	36	20	26	33	35	
17	39	26	27	29	33	
18	13	
19	38	31	32	
20	21	26	29	31	
21	33	27	29	31	36	
22	16	31	35	40	
23	25	26	32	40	41	43	
24	37	31	32	35	42	
25	42	27	28	
26	16	36	38	43	49	
27	31	46	
28	23	44	48	
29	12	32	36	48	
30	46	34	44	
31	10	33	37	44	
32	25	54	
33	13	39	41	51	
34	26	41	46	55	
35	25	49	52	
36	32	44	49	55	
37	23	43	48	
38	14	47	50	53	57	58	61	
39	22	45	47	56	59	
40	41	47	58	60	
41	25	59	
42	15	50	
43	38	47	56	
44	10	52	58	60	63	64	
45	22	51	58	66	67	
46	38	51	60	61	66	
47	21	51	52	60	
48	45	52	57	58	65	
49	36	53	57	59	65	
50	24	61	63	67	68	
51	20	57	59	63	
52	46	60	70	
53	10	56	57	62	
54	19	56	61	67	69	72	
55	37	56	61	65	68	72	
56	43	69	71	79	
57	44	
58	33	73	74	78	
59	13	
60	49	66	68	72	74	80	
61	49	62	64	75	76	78	
62	35	69	84	87	
63	37	69	84	85	87	
64	31	68	74	
65	47	74	79	80	83	
66	47	68	72	77	85	
67	38	71	79	84	
68	38	75	84	89	
69	15	94	
70	28	84	87	91	
71	42	77	78	79	88	
72	36	78	81	90	92	
73	18	80	86	90	
74	16	96	99	
75	25	85	86	90	93	94	98	
76	31	81	82	85	93	95	100	
77	21	90	98	100	
78	35	99	
79	17	85	87	96	99	
80	40	85	88	
81	38	98	
82	47	93	98	
83	45	90	97	105	107	
84	28	101	102	107	
85	43	90	99	102	106	
86	44	106	107	
87	12	88	93	96	105	
88	28	95	100	101	110	
89	41	103	104	106	108	
90	21	96	98	103	111	
91	13	96	103	105	108	
92	13	97	100	104	105	106	
93	49	98	103	105	114	
94	38	96	100	106	107	108	
95	38	111	120	
96	36	114	116	
97	46	111	112	114	119	121	
98	12	104	110	112	115	117	119	120	
99	17	107	112	117	120	121	
100	44	110	111	118	121	
101	38	110	112	119	122	123	
102	28	119	123	
103	30	108	120	128	
104	37	108	115	121	127	128	
105	35	109	113	122	128	
106	13	121	124	128	
107	40	108	119	123	
108	41	115	122	125	127	128	129	134	
109	33	116	120	
110	42	115	116	123	134	
111	25	115	116	117	121	130	
112	39	115	122	
113	18	118	123	132	133	134	
114	20	119	123	
115	24	129	130	
116	31	127	130	137	138	
117	30	122	133	134	137	
118	35	139	
119	26	126	
120	42	122	127	139	
121	47	133	
122	37	133	136	
123	42	131	135	
124	34	137	
125	36	135	138	
126	41	
127	37	
128	28	
129	19	
130	48	139	
131	37	
132	16	139	
133	42	139	
134	42	136	
135	39	
136	44	
137	18	
138	36	
139	11	
