node	size	children
0	44	10	12	13	16	18	
1	35	7	10	11	18	
2	37	10	11	15	17	18	22	24	
3	34	7	10	11	21	23	
4	36	8	12	15	16	17	21	
5	32	9	13	17	
6	44	10	11	17	18	23	
7	15	16	19	30	
8	28	17	18	19	24	
9	23	
10	44	13	14	28	31	
11	13	22	23	31	
12	11	16	21	
13	10	24	26	28	33	35	
14	12	31	35	
15	24	20	22	23	29	33	
16	28	19	37	
17	40	19	21	25	26	28	33	35	36	
18	40	19	20	21	24	25	26	
19	37	
20	36	29	30	35	37	42	43	
21	37	25	26	37	40	43	
22	42	27	29	31	32	33	
23	45	25	31	32	33	38	40	
24	39	25	27	29	35	36	43	
25	35	32	47	
26	43	32	43	44	
27	39	32	34	
28	25	34	
29	11	47	
30	23	36	46	
31	29	39	41	48	50	
32	40	38	53	54	55	
33	31	42	51	
34	38	42	47	51	53	
35	14	45	48	52	56	
36	28	45	52	53	
37	27	38	43	54	
38	14	46	53	59	62	
39	33	54	63	
40	18	47	57	62	
41	31	45	46	56	62	
42	28	58	
43	28	46	48	49	50	57	59	61	
44	22	58	
45	26	53	59	64	
46	12	52	59	
47	24	53	61	65	
48	40	58	
49	40	54	58	65	
50	29	55	57	58	61	
51	22	60	68	71	
52	49	64	73	77	
53	22	66	71	
54	16	61	65	74	77	
55	42	63	65	70	74	
56	14	62	66	69	72	73	
57	26	61	67	70	
58	10	64	65	66	71	
59	21	66	67	73	74	79	83	
60	15	71	72	
61	39	72	75	82	
62	29	68	76	77	83	
63	26	66	70	74	75	80	
64	24	77	78	83	87	
65	17	82	84	88	
66	18	74	75	84	
67	13	86	89	
68	25	72	85	86	88	
69	33	72	73	77	78	79	83	88	
70	16	77	84	85	88	
71	41	88	90	92	96	
72	25	81	83	93	
73	19	83	96	
74	48	91	96	
75	33	84	86	91	95	
76	36	92	94	97	
77	39	78	80	81	84	85	96	
78	38	87	101	
79	25	87	100	102	
80	46	86	89	96	97	
81	20	85	
82	24	87	93	94	101	
83	39	87	91	94	98	99	100	
84	41	92	98	103	
85	17	98	101	105	
86	17	101	105	106	
87	33	98	100	104	105	106	109	
88	14	91	95	104	
89	41	92	94	108	
90	27	108	
91	28	106	109	111	116	
92	25	114	115	
93	27	102	110	
94	15	109	
95	32	98	105	
96	45	101	108	
97	19	104	114	116	
98	42	104	
99	31	
100	39	108	114	118	
101	38	109	115	118	
102	47	105	106	114	117	122	123	
103	13	107	108	116	120	
104	34	113	117	
105	12	111	
106	46	114	125	
107	37	112	116	117	
108	19	113	117	118	121	125	129	
109	32	110	124	125	
110	10	120	
111	38	123	124	128	129	
112	34	127	
113	23	118	123	130	131	
114	32	
115	36	128	132	135	
116	17	119	123	125	128	129	
117	36	124	126	132	136	137	
118	34	126	
119	25	124	127	137	139	
120	10	128	
121	47	124	133	
122	30	124	129	133	138	
123	41	129	135	138	139	
124	43	
125	13	130	131	133	138	
126	16	
127	31	134	136	
128	38	139	
129	33	130	133	134	135	137	139	
130	49	136	137	
131	30	
132	29	
133	28	
134	11	138	
135	22	136	
136	10	
137	14	
138	26	
139	32	
