node	size	children
0	42	7	8	11	13	14	17	19	
1	17	8	9	12	14	17	18	19	23	
2	46	8	9	10	12	13	17	24	
3	14	8	9	10	14	
4	27	8	9	10	11	12	13	17	21	23	
5	36	7	8	10	11	12	18	20	22	24	
6	34	9	10	11	12	13	15	23	
7	49	23	26	
8	41	18	19	24	26	
9	27	15	26	
10	25	15	18	21	22	26	29	
11	29	13	14	16	21	24	27	
12	46	14	16	29	
13	48	20	27	35	
14	46	21	31	32	
15	36	23	28	
16	45	21	25	26	27	31	33	35	36	38	39	
17	22	30	35	36	
18	25	20	24	28	39	
19	18	35	
20	41	28	32	42	
21	14	28	32	39	46	
22	10	28	32	37	40	
23	21	32	43	
24	47	29	32	43	46	
25	45	29	37	39	40	
26	39	29	31	35	45	
27	18	34	37	
28	35	34	49	
29	37	33	34	43	45	50	
30	21	49	50	53	
31	42	36	41	45	
32	34	36	50	
33	30	40	47	48	59	
34	17	40	54	
35	13	50	56	
36	41	41	51	56	
37	49	44	59	
38	43	52	54	58	
39	21	49	57	
40	30	50	57	
41	10	49	
42	16	61	62	
43	21	50	63	
44	45	54	
45	12	57	63	
46	39	59	64	
47	13	54	55	61	67	70	
48	24	55	
49	11	59	68	
50	12	60	61	62	63	65	70	
51	42	69	72	
52	10	54	57	60	68	
53	46	56	59	65	66	
54	40	63	70	74	77	
55	18	60	66	68	76	
56	13	60	66	70	74	75	
57	17	62	64	66	71	73	74	75	78	
58	14	60	73	
59	24	63	71	74	
60	24	66	
61	44	78	80	
62	18	71	77	78	85	
63	26	73	78	79	82	83	85	
64	43	68	80	81	82	86	
65	24	80	86	
66	38	84	92	
67	19	83	
68	23	74	76	79	
69	21	77	81	82	83	
70	30	76	83	84	
71	30	73	76	82	84	85	
72	20	84	85	
73	26	85	
74	37	82	
75	26	82	
76	17	81	87	90	
77	48	80	89	95	
78	47	81	
79	40	81	
80	29	96	100	
81	37	94	100	103	
82	26	102	
83	15	87	100	
84	16	87	97	103	104	
85	20	90	91	95	103	
86	13	88	93	95	
87	31	102	109	110	
88	45	94	95	98	102	
89	33	101	104	107	
90	40	100	102	108	110	
91	33	94	95	97	99	110	
92	14	105	
93	34	104	
94	44	102	103	104	111	114	
95	39	99	112	113	114	116	
96	11	103	110	111	116	118	
97	22	101	106	
98	10	100	117	
99	42	111	118	119	120	122	
100	47	107	110	111	115	124	
101	11	107	108	
102	32	107	114	118	
103	35	108	111	119	
104	36	108	113	119	123	
105	24	107	109	112	
106	16	114	120	125	130	
107	20	120	121	129	
108	35	114	121	127	129	
109	30	112	131	132	
110	23	131	
111	21	118	119	120	130	132	
112	30	126	128	129	
113	16	126	131	137	
114	25	120	127	
115	42	122	125	127	130	
116	38	126	
117	20	122	129	133	136	
118	44	122	128	131	
119	42	129	132	138	
120	38	135	
121	30	133	
122	43	131	
123	35	133	134	137	
124	15	126	
125	31	127	130	135	137	
126	28	133	
127	15	136	
128	29	
129	34	
130	28	133	
131	47	
132	25	135	
133	23	
134	28	
135	49	
136	21	
137	26	139	
138	23	
139	44	
