node	size	children
0	23	8	9	14	20	23	
1	13	7	8	12	20	24	
2	20	7	11	13	15	16	17	19	
3	18	7	8	11	14	16	19	
4	24	10	13	14	15	16	
5	23	6	7	8	10	11	13	14	
6	38	13	18	25	28	
7	43	13	18	19	20	25	30	31	32	
8	24	
9	33	16	29	31	
10	33	20	22	33	
11	17	13	18	20	22	27	
12	19	14	23	28	31	
13	38	23	33	38	
14	36	28	29	33	38	
15	29	21	26	27	38	
16	18	32	36	38	
17	49	30	31	32	
18	23	
19	43	30	35	36	
20	14	32	37	
21	32	37	45	
22	42	31	35	
23	47	28	29	32	37	38	
24	20	32	37	45	
25	45	29	30	31	39	43	
26	31	28	29	33	39	
27	31	47	50	
28	42	36	
29	16	34	42	43	
30	14	34	35	39	51	
31	28	34	36	43	48	
32	39	49	
33	23	37	42	47	50	
34	17	42	44	48	
35	42	40	47	49	52	54	
36	25	46	48	50	51	
37	10	41	
38	36	41	43	48	53	58	
39	36	42	43	46	47	54	58	
40	45	53	54	60	
41	46	64	
42	33	56	
43	43	50	54	56	60	63	
44	42	50	
45	46	51	53	55	58	59	
46	19	55	56	61	63	67	70	
47	19	55	
48	29	53	55	56	60	66	
49	49	62	
50	11	54	58	
51	11	58	
52	48	57	68	
53	44	70	
54	36	62	76	78	
55	22	65	68	
56	22	63	65	66	
57	19	62	67	70	78	
58	33	62	66	75	
59	28	66	67	73	77	78	84	
60	25	81	
61	27	66	85	
62	21	69	71	72	75	
63	45	70	74	77	78	
64	28	80	
65	27	79	82	83	85	88	89	90	
66	47	85	86	
67	32	86	88	89	
68	10	73	82	89	
69	21	
70	42	80	
71	19	75	76	78	82	
72	44	82	83	87	91	
73	31	81	86	91	95	
74	47	86	87	98	
75	46	81	91	
76	49	81	88	91	98	
77	46	81	89	90	94	
78	25	89	96	
79	24	86	90	98	
80	15	87	90	97	
81	18	93	94	
82	31	86	99	100	
83	38	91	94	97	
84	18	90	92	93	94	103	
85	17	94	96	
86	36	97	104	
87	13	97	110	
88	34	98	101	
89	19	99	101	104	106	111	
90	46	92	99	107	
91	31	105	111	
92	30	109	112	114	
93	39	99	101	
94	39	102	116	
95	17	101	102	106	107	109	115	
96	43	99	102	107	
97	42	102	106	113	114	117	
98	19	
99	42	107	119	123	
100	17	105	112	
101	40	106	110	117	118	121	122	125	
102	42	115	119	121	
103	33	105	108	115	116	117	119	125	
104	15	105	121	125	
105	29	115	116	121	
106	21	115	116	117	120	130	131	
107	43	117	120	
108	23	112	123	128	
109	35	112	120	121	122	
110	26	122	130	
111	32	116	126	130	
112	31	119	131	134	138	
113	24	121	123	126	130	136	
114	28	120	124	136	
115	49	126	134	
116	16	119	131	
117	44	119	126	127	131	
118	33	122	125	137	
119	47	130	
120	46	132	138	
121	10	126	129	132	137	
122	46	131	136	
123	24	131	132	133	
124	22	
125	35	129	134	139	
126	25	137	
127	13	137	
128	48	
129	27	137	138	139	
130	41	138	139	
131	47	135	138	
132	23	139	
133	26	
134	29	
135	25	
136	32	139	
137	28	
138	24	
139	29	
