node	size	children
0	18	9	12	13	16	17	18	24	
1	24	10	12	13	15	16	17	19	
2	41	7	12	13	17	19	24	
3	41	15	16	17	24	
4	31	11	12	13	15	17	21	24	
5	32	8	12	13	18	
6	46	12	14	16	18	26	
7	40	15	23	30	
8	18	
9	49	
10	23	
11	34	21	22	
12	42	14	
13	49	14	15	22	
14	45	20	31	32	34	
15	43	25	
16	21	35	
17	47	24	30	31	34	38	
18	32	
19	12	28	30	38	
20	42	27	32	
21	34	30	35	39	
22	18	27	29	30	31	37	39	
23	44	28	30	34	45	
24	13	32	41	
25	13	27	31	32	40	
26	43	40	41	43	
27	18	35	50	
28	45	33	40	45	48	49	50	
29	40	42	45	
30	32	35	36	44	
31	19	37	39	52	
32	41	40	
33	44	40	42	49	52	54	57	
34	18	50	53	55	56	
35	26	39	42	55	58	
36	17	43	47	
37	22	48	49	51	52	
38	24	47	48	52	56	57	
39	39	46	52	57	59	
40	20	49	54	57	
41	29	48	53	54	56	58	59	60	
42	16	50	53	56	59	60	
43	47	46	59	60	
44	32	48	52	65	
45	30	51	60	65	
46	47	55	57	58	64	67	68	71	
47	31	53	65	
48	41	56	66	
49	44	55	66	
50	47	58	70	71	
51	13	56	68	
52	45	62	63	65	68	69	70	
53	49	64	70	71	73	75	77	78	
54	15	64	69	74	75	77	
55	29	62	64	69	71	73	75	
56	35	59	73	78	
57	10	66	76	
58	47	60	61	64	65	76	
59	40	66	
60	46	67	77	83	
61	24	73	77	79	81	85	
62	10	77	80	
63	41	72	74	78	
64	46	78	
65	40	67	81	
66	41	75	77	82	84	
67	34	73	75	76	82	84	86	87	91	
68	12	
69	16	80	82	88	90	
70	30	79	
71	48	83	
72	11	76	89	91	
73	13	80	88	90	92	93	97	
74	36	80	84	86	92	
75	40	85	86	95	
76	46	81	98	
77	12	84	91	95	
78	41	80	98	
79	32	82	89	93	
80	19	93	96	
81	29	89	
82	43	90	95	102	104	
83	32	86	89	90	96	
84	46	90	102	104	
85	30	89	92	104	
86	25	92	93	98	99	101	102	106	110	111	
87	38	94	97	99	109	111	
88	33	108	109	
89	22	105	110	
90	10	97	104	
91	17	98	99	102	105	108	
92	11	105	108	113	116	
93	45	106	
94	23	99	116	
95	42	100	101	104	107	110	
96	28	103	109	
97	21	102	107	111	
98	16	111	114	
99	27	106	109	123	
100	21	110	123	
101	15	106	114	123	125	
102	37	107	112	121	124	
103	31	107	114	124	
104	28	119	122	
105	48	109	112	114	
106	34	116	120	122	
107	21	112	114	117	119	120	
108	31	112	119	126	
109	23	112	118	120	121	122	126	
110	36	115	119	120	126	
111	23	119	120	122	123	128	131	
112	24	124	127	128	129	135	136	
113	38	124	125	127	129	131	132	135	137	
114	36	122	128	137	
115	15	121	122	126	128	
116	33	121	136	
117	12	127	137	
118	46	
119	48	126	133	
120	34	127	
121	17	130	
122	16	128	131	
123	33	128	131	132	134	
124	39	127	131	134	
125	35	136	
126	31	133	137	138	
127	25	132	
128	37	
129	32	136	
130	49	132	
131	28	134	
132	19	
133	49	
134	34	
135	31	
136	23	
137	39	139	
138	49	
139	45	
