node	size	children
0	39	9	15	18	25	
1	40	6	9	10	14	15	17	18	25	
2	37	6	9	10	11	16	20	22	
3	39	6	7	8	9	10	11	13	14	16	20	
4	10	6	7	8	11	13	14	22	
5	28	6	8	11	13	15	20	
6	37	14	17	25	31	
7	37	12	19	
8	14	17	
9	21	17	19	25	26	31	
10	38	15	18	19	
11	16	13	26	
12	27	21	28	29	
13	17	20	29	36	
14	46	20	21	23	28	31	34	
15	19	22	23	24	26	28	29	31	37	
16	33	19	28	
17	39	19	25	28	
18	33	29	
19	34	41	
20	36	38	
21	14	39	
22	12	26	27	34	37	
23	10	29	30	37	41	
24	25	28	42	43	
25	17	29	30	32	41	
26	15	35	44	48	50	
27	48	33	41	
28	38	34	40	41	44	
29	19	36	39	43	
30	26	34	36	39	47	
31	27	36	50	
32	12	46	49	54	
33	26	38	40	48	53	
34	26	54	
35	17	43	45	46	48	50	54	
36	24	47	50	
37	22	40	42	48	50	51	54	56	
38	44	
39	22	55	57	
40	37	51	58	
41	14	52	53	
42	39	48	52	53	57	
43	13	45	60	63	
44	22	46	62	
45	28	52	53	62	
46	34	53	
47	28	52	61	68	
48	33	56	57	
49	34	58	
50	21	59	61	62	69	
51	47	69	
52	41	58	68	
53	13	58	61	64	65	66	71	
54	33	62	67	71	
55	16	67	70	73	
56	34	62	
57	24	61	63	68	
58	45	75	78	
59	15	71	75	
60	44	70	71	79	
61	36	73	78	79	
62	34	70	74	77	
63	19	65	67	69	74	79	81	
64	44	76	79	82	86	88	
65	43	
66	24	86	
67	42	70	74	83	84	
68	23	72	77	78	
69	33	74	80	82	86	
70	11	77	78	79	82	84	91	93	
71	36	77	85	92	94	
72	35	88	
73	19	84	85	86	96	
74	44	77	
75	12	78	80	83	88	89	
76	31	89	101	102	
77	37	87	
78	45	83	97	101	
79	22	90	91	
80	32	89	92	
81	12	87	89	95	
82	26	98	
83	46	
84	17	91	94	97	100	101	102	103	
85	34	91	94	97	102	107	109	
86	42	91	92	94	108	109	
87	34	98	103	104	105	
88	17	92	97	102	105	
89	38	102	
90	20	98	100	104	107	109	112	
91	11	100	101	103	104	106	109	
92	41	97	99	103	106	108	
93	44	97	98	99	112	115	
94	35	98	100	101	104	
95	43	98	106	112	113	
96	15	100	104	105	106	108	109	
97	27	108	111	119	
98	11	111	
99	36	105	108	
100	49	107	114	121	
101	20	112	115	
102	14	106	113	114	116	119	
103	13	105	115	119	
104	24	110	121	127	
105	11	117	119	120	121	123	
106	31	115	119	124	
107	26	111	112	126	127	
108	42	113	118	121	122	124	126	
109	26	113	116	124	125	127	
110	27	123	133	
111	47	116	120	122	123	134	
112	30	130	
113	47	118	130	133	
114	45	118	122	126	127	129	
115	20	118	126	
116	12	122	128	130	132	
117	27	
118	18	122	127	134	
119	34	136	
120	40	126	130	132	136	
121	20	130	131	
122	11	
123	11	128	129	131	
124	12	
125	30	132	
126	32	139	
127	37	133	
128	14	135	
129	17	137	
130	41	136	
131	21	
132	45	136	
133	22	138	
134	28	
135	46	
136	13	
137	20	
138	42	
139	14	
