node	size	children
0	37	7	11	12	14	17	22	24	
1	45	8	11	12	13	14	16	
2	32	8	13	14	17	
3	24	7	8	10	11	12	14	18	
4	33	6	9	10	11	12	16	18	20	21	
5	40	6	10	15	21	
6	48	15	18	31	
7	17	20	31	
8	24	14	17	18	20	24	
9	39	18	22	25	28	
10	13	13	15	27	
11	46	
12	49	17	31	
13	19	28	
14	12	26	37	
15	11	26	28	29	31	32	33	37	
16	23	20	23	32	35	
17	21	22	
18	19	19	
19	14	29	32	34	37	
20	12	36	37	39	40	
21	31	
22	45	28	30	38	40	41	42	43	44	
23	20	28	38	40	43	
24	37	33	42	44	
25	33	27	31	32	33	36	39	
26	46	50	
27	33	37	42	44	47	
28	32	39	42	
29	10	40	42	
30	26	34	42	44	
31	40	36	41	45	49	50	
32	44	
33	19	
34	26	46	
35	39	44	49	51	53	
36	16	45	51	54	
37	45	40	
38	44	53	
39	47	55	57	
40	40	45	58	61	
41	47	48	51	55	56	61	
42	11	45	49	52	53	54	58	60	
43	28	52	54	55	57	60	61	
44	42	49	60	
45	40	55	58	61	67	
46	46	58	65	
47	48	68	
48	31	51	52	65	69	
49	36	65	
50	34	51	52	60	61	
51	14	
52	48	62	66	69	76	
53	15	65	74	76	
54	35	60	69	70	71	
55	34	57	74	
56	35	57	59	72	
57	48	64	67	73	78	
58	13	63	73	78	83	
59	23	63	64	67	69	79	81	
60	35	63	66	74	77	79	82	
61	43	73	74	79	
62	35	70	72	76	78	82	
63	37	70	71	80	
64	44	70	72	75	81	82	
65	40	73	74	81	83	85	87	
66	31	70	73	75	80	88	
67	47	80	88	
68	48	74	79	88	89	
69	40	82	88	
70	48	91	95	96	
71	33	82	
72	41	77	85	93	
73	49	81	83	85	92	
74	44	81	84	85	88	
75	32	95	
76	47	79	82	83	84	
77	49	86	
78	15	91	101	
79	12	90	96	101	103	
80	24	
81	31	89	92	98	
82	23	
83	48	89	98	103	
84	23	92	95	101	105	109	
85	44	94	99	101	
86	20	96	99	104	
87	36	90	92	94	99	102	
88	25	94	99	104	
89	42	91	95	103	
90	34	100	103	111	
91	33	100	101	
92	38	97	100	105	
93	23	105	
94	23	99	100	103	108	109	
95	33	100	110	115	
96	47	110	113	
97	36	106	115	116	
98	47	106	116	117	
99	19	104	105	109	120	
100	19	116	118	
101	32	117	121	
102	33	120	
103	12	107	113	114	116	
104	21	112	122	126	129	
105	22	112	113	115	127	129	
106	48	110	118	120	125	
107	14	110	118	120	125	
108	26	113	118	120	
109	37	117	129	
110	24	123	134	
111	39	128	
112	43	123	126	127	133	135	
113	31	125	126	128	133	
114	24	117	126	127	128	134	
115	34	119	127	132	134	
116	41	131	133	134	
117	26	123	
118	37	124	125	127	134	137	
119	35	123	128	131	136	
120	46	128	129	
121	12	123	126	129	
122	27	129	131	136	138	
123	29	131	133	135	138	
124	11	
125	47	139	
126	16	139	
127	10	
128	18	130	134	137	138	
129	25	133	138	
130	27	
131	23	139	
132	23	137	
133	22	137	
134	29	
135	44	
136	15	
137	28	
138	44	
139	11	
