node	size	children
0	14	6	12	13	14	18	22	
1	37	7	11	13	18	
2	19	6	7	8	15	23	24	
3	41	10	15	
4	23	8	9	10	12	14	16	21	22	23	
5	26	8	10	12	14	15	18	19	
6	29	13	17	20	22	25	
7	34	13	27	
8	16	29	
9	11	14	20	25	
10	33	14	20	23	
11	22	18	28	
12	31	21	22	
13	11	29	
14	33	28	33	
15	16	28	29	30	33	36	38	
16	45	
17	19	38	
18	41	26	
19	25	20	29	32	33	34	
20	24	28	30	38	40	41	43	
21	23	
22	27	33	39	42	43	44	
23	38	32	39	45	
24	10	31	32	
25	38	41	42	
26	49	34	48	
27	26	34	35	36	40	42	46	48	52	
28	45	35	38	42	46	49	
29	26	36	43	44	49	51	
30	14	37	38	39	44	47	51	
31	33	40	46	47	48	49	52	
32	17	43	45	54	
33	40	41	46	49	52	53	
34	12	40	41	44	
35	44	50	55	
36	15	40	46	49	57	
37	40	54	
38	34	45	58	
39	16	48	51	52	53	54	55	57	
40	45	52	54	58	59	66	
41	25	47	58	60	
42	46	55	59	60	61	
43	18	55	65	
44	10	64	66	
45	20	58	62	64	
46	17	54	66	68	
47	14	54	58	70	
48	16	53	65	69	70	72	
49	34	63	
50	43	57	61	63	64	65	72	
51	32	56	63	72	
52	46	59	61	63	69	
53	49	64	67	75	
54	16	60	64	67	76	77	
55	13	65	
56	29	70	71	73	
57	21	60	70	
58	11	67	71	78	
59	16	62	65	75	
60	47	77	82	
61	45	70	73	75	76	
62	32	68	
63	41	79	80	
64	46	
65	37	74	75	
66	41	71	77	
67	38	73	90	
68	34	82	87	
69	20	85	87	90	
70	17	74	91	
71	33	83	85	87	88	
72	11	74	81	88	
73	18	81	85	86	93	94	
74	17	86	88	
75	30	
76	29	82	85	92	96	
77	20	80	81	89	
78	49	81	84	85	86	93	
79	32	86	87	94	100	102	103	
80	36	88	90	93	94	97	99	102	
81	46	92	93	94	
82	24	86	90	92	93	98	
83	11	92	96	98	100	101	
84	21	92	96	97	99	
85	12	94	95	96	97	100	107	
86	13	95	108	
87	27	101	110	
88	18	99	100	101	109	
89	14	
90	40	93	98	
91	19	92	98	107	109	
92	16	100	102	103	104	109	116	
93	49	102	104	113	
94	15	98	99	106	107	
95	14	99	111	
96	47	107	111	115	
97	46	105	108	109	
98	47	112	117	
99	19	107	108	121	
100	17	107	111	120	
101	16	109	118	122	
102	13	108	119	122	
103	33	113	116	
104	20	117	121	
105	36	124	
106	39	111	119	122	
107	32	117	123	124	126	129	
108	28	116	119	120	129	
109	18	113	117	126	
110	13	114	126	
111	40	125	127	128	135	
112	33	129	135	
113	39	117	119	120	127	128	130	136	
114	23	119	123	128	130	135	
115	12	125	
116	14	121	124	125	129	133	
117	39	133	135	
118	20	123	125	139	
119	44	123	126	128	138	
120	33	123	136	
121	12	124	125	127	134	137	138	
122	41	
123	30	
124	30	132	133	138	
125	32	133	
126	35	131	
127	28	138	139	
128	38	134	135	136	138	
129	31	136	138	139	
130	20	
131	41	
132	36	
133	15	
134	44	
135	12	
136	47	139	
137	46	
138	40	
139	28	
