node	size	children
0	44	6	7	11	13	14	17	19	
1	28	6	9	15	
2	35	6	7	9	15	
3	23	6	8	9	11	14	15	16	17	23	
4	24	6	7	9	10	11	14	15	21	
5	36	7	9	11	13	14	
6	38	19	28	30	
7	37	12	17	23	30	
8	32	22	24	28	
9	43	18	21	22	23	28	
10	48	13	15	20	26	29	31	
11	47	18	19	27	30	31	
12	39	22	23	27	33	
13	32	33	
14	21	19	22	23	
15	17	26	35	
16	38	19	32	33	
17	41	18	28	29	33	
18	23	25	27	28	31	32	37	39	42	
19	40	26	27	38	42	
20	23	34	42	
21	28	26	29	34	
22	42	32	36	
23	42	31	37	39	
24	22	30	32	36	37	38	40	41	
25	49	45	
26	24	36	48	
27	39	40	
28	19	42	45	
29	17	32	33	45	
30	31	34	35	45	
31	44	35	37	38	41	48	
32	12	48	49	51	53	
33	41	47	53	
34	25	39	43	47	53	
35	21	40	42	43	47	49	53	56	
36	37	43	46	50	
37	34	43	48	50	52	56	57	
38	33	51	60	
39	27	55	59	
40	32	47	56	
41	39	54	
42	21	44	45	49	57	
43	25	49	56	63	
44	13	57	60	70	
45	11	53	
46	27	56	61	69	
47	47	65	68	
48	11	61	65	69	
49	48	51	57	61	
50	22	67	69	
51	19	74	75	
52	12	71	
53	13	60	69	72	
54	47	67	70	75	
55	30	58	68	70	
56	19	62	65	66	70	71	76	
57	35	63	66	
58	49	66	69	70	
59	44	68	72	75	77	78	
60	41	64	72	80	
61	18	75	80	
62	19	74	76	
63	47	66	68	72	81	
64	23	73	79	85	
65	13	74	87	89	
66	35	71	75	79	81	87	89	
67	11	77	78	90	
68	17	
69	27	80	81	86	87	
70	40	79	83	87	
71	24	83	86	88	89	95	
72	19	80	81	94	95	
73	25	78	79	86	93	94	
74	10	79	82	86	87	88	89	91	94	
75	37	81	86	89	95	
76	14	82	83	84	88	92	93	94	95	
77	23	88	
78	41	93	94	96	
79	17	90	101	
80	37	89	97	103	
81	11	85	86	95	
82	37	87	93	96	
83	47	85	95	97	100	
84	30	
85	31	
86	24	99	
87	43	107	110	
88	48	91	100	
89	15	
90	47	99	102	105	
91	24	106	108	117	
92	44	99	100	106	117	
93	18	105	106	112	
94	25	98	100	108	109	114	116	
95	44	99	100	104	114	116	
96	38	100	115	
97	20	98	106	113	
98	19	108	
99	33	105	108	117	
100	17	106	113	116	120	
101	44	111	114	
102	31	107	108	109	113	122	
103	27	106	111	120	
104	35	114	118	119	
105	17	112	123	
106	27	114	118	124	126	
107	34	116	117	129	
108	43	117	126	
109	14	121	123	128	130	
110	41	115	119	120	
111	45	120	124	130	131	132	
112	23	131	135	
113	28	120	126	134	135	
114	23	118	127	135	136	
115	33	123	134	
116	24	126	128	131	136	
117	31	119	120	134	136	
118	24	129	131	136	
119	10	128	129	131	132	133	
120	27	124	129	
121	43	124	
122	37	130	
123	19	124	125	130	131	132	135	
124	24	139	
125	27	139	
126	19	137	
127	43	132	134	136	
128	42	139	
129	31	132	134	
130	29	133	134	135	137	
131	12	137	
132	18	137	
133	23	
134	47	138	
135	26	
136	44	137	139	
137	44	
138	34	
139	17	
