node	size	children
0	33	7	12	17	18	23	24	
1	11	7	8	13	21	
2	32	7	8	13	14	24	
3	24	7	9	10	13	16	18	
4	47	7	
5	22	7	8	11	13	14	
6	12	9	12	14	16	25	
7	48	16	25	30	
8	25	16	20	
9	42	22	
10	14	
11	11	19	
12	13	15	20	
13	36	15	18	
14	26	28	
15	14	21	27	32	
16	36	27	33	35	37	
17	29	20	23	33	35	
18	28	21	27	34	
19	49	21	29	30	32	34	36	
20	19	28	33	35	42	43	
21	24	28	33	34	36	40	42	
22	40	28	39	42	
23	42	26	31	32	40	
24	10	31	40	
25	20	28	31	32	35	41	
26	10	48	
27	16	34	
28	12	41	44	
29	43	33	38	39	41	42	43	44	
30	22	40	47	
31	48	32	35	37	39	40	
32	42	38	56	
33	23	38	45	51	
34	15	42	52	54	
35	21	41	46	50	
36	10	45	49	53	
37	27	43	47	56	
38	14	58	
39	17	44	53	57	58	
40	13	45	50	60	
41	20	50	57	61	62	
42	12	47	48	57	
43	17	45	48	60	
44	40	50	52	54	55	
45	38	52	55	60	66	
46	33	55	60	61	
47	10	50	57	
48	10	60	63	68	69	
49	28	55	69	
50	26	61	62	64	70	
51	40	67	
52	35	59	67	69	
53	15	65	68	
54	42	60	
55	10	57	58	61	
56	26	57	61	64	
57	11	63	72	74	81	
58	41	64	66	67	80	
59	17	69	
60	17	67	68	69	75	77	
61	44	66	76	80	
62	30	70	78	80	
63	16	72	74	79	86	88	
64	13	74	76	85	
65	49	70	78	86	
66	14	71	78	83	
67	13	73	79	81	83	86	
68	26	77	80	
69	34	83	88	
70	49	77	84	85	89	91	
71	24	79	82	85	92	94	
72	23	82	85	94	
73	46	77	78	82	90	92	94	
74	27	87	94	
75	16	79	80	85	87	90	94	
76	33	88	
77	33	96	98	101	
78	14	84	85	88	91	97	
79	10	92	
80	17	83	91	
81	15	84	87	88	89	91	95	
82	13	
83	34	98	100	101	104	
84	14	90	93	99	100	
85	28	89	95	100	103	
86	38	99	103	
87	41	91	92	99	
88	20	93	97	
89	19	95	
90	21	100	
91	15	97	99	113	
92	38	98	104	
93	14	95	97	98	113	
94	36	100	104	105	106	107	
95	15	107	
96	32	109	111	119	
97	30	102	108	
98	47	106	112	116	118	
99	23	119	
100	34	105	107	108	113	115	120	
101	42	107	108	118	
102	18	112	
103	48	110	111	113	127	
104	21	111	112	122	123	
105	41	112	115	117	
106	22	118	125	
107	47	109	112	113	118	121	126	
108	12	120	121	129	130	
109	21	114	122	123	129	131	132	
110	35	119	122	123	128	129	130	
111	41	118	121	122	124	125	129	
112	33	115	127	
113	38	119	121	125	
114	10	122	124	129	130	131	
115	29	124	
116	22	122	125	126	129	132	134	
117	31	136	
118	24	139	
119	13	123	126	130	138	139	
120	23	131	136	137	
121	27	132	133	134	139	
122	39	
123	34	135	138	
124	47	130	136	
125	47	131	132	134	137	
126	11	131	132	
127	10	131	
128	32	136	137	
129	35	135	
130	37	136	
131	10	
132	28	137	138	
133	20	
134	22	137	138	
135	29	
136	45	
137	26	
138	28	
139	15	
