node	size	children
0	48	8	19	
1	46	8	9	12	16	17	23	24	25	
2	33	9	10	12	17	18	19	24	
3	11	8	9	10	16	17	19	
4	27	9	12	13	14	24	
5	12	8	9	12	14	15	22	
6	15	7	8	9	10	11	12	16	19	21	22	
7	37	18	24	31	
8	22	14	25	30	31	
9	42	16	17	21	27	30	32	
10	35	14	26	29	
11	36	27	30	32	
12	27	17	21	22	25	27	
13	35	22	23	24	29	32	
14	35	23	34	
15	45	25	28	30	31	33	39	
16	40	26	38	39	
17	46	20	23	28	39	
18	24	23	32	33	
19	49	
20	33	38	40	
21	45	26	28	30	31	34	35	37	45	
22	33	33	40	45	
23	48	26	35	40	
24	44	29	37	46	
25	23	
26	37	36	45	47	51	
27	34	36	39	41	51	
28	49	36	49	51	
29	38	51	
30	14	39	47	
31	31	34	44	
32	44	40	45	46	
33	20	42	
34	26	
35	22	41	42	58	
36	11	40	
37	30	45	49	53	
38	20	43	49	53	56	
39	28	42	
40	38	47	51	52	60	
41	13	47	49	53	55	57	
42	41	47	49	54	64	
43	24	49	56	62	64	
44	33	50	56	61	
45	21	48	56	
46	41	54	58	60	63	
47	38	54	60	63	65	
48	26	54	60	61	65	69	
49	37	58	61	
50	17	55	58	60	61	
51	11	53	57	59	
52	44	69	
53	43	63	76	
54	21	62	74	76	
55	22	59	62	66	67	72	73	75	
56	13	67	
57	25	62	68	76	
58	23	62	67	74	
59	17	67	80	82	83	
60	49	67	
61	41	66	74	
62	33	65	77	
63	24	68	
64	36	70	75	
65	19	71	82	
66	35	77	
67	10	82	85	86	
68	20	85	88	
69	16	72	74	81	87	
70	25	75	77	
71	30	77	80	81	83	84	86	96	
72	26	79	81	86	
73	23	81	83	85	92	93	
74	46	78	84	90	91	
75	12	83	94	
76	39	77	83	93	94	
77	38	89	101	
78	44	93	95	
79	46	93	95	96	
80	31	88	96	
81	11	85	86	93	95	103	
82	20	91	100	102	103	
83	36	91	92	97	101	103	
84	19	92	99	101	102	
85	17	102	109	
86	48	91	98	107	109	
87	26	95	
88	32	94	101	
89	20	97	98	99	108	
90	32	96	98	101	107	
91	15	103	110	115	116	
92	41	105	107	
93	41	98	105	109	110	114	
94	29	97	99	102	105	106	115	117	
95	43	99	115	116	117	
96	14	114	
97	34	106	107	112	122	
98	37	111	114	123	
99	43	110	111	113	114	120	
100	40	116	124	
101	41	104	120	122	
102	13	118	121	123	
103	19	104	105	109	122	
104	26	123	
105	11	112	123	
106	33	117	129	
107	42	129	
108	42	117	126	
109	49	119	123	129	130	
110	19	121	129	
111	46	127	
112	23	126	
113	31	
114	26	122	127	
115	10	118	121	122	130	
116	49	123	130	
117	24	121	122	126	130	134	135	136	
118	42	126	127	128	133	134	
119	13	128	138	
120	21	126	128	134	138	
121	13	137	
122	18	139	
123	22	125	130	
124	25	127	
125	16	132	136	139	
126	45	134	137	
127	10	133	135	136	
128	21	
129	45	132	135	139	
130	38	131	
131	39	138	139	
132	48	
133	13	
134	43	
135	29	137	
136	15	138	139	
137	38	
138	40	
139	13	
