node	size	children
0	39	8	11	12	
1	15	7	9	11	12	25	
2	23	7	10	11	13	
3	40	8	9	10	11	12	13	18	21	
4	48	7	10	11	14	15	17	19	23	
5	32	12	14	18	
6	19	8	11	13	14	
7	28	19	24	30	
8	14	20	23	
9	48	16	21	31	
10	48	21	22	31	
11	41	19	20	27	30	
12	41	19	26	
13	10	
14	20	26	32	
15	10	29	30	
16	39	31	34	38	
17	44	24	31	
18	20	28	33	35	
19	34	
20	34	30	36	38	
21	15	27	34	
22	43	27	29	33	34	40	44	
23	13	28	37	39	41	42	
24	43	35	40	
25	39	27	30	38	43	
26	46	40	45	50	
27	22	36	37	47	49	
28	22	33	
29	32	39	
30	45	37	43	49	50	
31	42	35	36	42	44	50	
32	48	39	40	46	56	
33	49	45	47	50	
34	39	
35	33	41	51	
36	36	42	43	44	49	51	55	
37	47	42	47	
38	18	39	40	48	49	
39	24	45	54	62	
40	19	45	53	61	
41	40	53	54	57	58	59	62	
42	33	50	51	58	62	
43	26	52	59	
44	15	49	58	59	60	
45	23	63	64	65	
46	27	59	68	
47	23	53	
48	24	53	59	61	69	
49	42	53	55	60	65	68	69	
50	30	51	54	61	63	
51	11	57	62	70	71	73	
52	27	61	64	65	69	73	74	76	
53	19	57	63	73	75	
54	14	61	62	66	
55	45	58	67	68	72	74	
56	44	73	
57	40	70	79	
58	27	67	69	70	74	
59	31	65	
60	17	75	78	79	
61	25	67	70	77	
62	47	64	70	77	79	
63	19	72	75	77	81	83	
64	44	73	82	86	88	
65	36	72	81	82	86	
66	18	77	78	86	88	
67	39	79	80	86	89	
68	10	72	80	83	
69	36	70	76	
70	33	85	87	91	92	
71	34	79	82	91	92	
72	24	82	90	94	
73	25	80	87	
74	12	80	81	88	
75	44	81	88	89	90	93	
76	44	80	89	93	
77	16	89	90	94	100	
78	27	95	98	
79	25	91	95	98	101	
80	25	95	
81	44	84	101	102	
82	12	90	99	101	
83	12	96	106	108	
84	27	92	93	95	99	107	
85	41	90	
86	49	93	104	105	
87	29	93	98	
88	41	108	
89	11	91	93	98	108	
90	16	99	106	
91	28	96	98	103	106	
92	33	97	103	106	107	108	113	
93	49	96	97	99	100	104	105	106	
94	45	100	108	113	
95	21	99	102	107	108	111	113	
96	46	104	113	116	121	
97	34	112	
98	39	110	115	118	121	
99	14	104	107	112	113	
100	37	105	111	
101	18	106	117	
102	24	103	116	118	
103	24	116	121	
104	28	111	116	124	127	
105	25	109	112	115	116	125	127	
106	45	122	125	126	
107	22	110	111	121	
108	29	110	111	114	122	126	
109	49	127	
110	32	120	129	131	
111	28	119	124	126	128	131	132	
112	41	128	
113	10	117	118	125	
114	13	118	123	126	132	
115	33	130	134	138	
116	11	
117	26	126	
118	40	131	
119	36	127	128	133	134	
120	44	122	124	135	
121	24	124	131	134	
122	30	129	131	134	137	
123	18	132	139	
124	44	132	133	
125	22	128	129	132	136	137	
126	22	129	136	
127	29	129	134	
128	18	
129	49	135	
130	15	138	
131	41	
132	41	137	
133	25	137	139	
134	28	135	137	
135	18	
136	46	
137	31	
138	42	
139	45	
