node	size	children
0	45	8	9	11	12	13	14	15	16	17	18	21	24	
1	24	8	11	14	15	17	
2	20	7	8	11	18	25	
3	25	8	11	13	14	17	19	20	
4	18	9	10	11	17	
5	25	9	11	13	18	22	
6	47	7	8	9	23	
7	14	
8	11	16	17	
9	15	16	29	
10	37	13	27	
11	37	28	30	31	
12	16	13	21	22	26	30	
13	17	28	29	32	33	
14	17	22	23	26	30	
15	10	19	21	25	38	
16	28	19	22	24	26	33	37	
17	23	22	25	26	33	37	
18	17	25	27	35	
19	13	
20	37	
21	20	29	31	34	35	44	
22	49	
23	41	29	30	44	
24	44	26	28	30	32	44	
25	40	30	33	35	38	
26	38	37	40	47	49	
27	37	35	36	45	
28	21	39	41	46	
29	41	35	40	41	45	46	49	
30	21	33	37	49	
31	13	47	
32	49	43	45	48	
33	42	42	44	
34	22	45	48	54	56	
35	36	41	
36	36	48	
37	32	44	48	50	57	
38	14	41	52	53	
39	39	40	45	51	
40	14	57	
41	24	46	55	56	59	
42	10	48	55	60	
43	12	
44	24	46	58	61	62	
45	48	47	54	56	59	64	
46	41	58	63	65	67	
47	16	53	58	62	69	70	
48	15	58	60	65	68	
49	15	59	67	
50	15	52	54	56	61	69	
51	41	55	56	58	61	68	69	
52	48	65	66	69	71	74	76	
53	28	59	72	
54	23	60	63	66	71	73	
55	34	60	62	64	65	66	72	76	77	
56	20	60	65	67	72	75	76	
57	34	59	67	73	75	77	
58	41	66	71	74	77	
59	25	
60	47	68	70	71	78	
61	12	72	75	79	83	
62	43	82	
63	35	65	71	78	79	
64	15	66	68	69	70	80	
65	47	72	74	89	
66	28	73	74	89	
67	24	74	77	78	81	84	87	
68	19	75	76	89	
69	17	75	87	
70	21	78	
71	25	74	77	80	
72	16	79	84	85	88	
73	35	79	84	88	89	92	
74	12	80	87	93	
75	28	78	91	
76	49	90	
77	30	79	82	84	85	87	91	
78	39	95	100	
79	27	86	91	94	98	
80	20	86	95	96	100	
81	21	85	86	96	
82	29	84	88	92	94	96	101	102	
83	45	88	93	95	
84	37	91	97	100	102	
85	18	90	98	
86	25	99	102	104	
87	27	90	97	100	102	107	
88	24	90	98	104	109	
89	34	95	102	105	107	
90	44	97	99	103	110	111	115	116	
91	25	99	108	110	111	115	
92	23	99	104	115	
93	12	98	101	
94	29	98	100	106	115	
95	16	101	109	111	114	115	
96	20	106	111	
97	29	119	120	122	
98	46	105	106	112	
99	29	
100	31	104	108	109	117	
101	21	104	114	117	120	
102	24	106	110	
103	44	111	124	127	128	130	
104	19	116	117	123	
105	30	111	126	
106	15	113	
107	12	118	120	
108	31	119	130	
109	35	117	118	120	124	128	
110	40	118	120	125	128	135	
111	35	134	135	137	
112	28	122	131	135	
113	28	120	128	
114	35	119	124	132	
115	20	121	129	
116	35	127	
117	24	127	133	136	
118	10	131	132	135	138	
119	44	132	134	
120	33	139	
121	43	124	
122	37	
123	11	127	128	132	
124	23	
125	23	135	
126	31	131	
127	17	131	
128	14	131	134	
129	46	139	
130	47	
131	45	
132	19	
133	48	
134	34	
135	42	138	
136	17	
137	48	
138	21	
139	44	
