node	size	children
0	45	7	9	12	14	17	21	
1	27	6	7	8	10	11	12	13	15	17	20	21	23	
2	14	8	10	11	15	17	18	21	26	
3	27	7	10	11	13	15	18	23	
4	22	9	15	16	17	18	20	21	
5	33	16	18	23	
6	36	24	
7	36	20	22	29	
8	48	15	18	22	29	32	
9	14	22	26	29	
10	44	13	15	20	29	32	
11	44	13	17	27	28	33	
12	26	17	19	21	28	29	
13	22	36	
14	17	22	24	31	32	
15	23	24	33	38	
16	11	22	26	30	32	37	
17	40	29	33	35	39	40	
18	37	25	36	39	
19	11	26	36	
20	24	36	40	47	
21	33	28	33	
22	28	28	31	35	41	
23	22	28	36	41	
24	22	27	28	33	34	35	41	
25	12	32	42	
26	31	40	46	
27	28	34	39	
28	45	35	
29	13	38	51	
30	35	39	42	43	46	50	52	
31	42	39	44	53	
32	24	36	41	
33	46	42	
34	44	41	51	54	
35	18	42	43	47	51	55	56	58	
36	29	43	49	55	58	
37	33	58	
38	23	45	50	
39	18	42	45	51	59	
40	38	45	48	51	60	
41	16	48	56	
42	44	52	53	55	66	
43	22	
44	11	48	60	
45	38	48	50	57	
46	46	48	49	52	56	59	64	
47	28	50	52	55	59	
48	13	59	68	74	
49	48	55	60	63	66	72	
50	38	58	61	62	64	
51	36	54	65	66	74	
52	40	59	60	62	66	68	71	72	74	
53	23	72	73	
54	28	64	70	
55	41	67	70	80	
56	23	71	74	77	
57	47	74	
58	25	76	79	
59	15	70	73	74	
60	19	71	73	77	
61	14	72	79	80	87	
62	12	69	70	71	75	78	85	
63	13	68	69	70	72	78	79	85	
64	13	71	78	
65	27	73	79	
66	47	69	82	
67	34	76	78	84	87	
68	11	75	76	82	
69	35	78	91	
70	42	76	83	86	
71	16	81	82	87	88	89	94	
72	45	79	83	
73	12	80	87	89	92	93	
74	42	85	
75	19	84	
76	26	85	88	
77	21	86	94	
78	12	95	
79	13	89	95	97	
80	37	83	88	97	98	
81	24	83	98	100	
82	49	90	99	100	102	104	105	
83	42	99	102	
84	35	93	95	97	101	102	
85	25	96	100	101	104	105	
86	18	95	100	
87	28	
88	12	105	
89	29	100	104	108	110	112	
90	11	95	107	108	
91	35	99	101	104	105	108	
92	19	
93	31	109	110	113	
94	33	99	109	110	111	
95	32	102	103	111	118	
96	23	106	114	
97	17	103	116	
98	23	103	105	114	117	
99	36	103	112	116	
100	23	104	
101	17	112	113	114	115	124	
102	15	109	116	117	120	121	
103	22	125	
104	16	107	111	114	115	123	125	
105	13	114	115	123	124	
106	11	108	110	112	113	123	124	125	
107	39	121	122	128	131	
108	46	119	
109	41	
110	29	
111	48	115	
112	18	116	123	125	130	
113	34	116	122	124	127	
114	47	122	126	129	
115	23	123	132	
116	15	122	131	133	134	
117	47	120	126	133	
118	40	124	126	129	137	
119	17	122	
120	19	133	
121	26	126	127	133	136	
122	31	127	139	
123	35	
124	26	134	137	
125	44	129	137	
126	13	132	135	139	
127	28	132	
128	46	
129	16	
130	25	136	
131	18	132	133	138	
132	25	
133	11	
134	10	138	
135	27	138	139	
136	42	138	
137	46	139	
138	24	
139	16	
