node	size	children
0	16	8	10	11	12	13	19	
1	12	9	10	11	15	17	26	
2	37	7	8	10	14	15	18	
3	17	9	10	13	15	20	
4	17	8	9	10	13	14	15	19	
5	11	8	12	13	16	19	21	23	
6	48	8	11	12	16	22	23	
7	14	14	19	23	24	25	
8	10	18	20	25	26	28	31	
9	40	15	21	28	
10	49	22	31	32	
11	11	23	
12	31	16	20	29	
13	36	14	18	
14	22	30	31	32	33	34	36	39	
15	37	21	25	28	33	34	36	39	
16	31	21	29	35	
17	18	34	36	38	
18	14	20	27	28	31	38	39	
19	22	20	21	36	
20	46	29	
21	41	29	36	
22	43	27	
23	25	29	31	33	42	45	
24	21	32	41	
25	23	43	
26	26	27	28	32	40	
27	43	
28	12	44	51	
29	28	49	51	
30	10	39	40	
31	41	34	37	41	42	44	
32	28	37	39	46	
33	46	42	43	51	
34	47	51	58	
35	10	40	41	44	46	48	55	57	
36	17	40	41	49	54	
37	34	42	45	
38	46	41	46	48	52	54	55	
39	17	45	55	
40	45	56	61	65	
41	35	60	
42	20	57	
43	32	55	65	
44	17	46	53	54	57	60	61	
45	45	47	50	57	62	
46	20	
47	28	61	62	70	
48	31	53	54	62	
49	31	56	58	
50	14	54	56	58	
51	38	57	62	66	
52	21	54	55	62	66	
53	42	76	
54	34	59	71	72	74	
55	18	61	66	72	73	
56	33	66	67	70	
57	35	68	76	
58	13	61	63	64	68	69	72	75	
59	29	67	
60	42	75	83	
61	41	69	82	
62	48	67	79	82	
63	46	75	
64	16	72	
65	28	76	83	
66	23	86	88	89	
67	44	76	77	78	79	82	83	86	88	
68	18	75	76	80	84	86	
69	49	73	
70	48	83	89	
71	49	75	89	
72	47	
73	36	81	89	90	91	95	
74	12	79	82	85	89	95	
75	16	79	93	
76	14	79	96	
77	14	81	86	
78	39	85	87	94	102	
79	17	87	90	94	102	
80	33	86	95	102	
81	19	85	93	98	103	
82	16	84	85	91	92	96	98	100	102	
83	29	85	91	
84	31	92	98	106	
85	49	91	94	100	
86	38	93	95	99	103	
87	20	90	98	103	
88	25	92	95	99	100	103	109	
89	31	91	92	98	99	100	104	105	106	108	
90	13	99	101	109	
91	24	97	99	100	110	112	114	
92	44	
93	44	102	108	
94	49	106	108	109	115	
95	15	98	103	106	
96	40	100	108	109	113	
97	36	
98	21	114	119	
99	22	107	119	
100	21	106	115	117	
101	30	109	114	116	118	
102	45	122	
103	21	
104	39	113	115	125	127	128	
105	30	127	
106	18	118	124	127	
107	24	110	123	125	127	
108	39	117	121	125	126	127	
109	21	111	113	117	118	119	120	125	127	
110	21	118	120	121	126	
111	19	117	121	128	
112	45	121	125	126	131	134	
113	27	131	
114	26	119	123	128	130	
115	39	116	120	129	131	133	
116	33	125	135	136	
117	23	126	129	135	
118	11	129	134	
119	18	126	131	136	
120	17	126	138	
121	10	132	
122	13	124	134	
123	18	
124	49	133	134	135	
125	19	129	137	
126	38	138	139	
127	43	139	
128	29	129	132	135	137	139	
129	11	138	
130	23	137	138	
131	11	137	138	
132	33	
133	23	
134	47	136	137	139	
135	10	136	137	
136	26	
137	22	
138	21	
139	45	
