node	size	children
0	35	7	11	12	15	18	21	23	
1	46	7	11	15	17	20	22	
2	46	7	11	12	13	16	17	20	21	22	25	
3	21	7	8	12	16	19	26	
4	21	9	14	15	19	21	26	
5	47	8	9	10	11	19	23	
6	12	7	9	11	14	15	19	20	22	24	25	
7	47	20	22	26	
8	16	19	25	
9	18	17	27	33	
10	17	30	33	
11	19	14	15	17	19	24	31	32	
12	29	21	25	30	
13	14	25	29	
14	12	22	23	24	28	40	
15	33	40	
16	49	23	32	37	38	
17	10	23	24	29	31	35	
18	15	33	34	40	
19	12	22	23	24	33	34	40	
20	49	26	29	
21	49	29	32	46	
22	17	31	32	39	
23	46	31	45	
24	13	32	38	
25	29	38	41	
26	23	38	41	
27	23	34	36	43	50	
28	25	34	49	52	
29	34	45	52	
30	47	34	40	43	45	51	
31	22	43	46	48	
32	20	39	41	43	47	
33	18	50	
34	18	
35	13	46	49	57	
36	38	43	44	48	
37	43	42	44	45	46	57	
38	13	44	45	50	56	59	
39	16	41	42	43	45	52	57	
40	10	41	47	53	
41	22	48	49	50	57	62	
42	33	52	57	62	
43	34	57	60	61	
44	31	
45	15	58	
46	37	48	49	56	63	
47	25	
48	35	54	58	71	
49	47	68	73	
50	31	56	63	67	68	71	72	
51	16	55	56	62	67	
52	25	55	56	65	66	68	
53	29	55	61	
54	10	72	79	
55	22	61	
56	19	61	65	
57	41	66	
58	12	76	78	
59	42	64	
60	20	64	70	79	
61	33	71	81	
62	44	69	71	77	
63	42	70	72	75	77	83	
64	39	75	76	77	82	85	
65	48	70	72	77	82	85	
66	33	68	81	82	83	
67	32	78	82	
68	38	76	77	79	83	88	91	
69	42	85	92	
70	49	74	75	84	
71	49	77	89	
72	46	74	80	89	
73	36	
74	31	93	95	97	98	
75	33	80	81	86	90	95	97	
76	22	82	83	96	
77	47	81	83	88	
78	36	97	98	
79	45	93	94	
80	20	92	99	101	104	
81	10	86	88	
82	39	
83	29	86	88	89	90	97	101	104	
84	11	93	97	98	103	104	
85	49	86	87	90	94	100	103	104	
86	27	95	107	108	112	
87	26	103	110	
88	11	108	110	112	
89	13	95	96	98	100	104	111	112	
90	35	103	
91	13	96	98	100	
92	24	95	100	103	107	
93	40	107	116	
94	14	101	108	
95	43	108	109	110	114	115	117	119	
96	24	101	105	109	
97	27	101	114	
98	29	102	
99	36	101	110	
100	13	106	122	
101	29	115	118	
102	40	115	122	125	
103	24	106	107	117	120	125	
104	21	109	120	
105	23	109	117	123	125	
106	17	117	122	130	
107	30	118	132	
108	46	127	128	129	132	
109	14	113	128	130	132	
110	25	116	120	125	
111	26	115	122	124	128	129	
112	45	113	125	128	
113	19	121	122	132	
114	23	123	129	133	
115	17	127	135	
116	34	136	
117	42	120	121	122	123	126	132	
118	18	130	138	
119	36	135	
120	42	129	130	131	136	139	
121	34	128	131	137	
122	49	138	
123	11	127	137	139	
124	28	126	131	136	138	
125	30	127	
126	12	134	138	
127	42	139	
128	10	135	136	
129	36	
130	24	
131	23	135	
132	40	136	138	
133	40	
134	13	
135	11	
136	23	
137	44	
138	46	
139	20	
