node	size	children
0	16	6	7	8	12	13	16	19	22	23	
1	19	7	12	13	15	16	17	
2	45	8	9	10	12	17	18	19	25	
3	29	8	11	12	14	15	16	
4	25	8	13	15	16	
5	37	10	13	15	16	17	19	21	
6	26	17	26	27	
7	22	13	18	20	26	28	32	
8	40	21	22	23	30	31	
9	29	19	20	21	22	27	32	
10	14	13	32	
11	20	20	21	27	29	
12	15	14	18	24	
13	13	28	
14	28	31	
15	46	21	
16	12	20	33	38	
17	21	30	33	34	36	
18	26	35	
19	11	21	32	35	37	
20	29	29	34	39	40	
21	10	28	38	40	42	44	
22	33	27	33	41	
23	19	30	
24	11	27	31	36	
25	33	34	41	
26	35	43	44	48	
27	20	
28	38	33	41	48	
29	10	36	
30	28	
31	15	47	49	50	
32	38	33	36	39	42	45	47	
33	38	45	
34	48	54	
35	23	41	44	45	46	54	
36	15	50	51	53	54	56	57	
37	38	41	44	47	53	55	
38	43	44	54	
39	42	48	50	
40	11	53	55	63	
41	11	45	52	56	
42	11	51	56	63	
43	17	48	
44	30	47	49	62	63	
45	36	58	
46	43	53	
47	30	52	53	56	
48	45	52	60	67	
49	17	52	59	66	
50	25	63	
51	30	60	64	68	
52	45	58	61	64	74	
53	32	59	65	68	
54	17	62	72	
55	37	69	72	75	
56	28	63	67	75	
57	24	67	68	
58	18	80	81	
59	48	68	82	
60	22	71	
61	48	66	67	72	74	82	
62	10	66	68	71	73	75	
63	27	71	72	79	
64	32	76	81	82	83	87	
65	18	71	73	79	83	84	85	87	
66	40	73	82	84	89	
67	29	70	74	83	88	
68	49	70	75	83	
69	39	75	83	89	
70	16	80	84	95	
71	24	81	84	86	88	94	96	
72	25	77	81	86	93	
73	41	78	81	85	86	89	91	92	
74	19	76	79	87	88	90	91	
75	24	82	84	86	91	92	94	95	
76	33	86	91	93	96	
77	31	88	101	
78	38	89	
79	15	84	85	88	92	93	94	96	98	102	
80	13	93	
81	49	94	96	
82	30	83	92	94	95	96	97	101	
83	35	91	99	100	104	
84	23	91	98	103	106	
85	23	98	
86	42	98	107	
87	36	101	107	
88	48	92	98	99	
89	46	90	96	103	108	
90	47	107	
91	47	97	114	
92	22	101	106	113	
93	11	98	105	106	107	110	
94	23	99	100	107	108	112	
95	40	106	
96	19	108	110	
97	24	111	120	
98	33	112	113	116	117	
99	10	106	110	113	118	120	
100	48	117	
101	40	115	117	120	
102	36	
103	43	122	123	127	
104	27	112	126	
105	18	109	113	
106	24	115	121	125	
107	42	110	114	118	
108	27	124	
109	49	115	118	119	125	127	
110	13	118	119	127	128	129	
111	38	115	124	128	131	
112	16	116	118	123	
113	30	121	129	
114	47	124	134	
115	43	127	128	131	141	
116	20	121	123	124	125	
117	44	121	125	139	
118	13	121	122	125	126	128	129	133	
119	34	128	133	135	
120	32	122	129	137	138	
121	39	132	136	139	141	
122	20	129	136	138	
123	29	135	137	138	141	
124	36	131	134	144	147	
125	36	130	
126	18	132	136	142	
127	39	136	139	142	
128	10	135	136	139	140	141	
129	41	135	143	145	146	148	
130	22	139	
131	42	139	144	146	
132	10	136	143	146	
133	14	137	138	
134	27	140	149	
135	28	144	
136	43	142	
137	14	
138	17	144	
139	26	146	147	
140	46	142	146	148	
141	45	142	147	
142	21	
143	11	
144	37	
145	45	
146	26	
147	16	148	
148	34	
149	16	
