node	size	children
0	35	7	11	12	13	20	22	24	
1	36	9	11	12	23	
2	25	7	10	11	12	13	19	26	
3	40	7	11	19	22	
4	11	7	9	11	12	13	19	21	23	
5	11	7	8	11	12	13	19	23	26	
6	41	7	8	13	14	15	17	18	19	
7	37	14	15	25	
8	29	14	15	16	21	23	
9	20	19	22	
10	40	17	21	32	33	
11	24	22	26	28	
12	42	17	23	
13	31	24	25	27	28	
14	36	28	
15	25	
16	43	
17	37	28	
18	16	26	37	38	
19	42	25	36	37	
20	44	21	25	27	30	36	
21	17	40	42	
22	28	
23	26	34	43	
24	34	31	37	43	45	
25	24	28	29	33	35	37	
26	46	32	45	
27	21	36	48	
28	43	34	35	
29	11	35	37	39	44	48	51	
30	24	48	50	
31	25	34	41	52	
32	43	47	49	52	
33	45	38	51	52	53	
34	38	43	56	57	58	
35	35	43	51	
36	16	44	57	
37	43	40	42	
38	10	46	49	
39	15	41	43	
40	40	57	59	63	64	
41	24	48	55	
42	24	52	56	58	63	
43	32	52	
44	34	50	51	58	64	
45	25	48	56	57	60	64	
46	26	50	54	64	65	
47	41	56	59	60	73	
48	49	60	62	70	
49	17	67	68	
50	34	67	
51	40	56	61	68	
52	14	58	62	63	66	68	69	
53	39	58	70	73	
54	10	74	78	80	
55	32	63	66	68	72	77	78	
56	44	71	72	75	80	
57	43	70	76	79	
58	44	60	70	75	
59	31	60	67	71	78	
60	29	71	87	
61	45	68	71	
62	44	69	75	76	79	83	85	87	
63	19	68	78	80	86	87	
64	45	70	73	87	
65	24	67	73	76	
66	48	71	84	
67	43	75	
68	26	75	85	86	89	
69	41	75	79	86	90	
70	29	89	90	92	
71	37	76	78	83	
72	22	79	86	92	
73	13	76	78	80	86	89	90	92	93	
74	31	85	94	100	101	
75	26	82	87	90	
76	35	81	86	91	93	
77	24	91	
78	30	90	94	96	97	98	99	
79	46	91	98	99	
80	20	81	84	87	88	89	91	97	98	
81	32	89	93	102	
82	23	94	102	104	107	
83	47	93	94	103	
84	48	97	105	108	
85	41	95	96	97	103	
86	29	93	94	
87	13	89	93	96	98	102	107	
88	49	100	109	
89	23	98	104	115	
90	17	98	106	109	112	114	
91	40	
92	32	101	104	
93	21	96	
94	17	95	97	104	
95	31	113	
96	21	109	113	
97	34	102	120	
98	19	106	111	117	120	122	
99	48	109	120	
100	33	103	105	122	
101	15	103	112	
102	22	116	124	127	
103	31	111	
104	32	119	124	128	
105	38	119	121	123	
106	36	110	114	118	119	
107	49	110	114	118	127	
108	41	112	116	125	
109	24	120	129	
110	30	121	122	
111	45	119	120	121	
112	31	121	125	127	130	
113	24	121	126	127	
114	42	117	
115	45	117	123	125	134	
116	39	136	137	
117	47	123	125	
118	10	123	125	139	140	
119	29	137	141	
120	41	124	130	
121	46	127	129	135	136	139	
122	16	125	127	135	
123	24	132	138	144	
124	24	130	
125	36	130	138	141	144	
126	40	131	135	140	142	145	147	
127	15	133	137	138	140	141	144	
128	40	135	140	
129	20	138	139	140	
130	31	139	143	
131	18	137	143	144	145	
132	32	136	143	148	
133	18	141	142	143	145	148	
134	17	142	143	146	149	
135	32	143	146	
136	31	144	146	148	
137	45	
138	35	142	144	145	
139	19	148	
140	39	146	148	149	
141	12	146	148	
142	24	
143	40	
144	16	
145	29	
146	47	149	
147	11	
148	47	
149	47	
