node	size	children
0	10	8	9	10	11	12	13	14	25	
1	46	7	9	12	14	16	17	
2	32	6	10	15	16	18	21	22	
3	14	6	7	8	9	13	14	16	19	
4	15	7	8	11	12	14	17	18	25	
5	20	9	11	12	13	15	
6	30	19	22	25	27	29	31	
7	39	12	16	24	26	28	29	
8	25	13	24	28	31	
9	24	13	15	23	24	26	
10	29	15	19	21	23	
11	43	15	19	25	29	
12	18	20	26	27	36	37	
13	46	22	26	28	29	30	35	
14	26	22	23	30	
15	29	24	25	33	
16	46	21	22	29	30	
17	38	22	28	
18	46	24	26	28	
19	33	
20	38	31	38	
21	12	38	39	
22	12	26	
23	18	29	34	
24	10	35	37	
25	42	36	
26	17	34	42	46	48	49	
27	12	39	46	47	49	
28	15	41	49	50	
29	13	32	37	50	
30	16	40	47	
31	39	38	41	48	
32	48	39	44	
33	22	41	54	
34	12	46	55	
35	40	38	45	48	51	
36	20	43	46	51	53	
37	12	38	46	47	50	53	
38	25	47	55	57	
39	19	51	
40	30	50	54	
41	14	45	59	
42	45	47	56	
43	26	47	55	61	
44	12	49	50	51	52	53	56	58	59	
45	21	54	63	66	
46	26	69	
47	31	54	55	57	58	
48	27	58	64	
49	17	56	68	
50	40	63	
51	18	61	62	68	70	73	
52	38	65	66	67	73	
53	46	63	69	75	
54	49	59	60	61	66	
55	40	60	72	73	
56	48	57	63	68	
57	24	68	76	79	
58	14	75	78	
59	16	63	81	
60	38	64	65	68	71	74	78	
61	48	64	67	
62	42	65	67	76	77	
63	19	73	81	
64	15	72	
65	23	84	
66	15	77	79	81	
67	18	80	82	
68	37	78	81	
69	17	71	73	79	84	86	
70	23	76	86	90	
71	48	
72	43	79	86	87	90	
73	26	77	79	80	81	87	
74	44	80	88	
75	48	78	86	
76	22	88	92	98	
77	48	83	88	90	95	
78	44	83	85	91	92	95	
79	16	89	91	
80	24	85	89	
81	17	91	93	
82	35	105	
83	35	88	90	91	100	
84	26	89	91	99	
85	34	92	98	101	
86	40	88	93	94	106	
87	31	96	98	104	
88	36	102	107	110	
89	26	94	102	104	105	112	
90	37	95	103	104	106	109	
91	42	101	110	
92	22	95	101	108	110	
93	26	95	97	102	103	111	112	
94	43	111	112	116	
95	25	100	110	112	114	
96	16	102	108	
97	13	101	105	112	
98	14	100	118	
99	40	102	104	118	
100	33	113	116	121	124	
101	40	120	
102	45	107	115	120	
103	42	113	117	119	
104	14	110	120	123	
105	38	114	119	122	
106	25	108	
107	25	116	123	129	
108	31	119	122	
109	49	116	117	123	125	
110	23	117	118	122	
111	32	117	118	129	130	
112	30	116	120	126	130	
113	30	123	126	127	
114	10	126	137	138	
115	19	131	132	136	
116	46	122	132	136	137	138	
117	19	129	130	132	
118	12	120	130	131	136	
119	24	132	135	136	
120	15	138	140	142	143	
121	48	132	141	
122	16	139	140	142	
123	21	127	131	135	136	137	139	140	143	
124	42	127	128	139	
125	41	
126	32	133	142	
127	45	140	
128	39	132	147	
129	13	136	137	138	147	149	
130	38	134	137	143	144	147	
131	13	134	137	146	149	
132	40	140	
133	18	143	144	149	
134	33	140	141	142	
135	15	141	148	
136	49	142	
137	29	141	143	144	
138	49	139	143	147	
139	40	
140	36	146	
141	49	
142	40	145	149	
143	27	148	
144	40	
145	49	
146	33	
147	27	
148	20	
149	27	
