node	size	children
0	36	9	10	25	
1	30	9	10	15	16	17	
2	16	7	9	16	
3	34	7	8	10	11	12	15	16	20	21	22	
4	12	7	8	10	12	16	
5	12	8	9	10	15	18	20	25	
6	48	8	9	10	12	20	21	
7	22	14	24	27	
8	33	14	26	29	
9	17	13	14	17	22	27	
10	44	22	
11	32	16	30	
12	20	
13	37	26	29	33	
14	15	19	21	23	26	29	34	37	
15	38	23	26	29	35	
16	47	22	26	32	33	
17	23	25	38	
18	40	21	23	25	26	29	31	
19	25	33	37	39	41	
20	15	27	32	33	41	44	
21	39	41	42	44	
22	29	27	28	36	37	
23	22	33	38	42	44	
24	40	
25	12	36	38	39	40	
26	10	34	38	42	
27	28	36	49	
28	14	35	39	44	51	
29	47	38	41	46	
30	43	34	40	45	48	50	
31	10	34	35	36	40	41	43	45	46	
32	15	45	51	
33	47	43	47	
34	22	42	47	55	
35	48	42	55	
36	11	40	42	51	
37	36	45	51	53	54	
38	41	39	43	50	52	
39	40	50	53	54	59	63	
40	40	50	53	54	59	60	
41	43	57	58	
42	31	56	62	63	
43	11	
44	42	45	46	51	62	
45	34	65	69	
46	21	53	54	59	
47	12	56	60	61	62	69	
48	30	52	53	56	61	64	67	70	71	
49	23	61	66	69	
50	25	55	67	70	
51	38	52	53	56	62	65	68	
52	44	61	62	64	70	77	
53	40	65	
54	33	62	
55	34	60	68	76	
56	32	59	60	65	68	69	77	
57	22	60	63	
58	13	68	70	75	
59	35	
60	46	69	77	81	
61	22	68	
62	23	82	
63	11	73	74	82	
64	33	69	76	82	83	
65	28	79	
66	18	77	80	84	
67	41	74	77	81	
68	36	
69	25	72	76	86	89	
70	37	72	79	88	
71	13	
72	26	
73	10	85	87	94	
74	40	78	84	
75	41	80	89	90	92	
76	16	80	88	94	
77	11	86	94	96	
78	35	87	88	92	95	103	
79	17	92	99	
80	23	85	86	92	
81	27	84	86	88	97	
82	37	89	90	91	
83	34	85	90	91	100	
84	27	105	
85	27	93	104	108	
86	29	100	103	107	
87	38	99	100	
88	22	99	106	
89	31	91	104	110	
90	45	91	98	100	101	
91	26	109	112	
92	10	111	112	
93	13	106	116	
94	12	101	104	106	110	113	116	
95	34	102	103	114	115	116	117	
96	16	102	111	114	
97	18	101	103	106	114	117	
98	13	104	108	111	113	
99	22	112	123	
100	19	108	110	115	116	
101	43	106	115	
102	27	110	
103	15	104	109	110	112	115	120	121	
104	38	113	121	122	126	
105	18	114	117	
106	41	115	127	
107	42	128	
108	27	112	117	
109	26	111	112	121	122	
110	15	113	116	126	127	
111	45	132	135	136	
112	13	119	123	126	132	133	
113	11	118	126	134	
114	35	126	133	
115	39	120	122	125	128	129	
116	24	129	131	
117	44	118	123	130	131	133	
118	20	129	130	133	
119	12	133	137	140	141	
120	48	134	137	
121	28	124	137	139	140	
122	41	128	139	140	
123	27	140	
124	42	136	142	
125	39	135	136	
126	29	131	132	138	142	143	148	
127	28	145	
128	30	147	
129	38	136	139	142	
130	16	144	145	148	
131	18	145	148	
132	45	146	
133	13	144	147	
134	15	137	144	145	
135	46	
136	10	140	142	144	147	
137	31	
138	16	
139	11	
140	37	143	146	
141	21	
142	18	144	145	147	
143	17	149	
144	29	
145	47	
146	14	
147	44	
148	44	
149	47	
