node	size	children
0	34	8	9	10	11	14	18	
1	12	7	8	10	14	20	
2	49	7	11	13	
3	37	7	8	9	18	20	25	
4	46	10	11	12	16	20	25	
5	40	7	8	9	10	16	25	
6	10	7	10	17	18	19	20	
7	34	15	17	21	
8	13	32	
9	26	15	20	22	24	28	
10	27	22	31	32	
11	26	
12	39	16	22	29	
13	46	14	15	23	32	
14	21	28	30	31	35	
15	35	29	31	32	35	37	
16	33	22	23	27	28	34	
17	28	26	
18	12	22	27	31	33	
19	22	26	29	30	34	
20	28	27	33	43	
21	13	31	35	39	
22	37	28	38	
23	31	26	30	37	43	
24	21	26	29	33	34	
25	46	26	27	32	34	43	
26	42	36	50	
27	48	36	37	45	48	49	
28	41	34	37	42	49	
29	20	35	
30	27	35	38	39	44	
31	28	35	38	
32	21	40	42	
33	23	39	43	47	50	53	
34	37	41	46	51	54	56	57	
35	27	39	45	46	48	49	57	
36	41	
37	28	47	50	
38	46	50	51	
39	18	57	58	59	61	
40	14	48	50	52	
41	47	51	61	
42	28	49	54	55	60	
43	21	54	55	58	60	62	
44	14	52	60	
45	31	52	56	59	61	63	69	
46	12	56	62	65	
47	21	54	68	
48	39	
49	41	54	57	65	69	
50	21	51	
51	14	59	74	
52	30	59	63	65	73	
53	17	58	70	72	76	
54	36	59	63	68	69	
55	35	58	61	63	66	68	69	71	
56	18	63	64	74	
57	49	67	
58	35	74	75	81	
59	45	72	81	82	
60	22	69	
61	39	65	68	81	82	
62	36	70	73	81	
63	19	74	75	81	
64	37	71	75	77	86	
65	43	70	77	83	
66	42	71	82	83	
67	18	75	76	77	79	82	85	
68	14	70	72	73	79	
69	29	76	
70	37	84	90	91	93	
71	34	84	93	
72	21	79	87	90	93	
73	48	80	
74	33	
75	42	77	
76	19	78	81	83	90	
77	34	
78	41	84	86	91	101	
79	13	84	88	91	94	95	97	101	
80	45	89	99	
81	29	84	
82	36	101	
83	45	91	92	105	
84	49	93	98	106	
85	40	
86	22	91	92	99	104	
87	36	90	92	98	106	
88	20	92	93	104	106	
89	37	99	111	
90	46	98	105	107	109	111	
91	49	96	97	99	100	113	
92	43	96	104	108	109	110	
93	43	99	103	104	106	108	109	
94	22	102	105	108	109	112	
95	17	112	114	118	119	
96	30	106	108	119	
97	30	115	120	
98	38	102	106	118	120	
99	17	105	109	
100	30	108	113	118	120	
101	46	110	115	
102	42	112	122	127	
103	20	127	
104	25	112	113	115	124	
105	15	116	126	
106	41	110	114	
107	13	110	114	120	121	125	
108	21	117	123	
109	38	132	
110	44	114	117	121	133	
111	49	115	126	130	
112	49	117	121	130	133	
113	44	115	118	121	128	
114	28	127	130	132	135	
115	31	123	125	128	138	
116	22	125	127	128	131	132	
117	19	121	129	130	131	132	134	139	
118	19	126	131	132	
119	31	122	123	130	
120	24	131	137	
121	43	130	141	
122	26	131	138	
123	17	137	139	
124	17	132	140	145	
125	45	137	138	
126	40	128	
127	37	
128	48	136	139	
129	16	136	137	139	
130	14	135	141	142	
131	32	149	
132	38	136	142	149	
133	20	136	141	143	144	147	
134	42	140	141	144	
135	34	
136	17	142	
137	27	145	146	
138	38	141	143	148	149	
139	17	
140	14	
141	36	
142	14	
143	37	146	148	
144	19	146	147	
145	20	
146	13	
147	30	
148	14	
149	31	
