node	size	children
0	19	6	8	10	14	15	24	
1	15	9	10	18	22	
2	47	7	18	
3	45	6	7	18	21	23	
4	33	6	7	8	9	17	21	
5	43	6	7	8	9	10	11	15	17	21	24	25	
6	40	14	21	24	31	
7	20	24	26	27	28	
8	17	17	18	20	
9	16	13	14	15	20	25	30	31	
10	32	13	
11	17	12	16	17	27	29	
12	11	22	23	30	36	37	
13	41	24	26	29	
14	43	19	21	
15	38	20	22	34	
16	31	22	24	27	34	
17	22	21	28	29	33	
18	48	22	29	32	34	38	
19	23	27	45	
20	13	28	31	
21	47	26	31	40	
22	32	26	27	32	39	44	45	
23	44	26	33	45	
24	32	39	40	
25	29	
26	37	41	42	46	
27	17	35	
28	23	32	36	
29	41	32	43	49	51	
30	13	32	33	
31	39	33	41	45	46	49	
32	30	40	42	46	50	57	
33	44	39	47	57	
34	42	46	
35	44	41	52	
36	38	42	44	49	
37	25	46	49	
38	49	40	45	53	56	58	
39	13	55	59	61	63	
40	11	46	48	53	58	
41	31	50	53	60	62	
42	21	50	58	60	63	
43	42	53	54	55	57	
44	37	48	52	58	59	
45	34	65	
46	39	53	60	67	
47	36	60	62	67	68	
48	24	54	59	70	
49	48	54	61	67	
50	25	54	67	
51	28	62	66	70	
52	37	59	68	72	
53	15	62	71	75	76	78	
54	36	63	76	78	
55	48	67	70	72	76	
56	32	64	68	
57	32	59	61	65	69	74	78	79	
58	12	59	79	
59	48	77	81	83	
60	12	79	
61	40	69	74	79	83	
62	45	70	82	
63	19	70	77	85	
64	42	68	77	78	
65	47	67	70	76	77	85	
66	16	87	
67	39	79	83	91	
68	27	79	92	
69	41	93	
70	10	73	74	76	82	
71	47	73	74	77	88	
72	19	80	90	91	
73	22	83	86	90	97	
74	24	87	95	
75	47	82	88	89	95	
76	18	80	87	90	91	
77	15	80	81	85	88	97	
78	21	87	93	
79	11	80	84	87	90	
80	46	91	92	94	96	99	100	104	
81	24	99	103	105	
82	21	87	88	91	94	99	
83	20	99	101	
84	18	93	96	98	
85	41	93	94	98	100	
86	18	99	100	
87	43	98	101	102	
88	33	
89	16	99	108	
90	46	94	100	
91	27	110	
92	19	106	108	110	
93	23	96	101	102	106	
94	31	103	105	115	
95	36	101	103	107	110	111	115	
96	33	106	108	109	114	
97	32	109	117	
98	46	103	108	109	
99	20	112	
100	37	106	107	111	112	113	
101	29	106	107	117	123	
102	37	107	112	113	118	122	
103	42	110	115	119	
104	49	107	108	110	116	
105	11	114	
106	45	120	122	125	126	
107	17	122	123	129	
108	48	114	115	117	126	127	
109	34	117	120	123	124	127	
110	25	120	126	
111	26	113	116	119	
112	15	119	125	131	132	134	
113	24	121	128	130	131	
114	34	124	126	127	133	
115	34	127	
116	48	118	120	128	
117	40	125	131	136	
118	32	134	137	138	141	
119	12	131	134	135	
120	27	134	
121	14	126	137	139	142	
122	36	128	138	
123	37	124	127	133	
124	23	133	136	139	146	
125	36	142	143	144	145	
126	47	132	135	137	
127	24	133	135	136	142	143	
128	30	132	144	146	
129	19	136	143	
130	39	
131	23	
132	39	148	
133	46	140	
134	23	137	138	143	146	
135	46	144	149	
136	43	140	141	
137	14	
138	12	144	147	148	
139	16	
140	21	
141	29	
142	29	
143	35	
144	42	
145	25	
146	12	
147	23	
148	11	
149	21	
