node	size	children
0	33	9	11	14	16	17	21	
1	15	6	9	10	11	13	14	16	20	21	
2	49	6	8	11	12	14	16	18	
3	13	8	14	17	18	
4	40	6	7	8	9	14	15	21	
5	20	7	8	9	10	
6	37	12	15	16	20	25	27	29	
7	42	12	13	15	18	20	25	28	
8	14	13	15	27	
9	11	13	24	28	
10	11	20	
11	49	20	21	22	24	25	26	29	
12	18	18	22	26	27	33	
13	48	18	19	22	24	
14	44	28	31	32	
15	28	22	33	
16	30	19	34	35	
17	44	23	25	29	30	33	
18	49	25	26	29	39	41	
19	23	28	34	39	40	
20	35	
21	16	40	41	
22	43	24	26	27	28	30	33	34	41	
23	27	27	38	39	41	
24	45	30	32	39	44	49	
25	35	30	42	44	
26	32	42	43	
27	47	30	40	
28	29	42	46	49	
29	41	32	43	44	
30	24	37	39	45	
31	19	36	45	47	53	
32	49	47	49	
33	38	37	40	52	
34	47	45	55	
35	37	41	45	55	
36	32	46	
37	10	54	
38	33	45	46	48	55	
39	35	45	47	51	59	61	
40	36	44	47	54	58	
41	31	47	49	54	59	
42	19	49	54	56	57	
43	16	52	64	
44	30	52	60	61	64	
45	15	51	54	61	
46	13	52	56	62	
47	40	50	52	54	56	58	59	
48	40	
49	36	65	
50	23	60	
51	16	60	63	67	72	
52	28	58	61	67	68	
53	18	56	60	61	63	66	67	69	
54	38	66	70	
55	23	65	
56	29	64	67	71	73	74	76	77	
57	14	65	66	68	69	76	
58	36	71	
59	14	65	
60	12	62	63	66	70	71	78	79	
61	44	76	
62	20	68	77	
63	28	68	71	79	
64	41	70	71	75	
65	49	70	74	85	
66	28	68	70	79	80	82	
67	29	69	79	84	
68	48	77	78	83	
69	44	77	92	
70	47	77	78	
71	19	90	92	
72	43	76	78	79	87	88	90	92	
73	26	74	75	78	85	88	89	
74	14	88	93	96	
75	15	80	91	97	
76	35	81	92	
77	26	81	87	89	92	
78	34	95	97	
79	45	
80	41	94	103	
81	41	86	91	95	105	
82	48	97	100	
83	37	89	90	91	97	
84	21	88	90	94	97	99	
85	10	89	94	
86	13	97	98	102	110	
87	42	94	99	
88	41	105	
89	41	94	108	110	
90	43	104	109	110	111	
91	23	95	104	105	111	
92	35	93	110	
93	17	103	113	115	
94	15	103	107	112	117	
95	20	99	101	103	
96	33	107	109	
97	14	105	109	111	116	
98	12	106	109	115	
99	36	109	
100	16	110	121	122	
101	46	114	115	122	123	
102	35	112	114	115	
103	30	121	
104	45	113	114	117	121	122	
105	25	108	113	114	
106	46	128	
107	34	115	125	126	128	130	131	
108	47	115	116	
109	47	117	118	131	
110	16	118	124	
111	35	119	126	127	129	
112	30	124	125	127	130	
113	44	119	125	132	
114	24	120	125	128	131	136	
115	13	123	124	129	136	
116	14	119	126	133	
117	33	123	125	126	129	136	
118	36	119	126	129	130	131	
119	33	131	134	
120	11	138	140	
121	27	128	130	141	
122	27	128	142	
123	46	128	141	
124	25	130	131	137	141	143	
125	14	137	
126	42	
127	38	133	135	144	149	
128	42	149	
129	36	132	143	
130	31	142	143	149	
131	47	136	141	144	147	
132	27	
133	46	144	
134	38	138	
135	11	141	142	143	
136	10	146	
137	42	139	146	147	149	
138	44	149	
139	36	
140	29	147	148	
141	38	
142	14	
143	45	145	146	147	
144	20	148	
145	37	
146	44	
147	15	
148	48	
149	13	
