node	size	children
0	48	6	7	8	12	15	20	
1	16	6	7	12	13	22	
2	41	8	9	13	15	23	
3	47	6	7	8	12	13	16	17	18	21	
4	37	6	7	9	11	14	15	17	18	22	24	
5	27	6	7	10	12	14	22	25	
6	39	
7	48	16	21	26	
8	15	19	23	30	31	
9	30	19	21	24	30	
10	19	19	24	27	28	30	
11	36	18	27	30	
12	16	19	
13	21	25	32	
14	20	19	28	32	33	36	
15	33	
16	24	20	21	26	36	
17	11	21	30	
18	11	20	24	30	33	
19	38	36	
20	46	27	28	36	39	43	
21	18	28	34	37	
22	41	27	29	40	
23	15	38	
24	14	33	
25	29	40	
26	11	32	35	37	43	45	
27	25	34	40	47	50	
28	15	32	41	
29	26	37	41	42	47	
30	33	36	39	41	43	
31	48	34	38	39	41	43	47	
32	38	43	50	55	
33	24	40	42	45	46	53	
34	16	45	52	54	
35	20	47	52	55	
36	15	53	
37	30	38	41	51	
38	37	48	49	51	53	60	
39	19	52	55	58	59	
40	31	52	58	
41	24	47	61	
42	37	50	53	56	
43	10	44	53	
44	13	53	57	
45	10	69	
46	40	55	
47	28	54	56	60	62	
48	13	51	
49	23	52	59	61	65	66	68	
50	17	52	59	
51	28	59	66	67	72	73	74	
52	19	59	62	74	75	
53	40	58	61	68	73	74	
54	21	76	
55	12	58	61	64	68	70	75	
56	40	57	
57	27	73	74	
58	28	63	67	75	
59	10	72	76	
60	19	64	68	71	76	79	81	82	
61	19	70	81	
62	10	63	65	66	74	77	
63	15	70	71	76	82	88	
64	36	83	84	
65	30	73	78	79	84	
66	28	70	73	
67	19	70	77	80	89	
68	30	70	83	
69	15	71	74	80	82	
70	37	77	81	83	85	87	
71	12	92	93	94	95	96	
72	45	79	81	82	
73	15	78	82	83	96	
74	35	90	96	
75	15	81	82	83	87	96	
76	27	80	81	87	88	89	95	
77	28	84	100	101	103	
78	36	84	86	87	88	102	
79	15	94	96	99	
80	26	84	89	90	99	
81	13	90	91	
82	31	90	101	102	103	
83	45	90	94	97	
84	20	91	97	103	105	
85	36	97	98	105	
86	46	90	93	94	100	107	108	
87	46	98	100	101	105	
88	46	96	98	105	
89	47	97	98	
90	49	104	110	
91	44	103	105	106	
92	18	108	
93	23	97	106	113	
94	47	
95	18	104	108	111	
96	45	100	104	111	
97	28	108	111	120	
98	36	104	109	113	
99	16	106	109	112	
100	22	111	113	
101	36	107	109	115	119	121	
102	36	105	107	108	109	111	
103	18	109	114	115	120	
104	27	119	122	125	
105	41	114	120	121	124	
106	24	120	121	124	
107	27	110	119	124	
108	45	112	116	121	123	126	
109	39	115	122	
110	20	119	130	
111	36	118	119	128	131	
112	43	
113	23	130	
114	38	117	127	132	
115	34	
116	27	130	140	
117	28	127	139	
118	38	123	124	125	127	133	136	
119	31	123	129	131	132	134	
120	42	125	129	130	131	137	
121	44	127	133	
122	33	131	134	135	136	138	
123	24	131	146	
124	38	132	142	145	
125	15	128	132	134	138	142	
126	45	136	
127	43	128	132	136	138	143	145	
128	40	149	
129	12	139	144	
130	23	143	147	
131	29	134	149	
132	10	134	145	
133	40	140	
134	29	146	
135	36	
136	16	143	145	
137	43	
138	28	141	143	
139	10	141	145	
140	43	
141	24	
142	27	148	
143	37	
144	49	148	
145	25	148	
146	29	148	
147	48	
148	23	
149	41	
