node	size	children
0	27	7	9	15	17	18	20	
1	26	7	8	10	11	12	13	14	18	20	23	
2	47	7	9	10	11	13	23	
3	32	7	9	14	21	
4	42	7	8	9	10	11	14	15	
5	48	7	11	13	24	
6	17	11	13	
7	13	15	25	29	30	
8	28	15	28	29	
9	14	15	25	
10	16	14	17	19	21	22	26	30	
11	25	16	
12	35	13	16	18	26	27	
13	26	31	
14	40	21	23	27	
15	29	19	28	29	30	33	35	
16	13	19	26	37	
17	44	19	22	25	
18	36	
19	39	41	42	43	
20	33	28	43	
21	33	32	38	
22	43	33	37	38	40	
23	14	29	33	39	
24	11	29	32	
25	15	39	40	45	49	
26	28	31	33	36	
27	34	32	33	
28	43	32	34	44	48	
29	30	31	37	41	
30	18	36	37	40	46	49	
31	15	46	49	
32	42	40	46	49	52	
33	41	45	55	
34	12	53	
35	45	43	45	51	55	
36	28	43	47	51	54	
37	10	53	
38	37	58	59	
39	48	47	53	54	
40	19	46	56	
41	47	47	48	49	54	59	
42	19	45	48	53	
43	25	47	56	60	
44	23	51	61	64	66	67	
45	14	50	54	57	60	64	67	
46	20	55	57	67	
47	32	50	
48	31	50	56	57	63	
49	45	52	56	57	58	
50	32	59	62	69	
51	34	58	61	65	69	70	72	
52	10	58	59	63	69	74	
53	12	56	64	
54	36	74	
55	12	
56	46	71	73	76	79	81	
57	19	65	66	71	76	81	
58	11	68	
59	14	68	70	
60	34	63	64	67	72	74	79	
61	23	63	64	78	
62	46	63	64	
63	31	81	
64	39	69	75	80	85	
65	17	70	74	87	
66	47	70	72	74	78	80	85	
67	49	72	75	76	78	82	88	
68	32	76	81	
69	46	85	
70	36	90	93	
71	37	78	83	84	85	90	
72	11	87	90	93	
73	48	77	82	89	90	
74	28	77	79	89	90	94	
75	42	97	
76	35	84	85	92	93	
77	10	85	94	99	102	
78	36	83	87	91	93	98	102	
79	20	88	90	94	95	96	100	101	102	
80	49	86	97	100	
81	44	87	97	
82	41	95	97	101	108	
83	23	89	94	
84	30	89	92	96	
85	39	89	97	
86	31	89	94	96	
87	12	93	102	103	
88	47	101	107	
89	10	100	102	115	
90	17	96	116	
91	36	99	112	116	
92	17	100	103	104	107	111	113	116	
93	37	100	105	114	
94	16	97	
95	19	103	109	
96	21	109	112	
97	34	103	104	108	112	116	119	
98	43	104	110	119	
99	42	109	
100	45	106	109	111	
101	35	103	106	109	112	121	
102	20	106	112	115	122	
103	15	122	
104	20	113	114	116	126	129	
105	42	
106	33	115	116	124	128	
107	39	111	118	
108	28	110	113	117	118	120	125	129	
109	43	111	113	121	
110	27	121	135	
111	23	124	127	133	
112	14	122	123	
113	38	126	
114	42	121	126	135	
115	34	121	127	132	133	135	
116	26	120	133	134	
117	46	124	125	131	141	
118	45	123	124	131	136	138	
119	49	132	135	
120	15	135	137	
121	49	134	140	143	
122	44	131	132	134	135	138	
123	31	133	136	140	141	143	148	
124	26	130	131	132	139	146	
125	14	130	131	133	139	140	146	
126	41	132	139	143	149	
127	36	134	140	149	
128	29	130	
129	35	137	139	145	148	
130	20	137	
131	29	139	149	
132	21	137	144	147	
133	43	142	148	
134	27	140	144	
135	16	141	148	149	
136	38	146	
137	20	145	
138	43	146	
139	34	147	
140	45	
141	43	
142	22	144	
143	15	144	
144	35	
145	47	
146	14	
147	26	
148	13	
149	40	
