node	size	children
0	20	7	9	11	17	18	22	
1	41	11	19	
2	23	6	8	11	13	16	24	
3	18	7	8	10	13	15	18	21	22	23	
4	34	6	7	11	14	18	19	24	
5	45	6	7	17	
6	46	17	23	28	
7	13	12	15	22	28	29	30	
8	45	15	21	25	27	28	
9	49	18	21	24	
10	37	14	17	21	23	29	31	
11	25	18	29	
12	40	20	24	25	31	
13	17	25	
14	38	25	30	
15	46	24	
16	32	20	23	24	27	29	
17	29	21	29	33	
18	29	30	
19	46	41	
20	41	27	39	43	
21	46	31	44	
22	31	33	43	
23	38	32	33	
24	47	26	41	44	
25	42	31	39	
26	39	
27	14	37	38	47	50	51	
28	37	39	40	47	50	51	
29	35	35	44	50	
30	18	34	36	46	49	
31	10	41	43	44	45	
32	37	
33	31	51	52	
34	29	51	52	58	
35	30	39	44	49	52	
36	28	45	
37	21	42	44	52	
38	39	46	50	52	53	
39	12	51	60	
40	16	49	60	
41	33	47	59	60	61	
42	13	46	52	54	
43	35	51	54	55	59	
44	17	46	54	56	57	61	
45	32	48	63	
46	47	56	62	68	
47	28	54	
48	29	61	70	
49	37	61	62	64	
50	16	63	68	70	
51	15	54	68	
52	43	61	68	69	
53	23	59	76	
54	27	59	63	66	70	72	
55	29	72	73	
56	41	67	72	74	76	
57	35	71	
58	16	62	64	66	73	75	
59	42	66	67	68	70	
60	42	66	67	76	82	
61	31	80	
62	32	70	73	
63	39	73	74	
64	35	65	78	
65	28	76	77	80	81	83	89	
66	41	78	80	81	83	
67	27	80	87	88	
68	19	72	84	88	89	
69	10	76	77	82	
70	28	77	81	89	
71	45	84	85	90	92	
72	44	78	85	90	94	
73	44	
74	11	80	83	90	
75	12	
76	18	79	83	84	90	91	93	
77	17	88	94	96	99	
78	14	87	97	100	101	
79	13	87	
80	26	86	90	91	
81	38	84	86	88	92	
82	28	84	87	96	99	
83	45	92	98	102	107	
84	37	95	103	108	
85	16	94	97	101	107	
86	20	91	93	94	99	106	107	
87	12	100	103	108	
88	17	100	
89	15	96	104	
90	16	98	99	101	106	110	
91	49	98	101	103	105	
92	28	100	108	
93	32	112	
94	35	99	101	112	
95	40	97	98	103	105	108	109	
96	23	105	114	118	119	
97	31	108	111	114	119	
98	40	114	116	117	119	
99	44	106	111	
100	16	102	106	107	
101	44	107	111	
102	36	118	
103	34	111	112	117	118	
104	25	114	116	117	119	124	
105	37	115	116	121	122	124	125	
106	18	113	114	117	122	123	124	
107	11	112	114	122	124	
108	27	120	123	
109	21	120	125	129	
110	13	125	
111	38	129	
112	17	116	118	119	
113	38	126	
114	10	129	
115	22	116	125	132	
116	13	125	126	128	135	137	140	
117	35	127	138	
118	16	123	126	130	131	132	138	
119	48	122	126	132	134	
120	45	122	124	132	135	136	137	
121	49	
122	27	136	141	
123	24	132	133	137	145	
124	29	129	134	135	140	142	
125	18	130	131	142	146	147	
126	29	130	131	135	138	144	145	147	
127	35	134	140	141	
128	39	135	148	
129	30	137	148	
130	44	
131	32	136	145	148	
132	35	136	139	145	149	
133	47	140	146	
134	30	137	145	147	
135	24	144	149	
136	13	146	147	148	
137	39	146	
138	39	143	
139	39	142	145	
140	26	
141	19	
142	29	
143	40	149	
144	16	148	149	
145	23	
146	31	
147	28	149	
148	48	
149	23	
