node	size	children
0	13	8	9	12	14	15	18	21	22	
1	14	10	12	13	
2	30	10	12	19	
3	26	8	9	12	13	18	21	23	
4	29	9	10	13	18	
5	27	7	9	10	11	12	14	15	17	
6	41	10	11	12	15	17	19	20	
7	20	16	19	23	24	30	
8	47	22	24	31	
9	47	21	26	28	
10	18	
11	44	28	
12	39	15	18	19	
13	41	15	20	21	27	
14	43	20	21	25	27	29	33	37	
15	46	30	36	37	
16	21	26	30	31	37	
17	25	27	30	36	
18	24	22	25	26	35	36	
19	33	31	35	
20	19	27	28	39	40	
21	43	28	33	38	
22	18	38	40	
23	28	35	41	
24	40	40	42	
25	41	39	
26	49	32	36	43	44	45	
27	46	38	
28	48	42	44	46	
29	49	33	34	36	37	42	43	44	
30	40	44	46	49	
31	15	35	39	43	44	
32	48	42	45	54	
33	25	50	53	
34	33	46	48	54	
35	16	41	54	56	
36	46	38	40	45	49	57	
37	19	38	
38	16	45	59	62	
39	24	51	52	59	
40	31	54	
41	14	51	54	57	62	63	
42	14	46	49	50	59	
43	45	46	47	52	53	54	58	59	61	
44	10	51	55	63	
45	45	56	61	63	68	
46	32	51	58	62	
47	49	51	59	64	66	
48	38	51	59	64	67	
49	47	52	53	60	
50	23	52	61	
51	17	60	
52	34	67	72	
53	38	64	70	73	76	
54	48	75	
55	48	61	62	
56	29	58	61	72	73	
57	36	58	60	62	64	70	74	
58	11	66	80	
59	19	67	69	
60	39	71	74	78	79	
61	10	72	74	76	79	82	
62	41	65	68	72	79	80	82	
63	17	70	76	79	
64	44	75	78	80	
65	41	84	
66	16	72	73	83	
67	37	79	82	86	
68	30	74	83	86	
69	43	70	78	
70	21	81	91	
71	20	85	89	
72	25	77	80	87	89	90	94	
73	11	78	80	90	
74	49	77	81	84	89	
75	40	83	91	92	
76	28	78	83	
77	49	84	95	98	
78	16	88	94	97	99	
79	23	91	93	
80	21	84	94	97	98	
81	19	83	95	96	
82	36	
83	15	89	96	101	105	
84	30	96	
85	27	96	99	
86	11	90	92	94	101	104	105	106	
87	35	89	95	100	105	107	
88	20	91	93	99	105	
89	30	103	107	111	
90	11	111	
91	25	96	99	100	109	
92	40	97	103	113	
93	24	98	108	112	
94	45	103	107	
95	14	102	103	108	109	111	
96	12	103	117	119	
97	20	108	119	
98	14	111	119	
99	36	118	120	
100	16	102	111	120	
101	29	104	105	109	110	111	115	116	
102	48	114	117	125	
103	20	115	120	125	
104	41	109	113	116	117	127	128	
105	12	109	114	115	
106	22	109	113	118	125	127	
107	48	113	126	127	
108	24	110	119	121	
109	18	117	122	125	130	134	
110	24	118	122	123	125	130	
111	28	116	121	128	129	
112	37	116	117	122	
113	13	131	
114	33	116	122	125	127	131	134	
115	43	122	128	129	
116	36	124	127	130	139	
117	37	134	
118	35	123	128	137	
119	45	126	137	
120	26	133	138	
121	10	132	133	
122	23	129	139	
123	19	131	137	
124	11	130	133	137	138	141	
125	49	129	147	
126	48	131	
127	31	129	130	133	141	142	145	
128	32	134	140	141	147	
129	26	139	
130	18	143	
131	10	135	136	141	147	
132	31	146	148	149	
133	21	145	
134	15	145	
135	36	143	
136	23	147	149	
137	38	147	
138	38	143	144	
139	32	148	
140	21	
141	25	
142	41	148	149	
143	27	149	
144	19	148	149	
145	32	
146	22	
147	26	148	
148	14	
149	34	
