node	size	children
0	40	7	8	9	11	17	
1	17	9	10	14	15	23	
2	35	8	13	14	15	18	
3	17	8	12	13	14	16	
4	16	8	11	12	14	15	16	20	
5	25	8	9	11	15	21	
6	16	7	8	9	11	15	24	
7	17	18	19	25	
8	39	20	23	25	
9	28	13	
10	44	16	17	18	31	
11	24	13	
12	44	20	28	
13	39	24	30	33	36	
14	21	21	31	32	33	35	37	
15	25	21	29	
16	18	
17	39	22	31	
18	20	21	33	36	
19	43	30	32	39	42	
20	28	28	32	38	39	
21	32	27	32	34	36	
22	46	27	33	36	40	
23	44	26	29	33	35	
24	19	33	37	42	
25	28	41	50	
26	40	41	50	
27	33	38	42	45	48	
28	20	41	48	
29	36	37	40	
30	13	37	39	
31	36	43	48	50	
32	18	41	55	
33	23	51	53	
34	30	42	49	57	
35	46	53	54	57	
36	23	40	49	51	53	54	57	
37	16	44	46	53	57	
38	44	
39	19	44	45	46	51	52	54	57	60	
40	35	45	48	56	58	
41	39	49	51	55	59	
42	31	46	50	53	58	62	
43	30	47	48	49	53	58	60	
44	27	56	57	60	61	64	65	69	70	
45	34	54	58	63	66	
46	41	54	65	66	67	
47	30	51	59	63	70	
48	11	59	62	68	
49	27	59	62	67	
50	41	51	54	55	59	64	67	
51	20	61	66	69	71	75	
52	28	62	64	
53	43	60	64	67	70	
54	40	60	65	74	
55	47	63	64	77	
56	49	59	60	71	74	75	
57	47	68	69	75	77	
58	26	83	
59	32	69	73	79	81	82	
60	30	67	70	
61	45	72	
62	18	65	69	72	75	77	
63	20	65	75	77	
64	26	
65	38	76	80	
66	29	78	85	
67	26	83	85	
68	13	71	83	88	
69	37	71	86	
70	23	74	79	82	83	89	
71	13	79	81	85	86	93	95	96	
72	23	89	92	95	
73	11	87	92	95	
74	28	80	81	86	
75	43	80	81	86	
76	22	84	90	94	96	
77	44	87	
78	34	87	90	99	
79	14	91	94	
80	49	84	91	96	
81	48	87	89	90	91	99	
82	16	84	87	101	102	
83	22	90	103	
84	39	91	92	96	97	101	107	108	
85	47	95	97	107	
86	29	98	107	108	
87	33	94	103	106	108	
88	49	91	92	96	100	
89	19	92	96	98	100	107	
90	22	97	100	108	
91	16	97	98	103	111	112	
92	24	104	116	
93	14	103	115	
94	34	101	108	
95	34	97	100	101	110	114	
96	25	101	108	115	
97	45	107	109	114	
98	22	106	116	117	
99	38	105	113	114	117	118	
100	25	112	113	
101	17	122	
102	11	113	
103	24	111	117	
104	47	124	
105	39	114	118	120	122	125	126	
106	23	120	126	127	
107	48	114	115	118	120	126	
108	31	111	113	115	126	127	
109	40	111	118	121	122	
110	38	117	120	
111	44	124	127	129	133	135	
112	11	130	133	
113	27	120	
114	41	123	132	
115	43	118	123	132	
116	46	117	119	121	124	127	
117	43	123	134	137	138	
118	37	126	128	134	141	
119	44	134	139	
120	17	128	138	
121	47	123	130	135	138	140	
122	41	139	141	
123	21	130	136	140	
124	47	131	138	
125	44	130	139	142	147	
126	34	143	
127	31	132	134	139	141	148	
128	42	146	
129	17	137	145	
130	27	142	145	149	
131	12	136	
132	26	148	
133	38	136	
134	16	142	149	
135	11	137	144	148	
136	46	147	
137	15	
138	33	143	
139	39	144	146	
140	36	143	148	
141	47	146	
142	23	149	
143	15	149	
144	19	149	
145	45	149	
146	31	
147	34	
148	19	
149	27	
