node	size	children
0	37	7	9	10	12	15	17	23	
1	44	6	12	14	15	23	24	
2	20	6	9	10	16	
3	21	6	9	12	16	24	
4	19	8	9	10	16	18	24	25	
5	24	11	12	15	18	25	
6	24	17	
7	39	13	17	19	20	22	27	
8	17	19	20	31	32	
9	25	13	14	19	20	21	
10	33	13	15	17	25	26	31	
11	21	12	23	24	29	32	
12	29	23	26	36	
13	19	22	34	35	
14	49	20	24	
15	43	38	
16	19	20	23	35	
17	30	21	25	
18	17	25	26	
19	23	33	34	35	36	38	40	42	45	
20	49	28	29	31	38	42	
21	49	28	33	40	
22	11	30	31	42	45	
23	44	27	33	37	
24	30	28	31	43	44	
25	28	34	45	
26	22	34	39	44	51	
27	41	34	47	51	
28	12	33	41	43	44	49	50	52	
29	23	36	46	47	49	
30	10	33	36	41	43	44	45	
31	12	50	
32	27	39	
33	31	42	47	50	56	
34	42	45	50	52	56	
35	39	
36	35	52	54	58	
37	29	41	42	46	47	58	59	
38	47	41	42	43	46	53	55	
39	39	41	43	58	
40	47	47	52	55	
41	30	49	53	57	
42	45	49	64	
43	20	49	
44	22	49	53	55	
45	28	52	54	62	
46	24	48	51	59	62	
47	24	72	
48	26	64	71	
49	25	64	65	
50	32	57	59	63	69	
51	22	57	59	67	
52	33	60	70	72	
53	35	65	67	72	73	74	
54	33	61	65	67	78	
55	23	63	66	71	77	
56	28	63	
57	24	60	
58	21	
59	44	63	66	68	
60	29	68	72	77	80	83	
61	33	68	80	
62	42	
63	28	69	79	
64	46	71	72	81	
65	25	69	82	
66	45	68	71	82	
67	44	76	78	80	83	84	88	92	
68	12	74	75	76	84	
69	10	74	76	86	90	
70	28	76	79	85	86	88	90	92	
71	43	85	87	
72	30	73	75	80	84	87	
73	39	82	88	93	97	98	99	
74	30	81	86	91	99	
75	18	85	87	91	
76	43	80	82	85	87	88	91	99	
77	33	84	92	94	95	96	98	
78	40	84	86	92	95	
79	46	84	88	93	
80	43	89	97	
81	19	91	95	104	
82	46	92	94	95	97	103	105	
83	40	90	97	98	101	102	
84	18	95	
85	49	95	96	100	104	106	
86	34	
87	42	104	
88	34	98	105	109	
89	21	93	100	101	103	104	
90	20	99	103	
91	41	108	
92	30	98	103	104	106	
93	20	109	
94	31	107	116	
95	17	103	105	106	107	108	111	
96	30	106	110	112	
97	49	106	107	113	118	
98	24	103	111	115	
99	31	105	111	115	116	
100	39	107	112	115	116	117	122	
101	15	111	112	113	118	121	123	
102	31	109	111	114	120	125	
103	30	109	110	112	122	124	
104	23	107	111	112	113	119	122	
105	35	107	122	
106	42	109	112	
107	33	116	
108	44	126	128	
109	40	
110	13	130	
111	15	116	
112	26	119	126	128	
113	46	120	124	136	
114	35	123	124	125	127	132	135	136	
115	15	122	124	125	130	
116	40	119	126	133	
117	39	121	123	129	
118	32	124	136	
119	15	128	132	133	
120	48	139	
121	36	130	131	137	141	
122	47	
123	33	132	
124	25	143	
125	19	128	130	135	142	
126	16	145	
127	38	132	137	144	148	
128	36	133	134	138	
129	36	137	149	
130	37	133	137	
131	19	
132	22	142	145	146	
133	13	138	144	147	
134	44	141	145	147	
135	48	141	145	147	
136	49	141	143	145	146	148	
137	45	140	141	
138	13	144	
139	45	
140	42	
141	47	149	
142	36	
143	26	
144	47	
145	21	
146	28	
147	28	
148	44	
149	36	
