node	size	children
0	27	11	12	13	16	21	25	
1	34	8	12	13	16	17	19	21	22	
2	45	8	9	11	12	13	15	16	17	19	
3	25	8	10	11	17	20	
4	40	8	9	11	12	14	18	19	
5	35	7	8	12	15	19	
6	36	7	9	10	12	13	18	19	
7	47	26	30	
8	16	18	25	26	31	
9	45	16	23	
10	24	28	30	31	
11	47	22	24	
12	10	15	18	26	28	31	
13	32	30	
14	18	36	37	
15	23	29	33	35	
16	46	28	37	38	
17	43	20	25	28	32	36	
18	10	25	26	29	
19	23	26	34	38	
20	33	29	
21	12	29	32	43	44	
22	34	35	42	
23	31	31	37	40	44	
24	37	31	
25	21	27	33	36	41	
26	11	36	51	
27	38	38	47	51	
28	33	32	37	42	47	51	
29	36	32	47	
30	46	32	34	36	38	42	49	51	
31	43	41	46	
32	28	41	44	
33	14	45	
34	41	55	
35	41	40	41	52	55	
36	28	39	46	51	52	55	57	
37	18	43	55	
38	39	45	
39	14	65	
40	48	61	
41	36	50	54	65	
42	20	46	47	50	
43	29	54	56	58	60	
44	41	48	53	55	61	63	
45	43	58	63	
46	11	69	70	71	
47	15	
48	25	57	68	
49	38	59	60	66	68	
50	45	65	67	68	
51	10	63	66	67	71	
52	18	63	65	67	72	73	
53	29	62	68	79	
54	12	65	66	71	
55	46	60	64	67	77	
56	13	59	60	63	64	77	78	
57	33	60	
58	20	71	75	
59	48	67	70	73	76	77	79	85	
60	49	69	70	83	
61	31	70	72	
62	36	68	
63	26	70	80	84	
64	17	66	71	74	77	
65	30	70	76	77	85	86	
66	48	75	79	80	93	
67	39	73	74	79	80	92	
68	19	73	83	
69	43	84	85	
70	16	79	92	
71	34	85	87	92	
72	16	74	82	86	90	
73	11	86	90	93	
74	33	83	86	90	99	
75	12	84	86	
76	15	87	
77	39	80	87	89	
78	35	80	81	84	85	87	94	96	99	
79	25	81	83	94	
80	10	97	104	
81	45	
82	31	91	93	98	103	
83	25	88	90	91	
84	14	90	103	
85	14	91	96	105	
86	38	91	93	101	
87	13	94	102	109	
88	11	107	111	
89	12	100	103	104	110	
90	26	95	100	101	
91	17	96	98	101	
92	12	99	
93	34	100	106	
94	33	111	112	113	
95	25	101	102	103	114	115	
96	20	103	110	
97	23	100	104	
98	37	100	104	107	111	115	
99	10	101	102	108	111	115	
100	45	107	110	111	113	119	
101	14	113	121	122	123	124	
102	42	107	117	120	121	
103	10	109	114	116	
104	25	108	109	113	
105	24	109	114	
106	33	114	118	121	
107	30	131	
108	27	115	123	126	
109	10	114	115	118	121	126	129	131	
110	35	112	113	125	
111	48	112	129	
112	47	120	130	132	136	
113	25	120	128	131	
114	41	128	130	131	136	
115	37	122	132	
116	41	118	120	130	133	136	
117	30	118	124	127	133	137	
118	39	128	133	143	
119	33	128	129	
120	43	132	137	
121	21	130	131	133	136	139	140	
122	43	126	130	137	140	142	
123	32	125	126	135	137	142	
124	39	127	132	133	134	144	
125	33	139	
126	33	136	147	
127	47	136	138	
128	31	142	
129	39	134	137	
130	36	144	
131	48	
132	30	141	148	
133	33	138	
134	27	142	
135	42	
136	28	138	144	
137	27	145	
138	34	145	146	
139	36	145	146	
140	42	145	146	148	149	
141	46	
142	29	146	149	
143	11	147	149	
144	24	145	146	147	148	
145	14	
146	37	
147	33	
148	37	
149	23	
