node	size	children
0	23	6	10	11	15	18	25	
1	16	6	10	11	12	13	14	16	19	23	25	
2	42	8	11	12	14	16	17	19	20	
3	15	7	12	13	14	16	17	19	20	24	
4	45	6	7	9	13	17	18	19	20	24	25	
5	37	6	7	10	11	13	16	18	19	
6	46	22	25	
7	14	17	19	
8	26	18	27	28	31	
9	27	28	29	
10	29	13	16	27	30	
11	24	20	21	
12	48	20	25	27	
13	26	26	34	36	
14	32	24	28	35	36	
15	41	21	25	26	30	
16	23	38	
17	43	
18	44	
19	24	
20	11	31	
21	16	37	40	41	
22	29	26	28	34	38	41	43	
23	35	29	37	38	41	43	
24	20	35	38	40	41	44	
25	12	27	31	35	39	
26	32	32	36	38	43	45	
27	13	32	36	43	
28	27	37	40	46	49	
29	11	33	34	41	
30	25	32	34	37	51	
31	19	32	34	40	43	
32	18	40	42	53	55	
33	36	50	
34	47	46	
35	13	49	
36	40	46	47	48	49	53	56	
37	22	45	47	56	57	
38	24	57	
39	14	47	52	55	57	
40	24	54	59	60	
41	24	56	59	63	
42	22	46	55	59	
43	37	47	49	50	54	
44	41	45	51	54	61	
45	30	57	59	65	67	70	
46	33	63	65	68	
47	22	52	53	
48	34	54	60	64	66	
49	14	52	54	64	
50	39	52	62	70	
51	46	65	67	
52	38	74	
53	35	62	66	69	
54	23	58	61	66	70	75	
55	12	68	71	73	74	76	
56	18	64	70	71	72	73	74	75	
57	25	68	
58	27	69	78	82	
59	15	64	69	75	76	77	82	
60	29	67	76	82	
61	13	68	74	83	
62	37	65	68	70	72	80	
63	35	69	78	
64	22	79	85	
65	11	75	
66	11	74	76	81	82	
67	30	85	
68	13	71	72	74	81	83	88	90	
69	46	84	
70	45	71	73	90	
71	40	81	93	94	
72	31	95	
73	42	80	
74	16	88	90	
75	18	82	92	
76	10	80	83	87	89	91	
77	41	79	87	88	96	
78	13	86	91	94	98	101	
79	39	85	97	98	102	
80	14	86	89	94	97	98	99	
81	24	85	94	95	102	
82	49	87	93	95	101	102	
83	22	94	
84	48	94	95	100	103	108	109	
85	49	105	
86	42	92	100	104	105	
87	35	91	101	103	106	107	
88	49	
89	16	95	97	107	
90	38	103	105	107	
91	29	105	112	
92	38	101	102	104	105	113	114	
93	43	101	102	111	113	114	
94	11	100	103	108	112	113	
95	13	99	110	111	
96	26	112	
97	35	104	111	114	115	123	
98	13	104	107	108	118	
99	11	122	
100	18	106	
101	12	111	117	118	122	
102	39	106	120	
103	42	104	105	106	109	113	
104	25	115	120	126	
105	35	112	113	118	121	122	
106	32	119	120	123	124	
107	41	116	120	124	129	
108	48	116	121	125	127	
109	10	111	124	
110	25	119	120	130	
111	31	119	128	134	
112	31	119	126	
113	32	120	121	136	
114	47	
115	14	127	
116	26	119	124	134	
117	40	125	126	131	143	144	
118	40	124	126	141	
119	44	135	143	
120	33	126	137	143	
121	16	135	136	
122	13	125	127	133	134	
123	41	130	131	133	140	
124	35	134	136	141	146	
125	38	136	139	149	
126	34	131	132	141	147	148	
127	13	140	142	
128	47	132	
129	29	136	144	
130	28	134	141	143	145	
131	47	
132	12	145	
133	38	138	147	
134	33	
135	25	141	144	
136	47	141	
137	39	
138	10	145	
139	35	
140	30	145	
141	35	145	
142	29	145	148	
143	22	
144	33	148	
145	25	
146	14	
147	14	
148	35	
149	41	
