node	size	children
0	12	6	8	11	17	18	
1	20	8	9	10	11	13	18	20	22	23	24	
2	12	8	9	20	
3	18	6	8	10	12	
4	18	10	11	19	
5	46	6	7	10	11	13	15	16	18	23	
6	23	13	17	20	23	24	28	
7	36	13	21	24	30	
8	17	13	16	17	18	21	23	24	26	
9	45	16	17	21	
10	45	
11	46	14	28	
12	31	18	20	27	
13	11	20	31	32	33	
14	19	25	33	
15	35	25	30	31	33	35	37	
16	24	32	33	34	37	
17	29	22	26	27	37	
18	16	22	32	35	
19	23	29	34	36	
20	38	25	29	
21	24	25	26	27	31	39	
22	11	26	27	33	37	40	42	44	
23	20	30	42	
24	20	25	
25	29	41	46	
26	30	41	46	
27	38	45	
28	27	
29	41	47	
30	49	35	38	49	
31	37	43	
32	13	49	51	56	
33	14	41	55	57	
34	19	46	52	55	
35	48	45	57	
36	33	40	
37	46	43	49	58	
38	12	45	52	57	
39	38	45	48	57	61	
40	38	49	50	60	
41	40	49	60	
42	45	47	55	61	63	
43	12	46	49	59	
44	14	45	53	57	
45	14	62	
46	37	60	62	68	
47	23	53	62	63	
48	10	52	54	62	68	71	
49	30	70	
50	37	53	54	61	63	
51	28	63	66	
52	12	61	65	76	
53	42	61	67	73	76	
54	45	67	68	70	73	76	
55	28	59	62	63	64	75	
56	40	61	62	66	73	
57	31	60	64	66	72	
58	14	63	69	70	
59	49	77	
60	25	65	67	69	70	82	
61	21	65	67	68	73	74	79	
62	35	66	69	71	72	79	81	83	
63	16	76	77	83	
64	35	82	
65	45	72	75	80	87	88	
66	40	75	77	78	86	88	
67	32	73	77	
68	11	77	78	87	
69	16	84	85	90	
70	17	75	
71	15	75	80	89	
72	10	79	92	95	
73	28	81	89	91	
74	29	78	80	87	90	
75	18	87	
76	35	85	91	
77	19	91	93	95	
78	45	86	94	96	
79	14	86	97	99	
80	37	84	86	88	92	96	98	103	
81	12	84	92	96	101	
82	44	86	90	91	92	97	98	
83	38	88	91	96	99	
84	38	96	
85	49	94	99	103	
86	48	
87	27	95	101	109	110	
88	49	103	108	
89	31	98	99	110	
90	45	93	96	
91	29	101	
92	46	103	112	
93	45	103	105	106	
94	40	100	101	113	
95	13	100	104	105	112	115	
96	23	100	102	104	106	
97	41	98	100	102	103	114	
98	10	104	110	111	116	120	
99	34	114	119	121	
100	39	107	108	109	113	115	120	122	
101	34	105	113	
102	21	108	111	117	
103	31	107	115	
104	19	112	113	114	
105	20	117	121	123	127	
106	21	112	115	117	118	121	124	127	
107	39	114	117	123	129	
108	32	128	
109	47	123	126	
110	18	113	115	126	
111	10	121	135	
112	18	119	120	131	133	134	135	
113	12	125	131	134	
114	16	124	125	126	130	
115	12	117	118	120	130	
116	31	
117	49	131	139	
118	43	124	133	
119	11	134	138	
120	23	124	126	138	
121	42	138	140	
122	10	126	139	140	
123	32	134	135	
124	31	135	145	
125	45	133	147	
126	17	133	134	139	
127	44	131	132	142	
128	35	130	131	132	
129	11	141	142	147	
130	30	137	145	147	
131	26	138	147	
132	29	137	
133	43	137	138	143	147	149	
134	10	137	
135	13	136	145	
136	13	144	
137	17	146	
138	39	
139	35	
140	42	145	
141	21	145	146	
142	49	148	
143	49	149	
144	45	
145	28	
146	45	
147	39	
148	10	
149	36	
