node	size	children
0	24	6	7	9	10	22	
1	26	8	9	13	22	
2	45	6	7	8	12	14	17	18	21	
3	22	8	9	16	18	
4	32	6	11	14	16	17	
5	30	7	8	9	11	12	14	16	
6	42	14	25	30	
7	22	22	26	
8	14	12	19	21	
9	27	22	
10	40	15	18	22	24	29	
11	14	14	16	24	30	
12	48	20	27	
13	29	20	21	27	30	33	34	
14	26	18	23	29	31	
15	44	32	34	
16	24	20	
17	16	25	33	34	
18	35	25	43	
19	25	43	
20	15	28	43	
21	23	30	35	40	43	
22	20	35	37	38	
23	21	
24	18	30	33	35	39	41	
25	43	38	42	
26	12	42	
27	37	34	35	39	40	42	
28	31	31	39	40	42	43	
29	17	31	36	48	
30	31	31	33	
31	32	52	55	
32	35	50	
33	23	39	47	48	
34	45	39	56	
35	10	39	40	48	50	53	
36	49	44	54	
37	41	42	44	47	52	55	
38	16	47	49	53	
39	23	45	52	54	59	
40	41	44	51	53	55	56	
41	22	46	
42	43	46	48	53	58	63	
43	25	47	48	51	52	59	63	
44	35	58	59	65	
45	20	57	65	68	
46	40	61	70	
47	12	55	59	61	65	68	
48	27	55	
49	47	56	58	60	63	64	
50	29	60	61	68	71	74	
51	25	60	68	77	
52	12	58	60	61	65	69	77	
53	14	67	68	
54	11	59	63	69	70	
55	39	63	
56	11	62	70	72	77	
57	49	74	75	76	79	83	
58	18	70	76	79	
59	20	70	72	79	80	
60	40	68	84	
61	24	67	75	
62	41	66	71	74	76	
63	28	
64	42	74	78	79	81	82	84	87	88	89	
65	46	71	79	84	85	
66	49	75	85	87	88	
67	21	76	81	88	
68	15	73	78	
69	20	74	78	80	
70	29	77	78	81	
71	20	81	82	86	90	
72	47	80	85	90	94	
73	35	78	85	86	
74	29	80	90	
75	47	80	81	87	90	
76	45	80	88	89	91	93	95	
77	35	78	88	95	
78	46	85	89	
79	31	86	89	
80	40	92	93	99	
81	21	85	100	
82	35	90	93	96	97	
83	46	89	91	92	103	
84	12	92	93	95	105	
85	31	100	104	111	112	
86	28	96	107	108	
87	17	101	108	109	
88	12	98	99	101	104	
89	30	105	106	
90	39	99	100	106	112	
91	48	106	109	
92	44	108	
93	12	99	101	105	110	112	118	
94	15	102	114	
95	39	101	102	106	107	108	
96	43	100	102	105	110	118	
97	11	102	105	116	118	
98	27	
99	13	123	
100	31	107	112	
101	31	108	116	117	121	125	
102	34	106	110	114	122	
103	47	110	116	121	
104	19	112	113	115	125	
105	34	125	
106	22	114	118	121	
107	22	116	119	130	131	
108	37	116	
109	16	123	128	
110	12	118	119	121	122	
111	23	114	118	122	130	
112	14	115	120	126	130	
113	31	126	130	131	134	136	
114	29	121	123	
115	41	119	124	136	
116	20	126	134	
117	48	126	127	131	
118	27	122	126	131	137	
119	32	130	138	
120	29	132	
121	24	126	129	132	137	
122	42	131	136	144	
123	37	131	132	133	141	142	
124	28	
125	19	129	134	139	
126	20	137	138	142	146	
127	34	137	143	147	149	
128	38	147	149	
129	45	137	139	148	149	
130	31	139	
131	42	135	145	146	
132	32	139	141	142	144	148	
133	41	149	
134	47	147	
135	45	138	139	146	147	
136	23	138	142	145	147	149	
137	47	138	140	142	146	148	149	
138	10	
139	27	148	
140	47	148	
141	31	
142	44	
143	15	
144	44	
145	41	
146	46	
147	47	
148	45	
149	40	
