node	size	children
0	29	9	10	12	15	18	
1	38	8	9	10	11	12	16	17	
2	49	9	11	16	17	25	
3	27	16	19	24	
4	29	12	15	16	20	21	
5	36	7	8	10	12	22	
6	39	7	8	10	12	15	18	20	21	22	23	
7	37	17	29	31	
8	34	13	25	28	29	
9	32	13	14	15	17	24	27	28	31	32	
10	37	13	17	21	27	31	
11	45	15	30	
12	36	18	23	25	26	
13	46	23	25	28	29	32	
14	19	22	
15	41	21	31	36	38	
16	24	23	25	28	33	
17	29	21	25	28	29	30	32	33	36	
18	31	27	34	38	
19	33	23	39	
20	45	43	
21	40	
22	49	29	39	46	
23	27	29	32	38	40	42	
24	13	46	
25	24	41	45	
26	21	27	45	
27	49	
28	34	38	39	41	
29	25	46	51	
30	25	34	37	45	48	
31	49	37	48	52	
32	29	34	35	39	
33	38	39	43	
34	38	41	46	54	59	
35	46	44	50	55	
36	36	43	56	
37	42	60	
38	24	41	43	46	49	52	59	
39	37	45	52	
40	38	52	58	59	
41	37	62	64	
42	49	48	50	55	64	
43	43	62	
44	41	66	
45	35	52	53	54	55	60	63	
46	12	47	65	
47	12	58	61	72	
48	16	60	66	
49	23	54	57	59	65	66	67	
50	35	57	59	66	67	73	
51	14	67	68	73	
52	28	59	62	64	70	
53	22	69	73	
54	22	64	74	79	
55	42	62	67	69	
56	37	67	72	74	
57	20	68	73	79	
58	17	69	76	
59	17	71	78	
60	18	62	70	71	79	
61	49	68	75	80	
62	25	69	70	73	85	
63	10	77	79	84	
64	41	72	76	77	80	84	
65	38	73	75	85	
66	29	68	71	72	78	
67	47	68	69	74	
68	38	74	76	77	78	91	
69	20	74	77	
70	46	77	92	
71	26	76	82	90	92	
72	43	75	81	86	
73	33	81	82	83	88	90	91	
74	35	87	89	94	95	98	
75	22	91	
76	41	93	97	
77	48	85	88	94	97	
78	28	90	
79	30	82	85	86	92	94	
80	17	95	98	102	
81	32	88	92	
82	17	90	96	97	101	
83	40	88	96	103	
84	48	87	94	95	97	102	103	105	
85	29	98	102	
86	40	93	110	
87	25	106	
88	19	93	98	101	106	110	
89	37	94	101	104	
90	24	99	106	
91	32	93	97	105	107	
92	48	95	
93	15	99	104	110	114	
94	13	
95	36	113	115	117	
96	44	110	116	
97	40	101	102	115	116	
98	45	100	101	106	114	
99	17	106	111	
100	45	114	115	117	
101	35	106	107	117	
102	30	121	124	
103	44	108	
104	24	109	
105	44	109	120	121	123	
106	20	112	127	
107	33	115	118	127	131	
108	33	121	131	
109	18	112	115	117	120	129	131	
110	31	112	114	119	128	130	131	
111	31	112	113	123	128	
112	32	126	134	
113	26	118	129	
114	40	124	129	134	
115	12	122	124	134	135	
116	16	118	128	134	135	
117	29	120	128	131	134	137	
118	27	130	135	143	
119	25	131	
120	44	130	132	141	144	
121	42	129	141	
122	46	135	139	
123	41	125	130	
124	29	128	130	133	140	
125	16	144	
126	39	133	139	140	
127	13	133	145	
128	32	132	136	148	
129	30	137	139	142	
130	17	147	
131	31	132	141	144	
132	27	140	144	
133	45	141	149	
134	12	
135	39	139	147	148	
136	31	138	140	147	
137	18	145	146	149	
138	14	145	
139	24	
140	12	147	
141	48	147	
142	37	147	
143	20	146	
144	35	146	
145	38	
146	23	
147	46	
148	17	
149	18	
