node	size	children
0	15	9	10	13	14	18	26	
1	12	7	9	10	11	13	15	16	17	21	27	
2	21	8	9	12	13	15	23	
3	34	7	9	11	12	13	15	18	19	23	24	
4	15	9	11	17	19	20	
5	10	9	10	22	
6	40	10	13	17	23	
7	43	15	26	
8	18	14	15	16	17	20	22	29	
9	44	14	16	18	29	
10	11	14	19	22	26	
11	49	16	18	31	33	
12	33	16	18	27	30	33	
13	43	
14	22	22	26	32	39	
15	21	22	35	
16	41	31	33	
17	38	26	33	
18	31	25	27	31	39	
19	22	39	
20	41	31	34	
21	26	31	
22	45	29	
23	35	31	32	36	38	39	40	42	
24	16	28	29	30	
25	48	29	37	39	43	
26	16	
27	14	30	33	
28	13	35	40	41	44	51	
29	35	
30	38	48	
31	16	46	53	
32	11	50	
33	40	44	46	50	
34	36	36	39	
35	16	45	46	52	53	54	
36	29	52	
37	24	47	48	52	56	58	
38	26	54	
39	19	44	54	
40	49	54	58	
41	39	53	58	66	
42	38	49	50	59	
43	49	49	50	59	
44	41	52	56	58	59	62	65	
45	11	49	50	52	59	63	
46	16	57	
47	13	56	66	72	
48	29	54	57	70	
49	44	54	58	69	
50	44	59	61	68	
51	19	60	
52	27	57	72	
53	43	55	57	62	67	
54	26	64	76	78	
55	36	68	69	71	73	
56	14	62	66	76	
57	43	68	69	70	72	76	78	
58	21	65	68	70	72	77	78	
59	19	62	65	66	68	69	73	76	78	
60	14	67	73	74	77	80	82	
61	32	71	74	84	
62	40	71	79	81	
63	40	71	72	80	
64	14	69	71	76	
65	40	68	69	70	77	
66	29	70	73	80	84	
67	45	83	84	85	88	
68	11	
69	22	74	80	83	
70	15	74	80	89	
71	17	74	81	88	
72	43	75	77	83	89	
73	23	81	82	85	93	94	96	
74	30	83	90	
75	48	81	82	83	96	97	
76	21	79	86	88	91	95	
77	42	81	86	94	95	97	
78	33	84	85	86	95	
79	17	88	90	92	93	98	
80	21	87	89	95	100	
81	20	85	92	
82	29	90	92	94	102	
83	19	
84	28	88	89	
85	12	99	108	
86	29	94	96	108	109	
87	49	103	108	
88	16	93	101	109	
89	29	107	
90	36	94	97	98	106	109	
91	28	98	99	
92	22	100	103	110	112	
93	14	102	105	
94	48	99	107	116	
95	43	102	105	110	115	
96	48	
97	21	100	102	107	115	116	
98	20	109	114	115	
99	41	115	118	119	
100	16	104	120	
101	41	107	
102	19	110	115	117	119	120	122	
103	27	108	111	116	119	122	
104	22	111	127	
105	38	111	124	127	129	
106	21	
107	23	
108	30	
109	38	113	116	118	127	128	
110	12	111	113	116	
111	21	118	120	122	127	131	
112	29	117	120	125	131	
113	48	118	119	121	122	124	126	
114	46	130	
115	39	120	129	131	135	
116	40	118	126	131	134	
117	29	124	134	141	
118	36	124	129	139	
119	38	130	134	141	
120	14	129	132	138	141	
121	38	123	124	126	129	130	131	132	138	
122	19	130	138	139	
123	29	146	
124	49	144	145	
125	15	133	141	144	148	
126	28	132	138	139	142	145	
127	10	134	145	
128	38	132	
129	12	132	136	137	
130	26	141	148	
131	33	
132	20	144	146	149	
133	44	140	142	
134	44	144	
135	42	147	
136	31	143	147	149	
137	22	
138	45	146	
139	21	146	
140	26	147	149	
141	43	146	147	149	
142	16	
143	12	
144	27	
145	48	
146	35	
147	47	
148	31	
149	16	
