node	size	children
0	23	12	26	
1	31	8	9	13	19	21	22	24	25	
2	30	7	8	9	10	12	13	16	19	25	
3	16	8	9	11	14	17	18	19	20	23	
4	45	8	9	10	12	14	19	21	
5	48	9	11	12	13	21	23	
6	35	11	12	16	18	21	22	24	
7	20	21	22	31	
8	39	14	20	22	23	26	
9	20	13	18	20	31	33	
10	33	15	20	
11	26	17	18	20	23	25	27	30	
12	40	18	32	
13	15	32	35	
14	16	25	26	29	32	33	35	37	
15	36	23	26	30	34	35	
16	21	22	26	28	
17	25	31	33	39	
18	23	21	24	26	36	
19	22	20	25	28	33	35	36	
20	27	32	34	
21	18	38	
22	34	34	36	40	
23	35	33	34	37	41	45	
24	27	31	39	
25	24	30	32	38	39	43	45	
26	46	
27	36	39	41	
28	43	34	36	37	42	43	44	
29	46	36	40	47	52	
30	14	34	37	51	52	
31	13	45	
32	20	35	40	43	44	50	51	
33	33	43	
34	43	40	44	45	53	54	
35	29	47	58	
36	49	45	59	
37	21	47	48	55	58	59	
38	13	42	44	46	57	58	
39	40	44	48	
40	16	61	62	64	65	66	
41	44	48	56	
42	48	51	55	57	
43	46	48	63	
44	28	48	49	51	60	
45	43	48	50	
46	49	50	
47	42	55	56	65	66	
48	28	60	61	
49	33	66	68	
50	26	62	
51	48	56	58	60	72	
52	46	56	61	69	
53	48	63	70	78	
54	40	61	63	70	72	
55	21	63	79	
56	21	60	61	
57	42	68	73	75	79	
58	15	60	65	67	68	77	
59	43	67	72	
60	23	76	78	81	
61	28	76	81	
62	36	72	75	78	82	
63	13	83	85	
64	23	70	74	78	85	
65	13	75	76	
66	16	70	71	74	75	83	
67	24	82	84	86	
68	34	77	78	88	
69	11	77	85	
70	29	83	88	90	
71	48	74	
72	42	82	91	
73	36	80	81	87	
74	49	83	86	96	
75	25	80	92	
76	49	87	98	
77	43	93	94	
78	13	81	84	85	87	91	93	
79	13	85	86	91	
80	21	89	96	97	102	104	105	
81	43	96	
82	15	86	88	91	100	101	
83	32	96	101	102	104	
84	35	90	99	102	103	105	
85	13	86	94	100	105	
86	37	94	105	
87	23	109	112	
88	23	106	
89	11	94	95	100	101	103	
90	11	94	97	99	100	
91	10	94	95	97	
92	15	98	108	
93	32	107	
94	40	102	103	105	113	117	118	
95	46	102	103	118	
96	18	106	111	112	
97	19	103	
98	44	100	103	105	115	
99	22	101	104	111	118	
100	37	109	124	
101	46	110	
102	20	109	112	117	
103	20	111	114	121	
104	41	106	111	112	123	
105	14	106	123	
106	45	119	120	127	
107	16	119	
108	48	116	118	
109	36	123	124	129	
110	40	115	118	121	
111	49	116	120	128	
112	12	115	119	120	124	126	
113	46	119	120	122	124	125	126	127	137	
114	32	120	128	131	132	
115	39	123	126	130	
116	15	125	126	137	
117	31	122	125	137	
118	30	124	127	130	134	
119	41	133	134	139	
120	37	126	131	136	138	139	
121	45	138	
122	10	125	131	138	143	
123	23	131	138	140	141	143	
124	11	125	128	130	132	141	
125	42	
126	25	135	138	139	
127	12	133	138	145	
128	16	139	140	
129	24	137	140	145	148	
130	18	145	146	149	
131	14	140	142	145	
132	27	148	
133	47	146	
134	39	
135	35	141	146	147	
136	32	144	146	
137	36	141	144	
138	46	146	
139	10	
140	42	
141	18	
142	31	
143	11	147	148	
144	28	148	
145	30	
146	11	
147	25	
148	21	
149	25	
