node	size	children
0	29	7	9	10	12	13	15	16	20	
1	48	6	8	9	10	13	16	17	18	20	
2	39	10	13	17	22	
3	42	6	8	10	12	13	22	23	
4	22	6	10	11	16	17	19	20	24	
5	22	7	8	9	13	20	25	
6	24	15	16	20	29	
7	35	22	29	
8	38	30	
9	21	24	
10	30	16	17	30	
11	35	14	19	21	31	
12	36	14	16	22	29	
13	40	37	
14	35	23	29	35	
15	10	21	24	27	30	37	
16	29	22	24	32	36	
17	17	21	25	37	
18	20	22	24	26	
19	14	26	35	
20	40	26	30	32	43	
21	32	27	30	32	41	
22	48	27	36	39	42	
23	48	28	37	
24	48	28	32	
25	30	26	40	
26	34	38	44	
27	49	38	41	42	47	
28	38	42	44	45	49	
29	30	32	33	39	44	
30	41	35	42	44	48	
31	25	33	34	42	46	47	
32	44	41	
33	45	38	47	
34	14	38	48	50	
35	47	47	55	
36	35	49	50	
37	42	38	40	43	45	49	51	
38	12	45	61	
39	24	44	45	50	61	
40	22	
41	34	52	54	55	61	
42	15	52	57	58	59	
43	30	45	50	55	56	59	61	
44	29	53	62	
45	15	52	64	65	66	67	
46	24	59	65	67	
47	26	56	63	67	
48	30	51	52	55	56	
49	41	52	54	58	
50	20	59	
51	16	59	60	66	67	71	73	
52	36	57	66	73	
53	26	64	
54	10	
55	24	56	57	64	
56	10	72	
57	10	66	67	72	73	78	
58	23	70	78	80	
59	26	64	66	68	75	78	81	
60	48	62	80	
61	40	63	74	
62	45	73	82	85	87	
63	49	70	72	77	86	
64	33	82	
65	27	69	72	76	77	79	88	
66	39	69	72	77	85	
67	24	71	76	81	83	
68	44	78	94	
69	38	79	80	81	94	
70	19	77	78	79	81	
71	44	79	83	85	
72	21	79	84	85	88	
73	25	75	87	93	
74	43	75	83	92	93	
75	49	
76	39	83	
77	39	83	88	97	98	
78	40	88	93	95	99	
79	19	82	95	100	
80	39	85	97	
81	18	83	85	93	
82	18	90	95	
83	28	103	
84	36	101	102	
85	20	93	94	95	99	106	
86	30	89	91	94	98	99	101	104	
87	12	94	96	98	100	101	103	
88	46	100	101	102	
89	34	97	98	101	106	114	
90	16	97	
91	10	100	
92	42	107	
93	10	99	105	107	109	
94	32	105	108	111	
95	39	106	111	112	116	
96	24	106	107	120	
97	34	111	120	
98	16	103	104	105	110	112	113	118	
99	43	107	118	120	
100	36	106	107	108	112	117	120	
101	10	106	107	111	113	120	
102	30	109	118	124	125	
103	26	111	121	124	
104	20	116	121	126	
105	26	108	112	116	119	120	
106	22	121	126	
107	49	116	
108	14	
109	47	117	
110	42	
111	40	123	131	133	
112	36	115	118	121	122	128	
113	22	118	121	125	128	129	131	
114	46	127	129	
115	41	132	
116	21	124	125	132	133	134	
117	27	
118	47	126	129	132	134	136	140	
119	33	126	127	130	131	132	133	
120	19	134	138	
121	20	134	136	137	143	145	147	
122	42	130	131	136	137	146	
123	11	130	136	
124	31	128	131	133	134	141	
125	43	129	132	135	147	
126	11	133	134	138	146	
127	21	
128	30	143	146	152	
129	47	139	144	
130	24	135	139	140	148	151	
131	13	135	139	148	
132	32	139	140	148	
133	18	139	140	147	
134	48	142	147	150	
135	22	151	
136	27	142	151	153	
137	35	141	143	147	153	
138	21	141	142	148	154	156	157	
139	16	142	151	152	153	154	
140	41	151	153	154	
141	39	150	158	
142	24	
143	43	
144	37	150	
145	21	149	150	158	
146	12	158	
147	33	149	152	158	159	
148	21	157	
149	45	155	
150	20	
151	14	
152	26	157	
153	30	
154	17	
155	39	
156	48	
157	12	
158	43	
159	25	
