node	size	children
0	43	7	8	9	10	11	12	13	17	21	24	26	
1	33	8	9	11	12	13	14	15	18	26	
2	31	10	11	13	15	17	
3	25	6	10	13	23	
4	23	6	8	10	12	15	18	21	23	25	
5	36	7	8	9	11	12	13	15	17	18	19	
6	23	25	26	29	32	
7	26	17	29	
8	19	17	18	22	30	
9	38	17	19	25	29	30	31	
10	14	16	20	29	31	
11	13	15	16	21	
12	25	15	19	
13	46	22	28	30	31	35	
14	38	22	26	
15	39	36	
16	49	25	27	
17	25	21	25	38	
18	45	25	30	33	
19	22	22	32	34	37	
20	17	
21	22	28	29	37	43	45	
22	42	40	
23	27	31	32	45	
24	10	39	42	45	
25	12	33	37	41	
26	35	38	41	
27	18	39	40	45	
28	48	33	34	42	
29	10	36	38	50	
30	21	33	35	49	
31	24	33	36	37	44	49	
32	20	36	46	47	
33	14	52	
34	30	40	56	58	
35	41	46	58	
36	38	40	41	52	56	
37	47	41	43	45	56	
38	46	39	41	47	50	
39	11	49	59	61	
40	15	47	48	57	
41	25	51	53	
42	36	53	57	61	
43	42	49	61	
44	39	59	64	65	
45	29	52	55	57	60	
46	40	54	56	71	
47	28	57	58	60	66	68	
48	27	53	71	
49	19	60	
50	44	56	60	62	69	
51	24	53	58	70	
52	25	57	63	71	
53	39	69	70	77	
54	32	65	67	68	70	
55	14	60	67	70	77	
56	14	71	74	
57	10	64	74	
58	11	59	66	68	70	76	
59	34	75	77	80	
60	22	71	82	84	
61	19	72	74	78	81	82	
62	49	79	82	
63	27	77	79	80	81	84	
64	37	66	67	68	73	77	84	
65	32	68	71	73	81	
66	17	78	79	82	83	87	
67	24	
68	32	72	75	83	85	
69	45	73	74	76	84	89	90	
70	26	72	78	88	
71	15	78	80	83	85	86	88	89	
72	43	83	84	96	
73	28	
74	15	80	82	83	93	96	97	
75	21	89	91	95	97	
76	10	96	
77	40	81	83	91	93	
78	35	81	92	93	
79	15	92	103	
80	49	88	103	
81	36	88	92	96	100	103	
82	35	89	95	100	
83	45	103	
84	16	88	91	96	97	
85	17	97	98	100	102	
86	27	92	98	103	105	106	
87	36	95	100	109	
88	32	93	108	109	
89	40	104	109	
90	23	92	94	95	97	98	100	105	
91	28	108	113	
92	28	99	104	105	107	110	111	
93	18	99	108	
94	23	98	99	109	113	
95	38	98	104	
96	48	98	101	104	106	114	115	
97	15	102	107	108	
98	40	105	110	113	116	122	
99	11	107	111	122	
100	35	117	
101	48	112	113	115	120	
102	37	115	118	
103	40	111	115	120	121	
104	34	108	110	115	118	122	
105	41	112	129	130	
106	45	112	118	121	124	129	
107	30	112	117	129	
108	24	111	114	
109	16	113	129	
110	40	114	122	125	128	129	
111	46	119	
112	12	118	120	133	134	136	
113	32	120	122	123	126	
114	12	117	121	131	
115	18	117	121	128	131	
116	23	119	134	
117	26	140	143	
118	32	130	131	
119	47	
120	11	127	
121	31	132	134	
122	33	133	
123	24	131	132	134	138	143	
124	49	132	134	139	143	145	150	
125	22	137	149	150	
126	39	136	145	150	
127	48	134	
128	40	133	138	147	
129	42	135	
130	48	
131	15	142	143	148	152	155	
132	27	145	150	153	155	
133	29	146	149	154	
134	21	138	146	
135	41	141	155	
136	47	141	143	144	145	147	155	
137	18	144	151	156	
138	36	150	
139	39	144	145	158	
140	27	146	
141	38	149	
142	14	154	159	
143	16	
144	36	156	
145	29	
146	18	158	
147	12	155	157	158	
148	46	153	
149	13	
150	34	
151	14	159	
152	34	157	
153	42	
154	15	158	
155	29	
156	29	
157	33	
158	10	
159	44	
