node	size	children
0	20	8	10	11	12	14	15	16	20	
1	38	11	14	16	19	
2	34	7	9	10	11	20	24	
3	11	7	11	12	14	18	19	20	
4	49	7	9	10	12	16	18	19	
5	19	10	12	13	16	26	
6	28	7	8	10	12	13	14	16	17	20	22	
7	47	18	19	29	31	
8	15	19	21	23	
9	31	17	18	30	
10	21	
11	27	14	23	24	
12	20	25	29	
13	38	28	
14	19	24	28	
15	24	24	31	33	35	
16	13	22	27	32	35	
17	28	23	32	34	37	
18	26	27	28	33	34	
19	34	27	33	
20	47	39	42	
21	45	27	35	39	
22	37	29	34	35	
23	18	37	43	
24	35	38	41	42	
25	29	27	34	
26	33	29	30	32	33	38	41	42	45	
27	39	40	43	51	
28	24	
29	22	51	
30	45	33	34	38	49	
31	42	36	41	42	
32	17	38	44	46	51	
33	35	41	43	53	56	58	
34	22	41	42	50	55	57	
35	20	
36	41	45	47	48	51	
37	28	50	
38	11	41	42	48	
39	48	44	
40	34	
41	23	52	
42	29	48	62	
43	34	48	53	55	56	61	
44	11	57	
45	45	52	
46	23	53	63	
47	29	54	60	62	66	68	
48	37	55	59	62	65	66	
49	24	59	
50	40	54	55	57	71	
51	45	54	55	57	62	63	67	72	
52	21	60	72	
53	46	63	65	71	
54	26	65	66	67	
55	40	62	64	68	74	77	
56	44	62	63	64	76	77	
57	11	63	65	69	
58	42	63	
59	21	65	68	70	71	
60	20	75	77	80	
61	40	70	73	77	
62	49	72	76	78	
63	14	66	68	80	83	
64	13	73	80	81	84	
65	48	72	73	76	77	
66	13	76	78	79	87	
67	26	
68	29	76	
69	19	75	82	89	
70	29	80	83	
71	38	73	81	82	84	87	90	
72	28	73	83	87	
73	12	89	95	
74	29	84	85	87	88	89	90	91	
75	29	83	87	92	
76	46	79	80	94	95	
77	28	81	86	89	90	92	94	
78	20	81	92	93	95	
79	33	90	91	96	101	
80	18	88	91	102	
81	42	90	98	
82	13	86	98	101	
83	25	86	94	95	97	
84	44	86	94	
85	14	98	100	
86	42	96	
87	16	95	102	
88	34	104	108	
89	17	94	98	100	104	
90	16	98	99	
91	12	110	113	
92	17	97	99	110	112	
93	38	110	
94	21	100	110	113	115	
95	31	107	108	113	
96	33	101	113	114	
97	31	103	108	109	111	114	116	
98	25	105	108	109	111	112	115	116	
99	28	104	108	109	118	119	
100	31	104	109	118	121	
101	29	106	111	114	
102	31	111	116	117	118	
103	33	117	119	121	
104	42	121	
105	35	119	123	
106	33	124	127	
107	27	110	111	117	126	
108	30	113	122	124	
109	21	111	
110	27	126	
111	30	124	126	131	
112	28	120	125	132	133	
113	27	119	121	132	133	
114	21	118	120	121	124	127	133	
115	20	116	118	119	120	124	
116	10	130	132	137	
117	35	125	126	128	
118	45	122	123	125	133	134	137	
119	11	126	130	132	133	
120	23	122	127	136	
121	40	123	127	131	135	137	
122	49	128	
123	10	130	145	
124	11	129	131	144	145	
125	38	141	143	
126	14	132	136	
127	20	128	138	
128	19	138	148	
129	24	140	151	
130	42	136	138	145	146	
131	17	141	
132	22	139	144	145	147	149	
133	36	136	141	146	149	
134	14	142	153	154	155	
135	25	155	156	158	
136	30	158	
137	41	148	154	
138	30	
139	28	152	
140	47	146	156	
141	28	146	
142	26	147	153	154	158	
143	24	151	158	
144	25	150	159	
145	15	150	155	
146	31	156	
147	23	157	158	
148	24	159	
149	22	153	155	158	
150	25	
151	12	155	156	159	
152	25	156	
153	40	
154	11	
155	19	
156	13	
157	35	
158	14	159	
159	19	
