node	size	children
0	12	6	7	8	10	12	13	15	
1	36	6	8	9	13	15	16	19	21	25	26	
2	41	6	7	8	13	14	16	19	26	
3	44	7	13	14	16	17	24	
4	38	7	8	10	11	12	14	15	18	19	25	
5	13	7	8	9	12	16	17	22	26	
6	12	19	20	25	
7	19	24	31	32	
8	14	16	17	
9	30	28	32	
10	36	14	26	31	
11	25	14	15	19	20	21	25	31	
12	14	19	26	27	31	
13	15	31	32	38	
14	34	23	25	36	37	
15	24	25	31	38	
16	18	33	38	
17	37	26	28	33	37	
18	41	34	36	39	
19	32	20	22	23	27	28	38	
20	19	30	43	
21	36	35	42	44	
22	11	38	39	
23	33	28	
24	49	27	
25	33	27	29	37	43	
26	34	29	33	40	41	42	
27	21	34	40	43	45	
28	38	40	43	47	48	
29	24	47	48	51	
30	26	36	37	40	42	46	47	
31	33	33	34	36	46	50	
32	38	50	
33	21	48	51	53	58	
34	43	56	57	
35	49	44	52	
36	43	51	
37	35	40	47	
38	18	43	50	
39	49	46	56	58	
40	15	46	
41	41	
42	25	50	56	60	
43	19	51	57	60	
44	11	47	48	56	59	64	
45	39	49	50	58	62	
46	11	55	59	
47	24	53	70	
48	48	56	68	
49	46	54	58	59	
50	12	55	59	60	63	65	68	
51	24	52	66	68	
52	36	62	
53	24	66	74	
54	14	
55	27	60	73	74	
56	45	
57	27	73	75	
58	35	61	68	
59	34	69	79	81	
60	44	65	66	72	73	79	
61	38	65	70	81	82	
62	20	67	76	77	
63	12	66	77	79	80	81	
64	20	66	71	73	78	80	81	
65	30	72	85	88	
66	15	74	75	77	81	84	
67	38	77	82	84	
68	37	71	72	77	79	
69	24	82	89	
70	14	72	73	78	80	82	
71	23	79	83	85	91	
72	34	79	83	90	95	
73	28	85	
74	42	78	93	95	
75	30	78	88	93	95	
76	47	
77	11	78	84	85	87	94	95	
78	11	86	96	99	
79	20	94	99	
80	34	93	94	97	99	
81	43	84	87	89	91	96	101	
82	29	88	91	
83	24	84	97	99	
84	34	96	97	
85	44	100	104	105	106	107	
86	20	90	93	98	104	
87	43	96	100	104	107	
88	43	92	102	
89	43	91	95	96	106	107	
90	12	106	109	111	
91	39	98	104	
92	48	98	99	
93	35	100	111	
94	22	105	109	
95	45	97	98	113	114	
96	17	108	114	
97	40	102	113	115	119	121	
98	15	111	118	120	
99	46	104	112	120	
100	14	107	116	118	
101	35	103	118	
102	49	110	116	124	127	
103	27	111	116	119	122	127	
104	41	115	117	120	123	
105	22	120	124	
106	41	114	
107	40	108	109	111	
108	25	115	118	123	132	
109	12	119	121	123	124	
110	36	121	122	123	124	130	133	
111	43	116	123	124	125	127	129	130	131	
112	24	119	123	
113	22	118	130	132	
114	24	126	129	130	
115	37	125	126	129	135	
116	21	126	
117	43	124	132	135	136	137	
118	27	126	132	135	140	
119	18	130	132	134	140	
120	20	122	129	140	
121	12	126	138	
122	49	137	139	147	
123	10	135	136	139	143	
124	21	128	136	139	145	
125	17	128	133	141	143	144	145	
126	38	145	
127	21	142	144	
128	37	145	146	148	
129	35	135	
130	19	138	148	
131	11	141	
132	40	135	
133	28	142	
134	27	152	
135	45	148	153	159	
136	19	147	153	
137	45	143	145	150	
138	41	143	155	
139	26	146	149	157	159	
140	15	148	150	157	
141	20	151	152	158	
142	37	148	152	153	157	
143	14	148	152	156	
144	47	151	152	
145	17	149	152	
146	11	
147	32	149	
148	14	159	
149	48	159	
150	36	
151	41	
152	43	
153	20	154	
154	21	
155	27	
156	29	
157	31	
158	49	
159	21	
