node	size	children
0	39	6	12	16	
1	11	7	8	9	11	12	15	22	23	
2	30	8	9	12	16	18	22	
3	32	7	8	10	11	17	19	21	
4	27	10	16	17	
5	25	6	7	8	12	13	15	17	
6	32	
7	22	21	24	26	30	
8	13	23	28	
9	28	14	15	23	
10	15	13	
11	27	16	24	29	
12	40	15	16	17	20	24	27	29	
13	23	22	24	27	29	
14	41	21	29	31	35	
15	35	22	31	34	
16	21	30	31	34	
17	33	20	34	
18	33	23	24	27	
19	10	25	30	32	33	43	
20	23	25	
21	41	31	39	
22	10	25	36	39	
23	33	25	30	34	
24	23	25	28	30	34	42	
25	12	32	40	42	
26	34	37	43	44	
27	22	33	37	39	43	45	48	
28	39	41	44	45	
29	35	31	32	40	43	45	49	
30	15	35	46	
31	23	38	44	45	50	51	53	
32	25	41	42	44	45	50	53	
33	37	39	46	50	52	55	
34	48	41	50	
35	26	37	41	43	48	
36	36	37	40	44	47	
37	26	49	53	54	
38	40	50	58	
39	27	45	48	61	
40	23	61	
41	48	48	
42	44	48	
43	46	46	49	
44	20	58	64	
45	35	54	68	
46	40	53	56	59	
47	31	54	57	63	
48	13	53	56	62	
49	28	57	63	65	
50	49	56	67	
51	41	59	69	73	
52	40	59	60	65	71	73	
53	46	66	73	
54	10	60	67	74	
55	15	59	63	65	66	72	
56	45	71	77	78	
57	16	65	70	71	
58	31	64	66	71	
59	26	66	73	74	78	
60	22	63	
61	35	66	70	81	
62	11	70	72	
63	21	72	75	76	80	81	86	
64	39	69	88	
65	34	73	81	82	84	88	
66	49	84	
67	30	72	78	87	
68	20	72	88	
69	25	79	87	91	94	
70	10	79	80	81	92	94	
71	39	77	80	87	89	
72	15	76	
73	31	80	85	
74	38	76	
75	18	87	91	99	
76	44	85	87	100	
77	16	82	
78	48	84	91	
79	29	82	83	96	
80	46	92	95	97	
81	46	82	
82	41	91	97	104	
83	41	94	99	
84	39	96	101	
85	23	91	93	94	98	
86	27	90	92	94	96	104	107	
87	35	97	104	
88	14	99	
89	41	96	106	108	
90	42	97	104	106	110	
91	19	95	96	97	103	105	111	
92	31	102	104	108	113	
93	17	
94	18	95	98	101	113	
95	27	105	107	108	114	117	
96	25	
97	40	110	119	
98	39	107	111	116	
99	48	
100	11	109	117	
101	19	104	117	
102	39	108	115	116	127	
103	26	110	112	113	115	
104	45	113	115	121	
105	47	119	125	127	
106	17	108	112	113	
107	38	121	
108	26	116	118	119	121	126	127	
109	24	117	122	130	131	
110	36	117	118	122	124	128	
111	14	115	121	122	123	126	
112	30	115	120	122	127	131	
113	22	118	120	121	125	128	132	
114	16	125	126	139	141	
115	26	129	130	136	
116	41	121	127	128	139	141	
117	42	122	125	139	
118	14	129	132	134	141	
119	29	126	129	131	140	141	
120	38	125	129	130	139	141	
121	31	128	136	137	140	146	
122	22	133	137	
123	34	132	144	
124	20	132	144	
125	17	136	139	
126	15	130	132	134	140	
127	44	128	129	136	137	
128	31	147	149	152	
129	32	148	
130	28	137	144	147	
131	14	135	143	153	
132	30	136	137	145	148	152	
133	39	137	153	
134	47	138	140	147	151	
135	20	146	148	156	157	159	
136	24	147	154	
137	16	144	159	
138	20	146	147	158	
139	10	142	144	152	153	158	
140	28	147	148	150	157	158	
141	20	142	144	149	150	158	
142	34	150	151	153	155	156	
143	33	153	158	
144	49	155	
145	20	149	154	155	157	
146	10	
147	34	148	152	
148	38	
149	21	157	159	
150	12	
151	38	155	156	
152	42	
153	12	157	
154	39	
155	18	
156	40	
157	18	
158	41	
159	45	
