node	size	children
0	29	7	9	11	14	17	
1	40	8	10	11	12	13	23	24	
2	40	7	11	13	
3	29	6	10	11	17	21	
4	26	6	7	10	13	15	17	21	
5	32	6	8	10	14	17	18	24	
6	15	16	18	21	29	
7	12	
8	12	21	25	
9	45	17	24	
10	46	12	13	18	
11	37	13	20	25	27	29	
12	39	22	23	37	
13	25	23	24	36	
14	15	18	36	
15	43	19	21	24	
16	23	31	
17	29	23	26	27	28	32	
18	24	36	
19	45	
20	41	32	33	40	
21	23	34	37	40	
22	16	31	40	41	
23	23	27	30	34	38	
24	18	29	40	42	
25	36	31	42	45	
26	33	35	36	41	44	47	48	
27	21	35	43	48	
28	39	31	32	44	47	
29	24	32	33	38	50	
30	27	31	42	48	
31	39	41	
32	33	42	43	47	50	54	
33	28	42	45	48	53	54	
34	44	38	39	42	44	51	56	
35	17	40	41	44	49	
36	25	38	43	49	51	
37	43	38	41	47	56	
38	41	50	60	
39	10	45	52	
40	14	45	46	55	60	63	
41	37	53	60	
42	45	61	
43	47	53	57	
44	38	49	53	
45	19	51	53	55	58	64	65	
46	47	56	60	65	
47	28	64	66	
48	16	51	54	63	67	
49	39	54	57	68	
50	49	56	59	62	65	67	68	
51	31	65	
52	38	72	
53	43	58	64	67	
54	14	60	62	67	69	71	75	
55	33	58	73	
56	49	58	64	67	73	
57	47	65	78	
58	48	64	68	78	
59	17	66	73	74	78	81	83	
60	13	70	71	72	73	78	
61	24	71	74	76	
62	18	66	68	69	71	77	80	83	
63	30	68	76	77	83	
64	29	72	77	82	
65	21	72	77	78	81	82	87	89	
66	39	73	74	83	87	89	
67	24	72	76	86	
68	29	76	77	
69	20	70	74	84	90	
70	13	79	88	90	91	95	
71	11	81	85	94	95	
72	24	80	89	
73	44	90	97	
74	26	82	93	94	
75	46	80	83	87	89	91	
76	14	77	83	86	90	93	94	
77	18	96	98	101	
78	21	86	90	
79	12	87	88	90	98	99	
80	34	85	86	91	99	
81	47	86	87	91	
82	13	87	94	103	
83	24	89	96	101	102	
84	28	105	
85	13	93	101	107	
86	34	94	104	
87	47	108	
88	38	103	105	
89	43	91	92	96	99	104	107	109	
90	34	
91	10	106	108	110	113	
92	46	102	109	
93	25	98	100	101	102	115	
94	24	106	115	
95	30	106	113	
96	10	98	103	109	111	114	
97	34	107	110	
98	26	113	116	117	119	
99	35	104	114	115	119	
100	13	105	107	116	119	
101	10	104	105	106	
102	36	110	111	
103	13	105	109	110	115	119	
104	48	112	115	128	
105	40	114	123	128	
106	11	112	113	121	123	
107	11	116	123	126	
108	49	111	116	
109	25	111	129	
110	31	116	118	127	128	
111	13	124	133	136	
112	23	117	119	122	129	136	
113	45	120	135	137	
114	36	118	121	128	130	131	
115	22	117	118	123	130	
116	23	125	130	133	
117	13	126	140	141	143	
118	38	124	129	130	142	
119	36	128	130	141	
120	40	125	130	132	138	
121	40	
122	48	131	143	
123	47	131	139	143	
124	18	133	
125	25	131	143	
126	31	131	134	149	
127	46	132	133	138	143	144	
128	27	133	134	137	148	
129	25	141	143	146	
130	41	149	
131	43	139	148	153	
132	41	152	
133	20	151	
134	24	144	
135	13	138	139	145	
136	45	138	141	147	148	152	154	
137	24	147	151	155	
138	49	144	148	150	155	
139	39	144	151	158	159	
140	16	147	149	152	
141	48	147	148	149	157	
142	31	146	
143	43	150	153	159	
144	30	151	
145	48	158	
146	24	150	
147	23	155	
148	23	156	158	159	
149	23	150	152	
150	34	
151	17	
152	23	159	
153	21	
154	37	
155	48	159	
156	27	
157	30	
158	40	
159	33	
