node	size	children
0	10	8	9	10	12	18	24	
1	43	8	11	12	15	23	25	
2	24	7	9	10	11	15	16	17	22	23	24	
3	42	7	9	10	11	12	15	22	
4	42	9	10	11	12	13	15	19	23	26	
5	21	8	9	12	
6	20	9	10	12	19	25	
7	46	24	27	
8	31	23	27	
9	16	14	26	28	
10	38	17	24	28	
11	35	13	20	26	27	29	
12	19	21	22	23	25	27	29	32	
13	47	25	
14	48	22	31	
15	19	24	29	
16	25	22	26	
17	17	23	28	38	
18	42	22	25	27	36	
19	31	24	27	
20	13	28	33	37	44	
21	49	34	
22	17	37	
23	33	30	
24	22	40	41	
25	15	34	35	
26	48	28	32	36	
27	10	39	
28	35	34	40	
29	38	36	41	42	44	47	
30	36	36	41	43	44	46	
31	35	34	44	48	
32	40	39	46	
33	15	53	55	
34	17	42	45	47	53	57	
35	32	55	
36	32	41	54	
37	29	50	
38	27	40	44	51	
39	13	48	50	59	
40	33	47	49	51	62	
41	49	59	62	
42	15	48	57	62	
43	49	60	
44	46	50	
45	27	50	53	
46	13	64	67	69	
47	34	52	61	68	70	
48	25	52	55	56	70	
49	32	59	60	69	71	
50	21	52	53	67	68	
51	35	52	58	62	67	69	70	
52	31	60	64	71	73	76	
53	33	71	
54	31	64	69	76	
55	32	63	67	70	
56	34	64	65	67	73	74	
57	44	58	62	
58	19	72	79	
59	41	68	69	75	79	
60	23	68	70	80	82	
61	39	68	70	71	80	
62	47	71	73	77	80	
63	27	65	66	67	68	75	83	
64	13	66	
65	14	73	74	90	
66	13	76	
67	22	75	79	87	
68	14	73	84	90	
69	19	74	80	
70	23	73	74	84	
71	11	83	84	89	
72	35	81	84	96	
73	37	78	87	96	
74	14	78	91	92	93	94	
75	38	78	80	82	94	
76	44	82	83	93	
77	40	83	94	96	
78	32	86	88	92	101	103	
79	43	84	85	90	92	93	
80	49	85	94	100	
81	43	103	
82	17	85	90	97	103	
83	41	86	87	88	90	91	94	96	102	103	
84	45	91	101	102	108	
85	38	93	98	106	
86	33	92	108	
87	20	92	95	100	102	
88	14	93	96	97	110	
89	21	93	103	
90	43	94	98	106	107	
91	18	97	99	105	109	115	
92	35	104	114	115	
93	21	106	107	110	
94	39	112	
95	46	113	114	
96	44	101	102	106	115	
97	35	106	108	109	110	121	122	
98	46	111	114	120	
99	46	114	120	122	
100	21	106	109	117	119	
101	18	111	115	
102	14	107	111	112	115	116	
103	34	112	114	116	123	
104	18	121	122	123	125	
105	30	114	120	121	
106	21	121	124	
107	25	118	
108	21	118	127	
109	19	116	
110	47	115	121	122	123	126	129	
111	46	120	127	
112	39	135	
113	14	119	121	126	
114	22	122	136	
115	13	123	126	127	131	
116	26	125	136	
117	16	119	123	128	136	
118	34	125	134	141	
119	34	129	130	131	
120	10	129	133	138	140	141	
121	29	138	141	
122	32	132	138	140	142	
123	40	130	140	
124	26	130	133	134	144	
125	38	132	133	136	141	142	147	
126	23	146	
127	43	130	140	148	
128	44	132	134	140	143	144	
129	39	141	144	146	
130	24	142	148	154	
131	49	146	153	
132	11	138	139	141	151	153	
133	16	150	
134	40	145	
135	23	137	140	
136	39	151	152	
137	39	144	145	
138	16	147	149	155	
139	33	144	146	148	149	150	154	155	
140	28	143	146	
141	19	145	156	157	158	
142	47	145	151	153	158	
143	38	150	
144	48	
145	18	151	158	
146	27	150	151	153	
147	14	153	156	
148	27	153	
149	46	154	
150	17	157	
151	42	157	159	
152	18	
153	19	157	
154	47	
155	48	
156	38	
157	37	
158	44	
159	45	
