node	size	children
0	36	6	8	9	11	15	17	
1	34	8	9	12	14	15	18	24	
2	35	6	7	9	10	12	15	20	
3	38	8	9	
4	30	6	10	11	12	16	17	18	19	20	24	
5	31	6	8	11	15	16	18	20	
6	24	15	19	30	
7	32	21	
8	14	27	30	32	
9	33	15	16	19	23	27	32	33	
10	23	13	27	
11	15	19	33	
12	33	18	28	
13	38	21	24	36	
14	18	31	33	34	
15	35	22	33	40	
16	25	25	
17	39	39	40	
18	13	20	25	26	40	
19	17	20	27	30	37	
20	29	29	34	41	47	
21	19	34	39	41	47	
22	45	35	39	42	47	
23	34	29	30	32	39	40	42	
24	14	34	
25	10	39	40	43	45	
26	27	41	44	
27	40	41	50	53	54	
28	12	34	46	50	52	53	
29	32	44	46	48	
30	39	34	42	44	45	
31	19	37	38	41	46	54	
32	33	47	
33	43	38	54	
34	27	45	50	60	
35	24	42	43	46	49	52	59	
36	41	44	46	52	55	57	
37	16	43	
38	32	42	53	
39	23	47	50	53	54	57	
40	32	52	54	58	
41	23	49	57	60	61	
42	27	50	
43	35	48	60	
44	15	58	
45	27	51	
46	20	51	52	53	54	58	65	
47	25	49	57	
48	45	56	58	60	63	71	
49	47	65	68	
50	32	60	62	71	
51	24	59	64	70	
52	35	61	68	
53	30	70	71	
54	11	56	60	65	
55	42	72	
56	12	66	
57	45	61	71	78	
58	32	63	65	
59	21	68	
60	29	62	65	68	70	
61	20	67	86	
62	23	72	80	81	86	
63	46	73	76	81	
64	17	83	
65	25	69	73	75	83	86	
66	35	69	74	83	85	
67	30	77	79	80	85	86	91	
68	11	82	83	85	87	90	91	
69	43	75	78	79	87	89	90	
70	12	84	87	
71	45	73	78	80	90	
72	32	88	
73	44	80	81	90	95	
74	14	89	
75	10	82	84	99	
76	10	81	83	90	96	
77	32	88	95	97	
78	34	81	90	91	94	
79	32	91	96	
80	46	101	103	
81	38	104	
82	36	99	
83	43	93	99	101	104	
84	41	87	92	
85	24	93	94	101	
86	12	91	95	98	
87	16	106	
88	41	95	
89	20	96	97	98	103	104	105	111	
90	32	95	97	98	100	109	110	111	
91	31	96	111	
92	20	97	109	111	
93	17	101	
94	22	101	102	108	112	114	117	
95	30	116	
96	39	103	109	
97	14	110	116	118	
98	36	114	
99	40	106	111	113	
100	12	115	
101	36	107	115	118	
102	27	112	119	123	
103	11	109	110	112	114	116	
104	43	112	114	116	120	121	
105	27	112	116	118	
106	23	
107	18	118	121	131	
108	44	116	118	122	124	
109	49	125	129	
110	34	114	117	128	129	
111	21	115	117	
112	37	122	131	
113	38	121	133	134	137	138	
114	17	121	122	124	126	127	129	133	
115	38	128	129	131	132	133	136	139	
116	33	120	124	128	129	130	137	
117	23	120	121	123	126	
118	16	126	139	
119	29	128	131	134	136	144	
120	11	134	137	140	
121	35	132	136	144	146	
122	43	126	128	133	141	
123	48	134	136	139	
124	18	
125	21	128	129	135	136	143	144	146	
126	47	135	138	141	143	144	146	
127	22	135	140	144	147	
128	16	138	146	
129	38	135	137	143	145	147	149	
130	49	134	137	138	140	143	145	
131	45	137	138	152	
132	46	134	141	144	147	149	151	153	
133	11	147	
134	39	142	
135	31	150	155	
136	14	146	148	154	156	
137	39	147	157	
138	14	140	147	
139	13	153	155	158	
140	45	151	
141	38	151	153	154	155	
142	37	153	
143	16	
144	31	153	156	
145	13	149	152	157	158	
146	36	151	
147	20	156	159	
148	32	156	
149	10	155	156	
150	42	154	
151	48	
152	40	
153	31	158	
154	41	
155	38	
156	27	
157	29	
158	30	
159	34	
