node	size	children
0	26	7	9	10	12	13	15	17	19	23	25	
1	20	9	10	11	
2	23	10	11	12	13	14	15	22	
3	28	8	10	11	12	13	15	19	21	22	25	
4	16	8	15	18	19	
5	45	7	10	12	14	15	18	19	23	
6	30	12	13	14	19	
7	29	16	24	29	
8	42	14	16	26	29	30	
9	44	16	26	
10	42	18	
11	34	16	17	
12	32	14	18	24	
13	38	18	28	
14	27	22	26	36	
15	12	21	22	30	
16	12	20	25	31	
17	34	22	28	36	
18	16	28	31	36	
19	49	26	
20	26	28	32	35	
21	14	26	27	31	
22	17	27	29	30	43	
23	10	28	38	44	
24	23	35	43	
25	22	29	30	35	
26	13	34	41	
27	42	33	34	49	
28	12	39	47	
29	23	35	38	
30	31	34	37	38	46	47	
31	23	33	36	45	47	
32	18	39	46	52	
33	29	42	44	54	
34	46	44	49	51	
35	22	39	51	55	
36	39	47	
37	43	40	
38	10	50	53	56	57	60	61	
39	41	50	59	62	
40	42	48	58	61	
41	28	50	52	62	
42	37	52	58	
43	35	53	
44	33	46	50	51	59	
45	29	55	61	64	66	67	
46	13	54	61	
47	15	54	63	
48	40	54	55	
49	16	55	60	61	68	
50	44	56	60	62	68	
51	24	63	66	71	
52	15	60	62	66	69	70	
53	30	63	64	69	73	
54	16	59	60	63	65	
55	37	59	72	75	
56	43	59	68	71	75	
57	49	64	70	72	74	78	80	
58	16	
59	20	63	77	78	79	81	
60	38	77	
61	13	64	70	71	75	77	81	
62	20	64	65	67	78	79	
63	33	72	85	88	
64	35	72	85	86	88	
65	39	71	76	77	
66	22	77	81	84	89	
67	28	69	71	75	78	79	82	86	
68	28	74	80	85	
69	48	78	85	90	
70	27	95	
71	13	82	88	92	
72	47	85	
73	22	79	80	
74	39	80	87	91	93	
75	12	81	89	91	
76	14	97	101	
77	45	86	87	91	94	95	98	99	
78	13	83	86	94	96	
79	47	91	
80	10	100	101	
81	46	86	88	97	
82	44	86	89	101	
83	34	99	
84	30	94	100	103	
85	16	91	98	103	
86	22	103	104	
87	40	91	101	108	
88	28	
89	37	94	97	99	107	
90	42	96	103	113	
91	34	105	106	111	114	
92	49	99	106	110	
93	49	97	104	105	110	
94	25	100	107	110	
95	38	97	104	108	109	110	
96	12	102	114	
97	37	119	
98	12	103	114	115	122	
99	19	106	109	112	114	115	118	120	122	
100	24	102	104	115	120	
101	38	106	108	110	112	117	121	
102	36	112	115	122	125	126	
103	45	117	122	123	126	
104	27	111	112	117	
105	41	115	118	123	124	
106	15	110	112	123	124	125	
107	34	127	
108	13	111	122	124	126	
109	11	118	125	128	
110	19	119	
111	43	118	119	123	126	132	
112	20	118	119	120	124	130	132	135	
113	42	116	118	125	
114	37	121	124	126	133	
115	15	122	126	131	
116	41	132	134	135	139	
117	23	123	133	135	142	
118	46	125	139	142	
119	13	124	
120	27	
121	16	125	137	138	139	
122	23	
123	20	148	
124	18	130	139	140	143	
125	39	138	140	142	
126	33	129	140	144	
127	16	130	144	
128	24	138	143	
129	25	138	145	146	
130	42	136	150	153	
131	34	147	150	
132	37	143	150	154	
133	27	
134	19	
135	36	141	146	
136	23	156	159	
137	28	146	148	152	159	
138	13	144	146	148	152	155	
139	26	152	
140	40	144	149	151	152	
141	20	144	154	
142	27	154	155	
143	27	156	
144	40	151	152	154	157	
145	44	
146	17	
147	45	159	
148	24	150	
149	10	
150	32	155	158	
151	26	157	158	
152	15	159	
153	11	
154	45	157	158	
155	49	
156	39	
157	25	
158	20	
159	13	
