node	size	children
0	30	7	9	15	21	
1	22	6	7	9	12	20	
2	42	7	9	11	19	24	
3	17	7	8	13	14	19	21	24	25	
4	26	9	11	13	16	19	
5	19	6	7	10	13	16	17	18	21	
6	32	16	23	27	30	
7	22	21	27	30	
8	14	17	25	
9	39	13	18	28	30	
10	41	20	22	24	
11	14	16	21	25	30	
12	25	13	23	28	
13	38	22	29	31	38	
14	41	
15	11	20	26	28	
16	38	20	21	34	
17	15	23	33	
18	26	24	29	36	
19	34	22	24	25	26	
20	40	43	
21	32	28	29	36	
22	49	27	43	44	
23	25	39	41	
24	13	29	30	31	
25	42	26	28	41	
26	11	33	39	42	50	51	
27	47	37	39	43	44	
28	40	32	34	46	
29	32	39	49	51	
30	32	40	41	45	50	51	
31	20	35	38	
32	27	39	42	52	56	58	
33	21	45	48	51	
34	26	45	48	54	57	
35	29	45	55	57	
36	23	55	
37	20	42	44	48	56	
38	36	47	
39	49	47	58	61	65	
40	44	47	
41	40	53	54	55	61	64	
42	48	54	
43	26	46	47	52	58	61	
44	31	47	54	
45	20	54	64	66	71	
46	20	55	58	66	68	69	
47	20	54	62	69	70	
48	14	60	62	70	
49	15	62	65	69	71	
50	14	56	65	
51	21	56	57	60	64	66	72	
52	22	63	65	68	70	77	
53	39	60	62	66	69	71	
54	39	59	62	63	64	77	78	
55	32	77	
56	16	64	71	74	76	
57	15	59	62	70	74	75	78	
58	27	59	65	70	73	
59	35	66	67	82	85	
60	33	80	81	85	
61	18	66	72	76	78	79	84	
62	22	72	73	76	84	
63	27	
64	39	71	74	75	
65	49	69	76	
66	40	73	78	90	
67	48	73	
68	11	74	76	83	88	
69	22	77	79	84	87	
70	20	78	81	91	
71	19	76	
72	47	87	
73	12	80	81	83	88	90	92	95	
74	33	87	88	92	93	98	
75	48	81	86	90	93	97	
76	39	79	84	85	89	
77	11	79	82	
78	26	79	83	94	
79	43	86	89	93	99	
80	41	104	
81	49	95	98	
82	36	99	100	
83	18	87	96	101	102	
84	31	86	95	97	
85	22	98	102	103	
86	15	
87	44	96	102	104	105	110	
88	16	92	93	96	101	108	
89	18	93	96	102	108	
90	49	92	94	103	105	109	
91	46	98	109	
92	22	105	109	
93	39	99	105	115	116	
94	11	116	
95	38	99	101	109	
96	34	106	111	114	
97	30	102	103	
98	16	99	105	115	
99	46	106	
100	40	117	120	123	
101	46	107	116	117	120	
102	25	
103	18	108	
104	32	111	
105	15	117	121	124	
106	37	118	119	122	123	
107	13	112	119	
108	27	112	113	115	116	119	126	
109	39	112	114	117	119	126	
110	28	114	118	122	123	126	
111	15	118	123	125	130	
112	16	120	129	
113	29	118	124	131	
114	26	122	125	135	
115	14	126	135	
116	12	121	123	129	
117	15	118	119	127	130	131	132	
118	45	125	130	132	133	140	
119	25	124	125	126	127	137	139	
120	36	128	
121	33	136	140	142	
122	13	130	
123	43	138	
124	23	138	145	
125	36	134	137	140	148	
126	29	142	145	
127	10	137	145	
128	12	130	142	145	148	
129	47	135	141	142	146	147	
130	11	140	144	147	153	
131	29	144	147	151	
132	30	138	145	
133	49	153	
134	15	138	141	143	145	148	152	153	
135	32	141	
136	37	
137	18	149	153	154	158	
138	16	143	148	155	
139	12	
140	33	153	
141	49	148	150	156	159	
142	34	146	148	156	
143	43	150	152	153	156	
144	24	152	159	
145	38	150	152	
146	40	
147	25	
148	32	
149	49	156	
150	45	
151	17	157	
152	37	
153	26	
154	37	157	
155	48	
156	11	
157	48	
158	48	
159	40	
