node	size	children
0	25	7	8	10	12	17	22	
1	32	7	8	9	10	14	22	
2	14	7	8	9	10	14	15	23	
3	18	11	15	26	
4	18	8	9	12	15	23	
5	27	8	9	10	11	15	18	23	26	
6	30	8	9	11	21	
7	31	21	22	25	28	
8	41	17	22	24	25	29	30	
9	16	24	26	29	
10	45	13	17	19	28	33	
11	10	16	17	19	23	27	
12	12	19	22	23	
13	20	20	29	32	37	40	
14	17	
15	46	25	28	37	
16	14	31	
17	35	23	36	40	
18	21	
19	46	20	21	24	26	31	32	33	35	36	38	
20	40	40	41	
21	35	30	43	
22	45	27	31	38	39	
23	33	31	37	43	
24	13	30	31	38	
25	15	30	40	
26	23	29	41	
27	34	41	45	46	48	
28	12	38	39	44	46	47	
29	17	39	41	52	
30	21	36	44	
31	40	34	44	45	54	
32	40	35	37	39	45	
33	46	46	52	
34	41	45	58	
35	27	41	46	51	
36	30	41	42	47	51	54	55	56	
37	36	44	46	51	60	
38	10	55	60	
39	37	46	47	56	
40	38	59	
41	40	53	
42	33	49	50	54	58	
43	23	54	61	66	
44	25	58	65	
45	46	53	
46	46	54	65	
47	44	51	56	57	60	62	64	
48	21	68	72	
49	35	
50	12	56	61	71	
51	43	59	62	
52	36	63	66	67	68	69	
53	16	64	69	70	
54	42	55	56	58	
55	12	62	75	76	78	
56	26	67	71	76	
57	20	
58	33	69	
59	16	70	74	
60	13	61	64	68	70	75	78	
61	14	79	83	
62	13	70	75	78	80	82	83	
63	28	68	80	
64	17	74	76	80	85	
65	27	79	83	84	
66	35	72	73	77	78	
67	31	79	81	
68	41	77	86	87	
69	17	75	77	86	
70	47	82	86	
71	40	82	
72	38	82	84	89	
73	11	88	96	
74	39	88	91	93	95	96	
75	17	80	81	85	88	92	93	
76	19	80	81	84	92	
77	32	81	87	95	
78	42	84	87	92	93	94	
79	30	80	81	90	
80	23	86	97	98	104	
81	12	87	88	94	99	104	
82	11	92	99	100	
83	30	89	99	
84	21	89	92	
85	16	89	98	103	104	
86	47	94	96	102	103	109	
87	12	93	96	102	107	109	
88	11	101	102	
89	12	95	98	106	
90	18	99	108	
91	42	102	105	109	
92	16	102	103	111	116	
93	44	103	105	109	112	113	
94	23	118	
95	42	102	115	117	
96	11	103	106	110	118	
97	34	99	115	117	
98	18	
99	35	111	116	121	122	125	
100	46	121	125	
101	34	105	108	110	119	122	
102	25	108	112	113	114	123	125	
103	41	114	119	
104	48	111	120	122	124	
105	13	116	123	124	
106	24	116	121	123	126	
107	14	117	118	119	124	131	
108	23	126	
109	27	115	118	128	
110	34	116	118	
111	38	115	116	129	
112	28	125	135	136	
113	37	119	123	126	133	
114	11	123	125	129	
115	16	123	130	135	136	
116	30	119	121	127	128	132	137	
117	45	121	125	127	128	
118	39	119	
119	47	136	
120	41	127	133	141	
121	16	129	137	138	142	143	
122	11	129	141	
123	44	133	134	135	137	139	
124	17	126	140	
125	17	139	143	
126	43	141	143	144	145	
127	12	135	137	142	144	146	147	
128	31	133	136	144	
129	29	137	142	148	
130	25	132	145	146	148	150	
131	29	136	144	146	148	
132	36	139	142	144	148	154	
133	35	154	
134	24	147	148	154	
135	15	145	
136	42	149	
137	11	143	151	
138	15	155	157	
139	43	147	
140	12	155	
141	38	145	152	
142	40	146	154	156	
143	16	
144	46	157	
145	19	156	
146	18	151	
147	27	151	153	
148	12	155	157	
149	31	155	
150	21	
151	21	159	
152	30	
153	41	
154	38	
155	36	
156	14	158	
157	42	
158	24	
159	13	
