node	size	children
0	12	8	10	11	13	17	18	19	21	
1	39	9	13	15	18	19	21	23	
2	11	13	16	
3	17	16	20	
4	25	10	11	19	26	
5	38	7	11	12	13	15	18	23	
6	17	10	12	13	14	15	
7	34	14	32	
8	36	14	21	
9	18	16	25	30	
10	12	14	30	
11	22	21	22	25	33	
12	11	16	32	
13	43	20	22	
14	34	22	29	32	34	35	36	39	
15	49	28	37	
16	48	
17	32	24	30	34	
18	22	21	37	
19	27	21	23	
20	26	22	27	35	38	
21	46	34	
22	45	37	46	
23	12	32	43	46	
24	28	29	30	
25	35	45	
26	38	31	35	36	37	44	
27	34	38	42	45	
28	38	45	47	
29	23	40	42	50	
30	48	34	35	36	53	
31	32	34	37	45	53	
32	33	34	36	38	51	
33	22	38	41	45	
34	44	41	42	48	50	51	
35	28	47	54	
36	44	42	51	54	57	
37	11	52	53	54	58	
38	14	41	47	55	57	
39	45	41	42	52	55	
40	20	42	48	54	
41	21	50	55	62	63	
42	17	62	65	
43	28	59	
44	18	52	58	
45	10	49	52	53	57	62	64	
46	32	48	52	57	58	59	
47	48	53	59	60	62	
48	18	61	63	67	72	
49	31	54	58	72	
50	33	58	60	62	68	71	
51	32	55	73	
52	11	55	59	61	
53	41	56	61	
54	44	60	66	68	
55	19	65	69	70	
56	42	69	70	
57	24	70	74	
58	41	60	61	66	70	72	74	
59	15	68	73	74	75	
60	34	71	72	
61	38	80	
62	38	68	79	83	85	
63	19	77	79	81	84	
64	44	68	70	72	74	76	82	
65	29	77	78	79	
66	35	74	81	
67	38	81	83	86	92	
68	37	87	90	
69	25	81	86	
70	49	79	82	88	94	
71	17	74	
72	35	79	83	87	89	94	
73	35	82	88	
74	27	82	83	95	98	
75	11	89	90	93	
76	23	99	
77	17	83	85	86	88	89	94	
78	27	81	82	86	92	95	
79	35	93	96	97	100	
80	31	83	85	89	
81	36	94	95	99	
82	21	101	
83	41	90	91	
84	10	
85	22	91	
86	25	88	92	94	95	101	
87	20	88	89	97	
88	33	97	99	107	
89	18	96	99	101	106	
90	40	106	108	112	113	
91	18	100	101	103	106	108	112	
92	21	100	113	
93	38	95	103	106	
94	38	95	99	112	
95	45	105	
96	12	108	111	112	118	
97	33	111	118	
98	45	102	107	
99	39	101	104	105	111	118	
100	40	109	115	118	119	120	
101	28	110	115	116	123	
102	34	107	117	119	124	125	
103	34	111	113	123	
104	30	113	119	121	125	
105	28	108	115	119	
106	39	120	122	123	
107	15	120	121	128	
108	43	114	117	119	121	125	
109	39	117	121	125	127	
110	42	127	
111	48	118	127	132	
112	35	120	132	
113	14	116	120	123	
114	39	126	
115	28	121	133	
116	40	124	128	136	
117	22	124	126	129	
118	13	131	132	134	138	
119	47	132	133	137	
120	25	126	128	130	134	
121	36	127	146	
122	32	128	131	139	145	146	
123	15	134	140	144	
124	12	128	129	131	132	134	135	137	141	142	144	
125	48	135	138	144	
126	11	127	135	137	139	143	146	
127	30	140	141	142	148	149	153	
128	45	141	142	150	151	
129	12	135	141	142	
130	35	135	147	
131	42	136	143	148	151	152	
132	30	134	139	140	141	143	148	
133	13	150	151	153	
134	49	142	145	156	
135	25	150	152	156	
136	39	146	158	
137	25	141	149	154	157	159	
138	31	146	149	151	153	
139	44	149	156	159	
140	17	149	153	
141	23	149	150	
142	15	155	
143	46	
144	17	151	156	
145	24	153	
146	33	
147	16	155	157	159	
148	34	156	
149	11	
150	40	
151	21	155	156	
152	47	
153	15	
154	49	
155	31	
156	39	
157	18	
158	37	
159	10	
