node	size	children
0	29	7	12	13	21	23	
1	46	9	10	11	18	19	22	
2	22	6	8	10	11	15	17	24	
3	41	7	8	11	14	15	19	
4	44	7	12	16	24	
5	11	7	11	15	17	21	23	
6	45	
7	34	17	20	26	
8	23	13	14	
9	37	17	21	30	32	
10	49	14	17	28	
11	32	14	21	22	28	
12	41	14	17	19	25	30	
13	10	24	30	34	
14	42	21	24	26	32	34	
15	26	29	31	37	
16	29	33	36	
17	40	20	25	33	37	
18	16	22	24	28	
19	20	20	24	32	33	37	
20	37	27	30	31	
21	16	31	32	36	37	42	
22	38	26	36	39	40	
23	29	30	34	38	41	
24	29	36	38	40	
25	38	27	33	38	
26	30	37	38	39	
27	19	43	
28	43	38	44	49	
29	30	33	35	40	
30	31	34	47	
31	30	
32	19	45	46	48	
33	42	39	47	48	54	55	
34	36	41	
35	44	42	51	53	
36	27	41	49	53	55	56	57	
37	30	42	51	52	57	
38	38	39	41	47	50	55	
39	46	45	52	
40	34	49	50	51	55	57	
41	48	48	
42	19	53	56	61	
43	26	48	51	55	57	62	
44	39	
45	47	52	55	56	57	62	69	70	
46	27	52	
47	49	62	63	
48	12	57	62	66	67	68	
49	33	68	
50	14	58	63	
51	23	56	58	63	66	67	70	
52	48	76	
53	32	59	63	64	68	
54	44	62	63	64	77	
55	36	58	60	64	65	68	71	74	76	
56	34	58	64	65	68	75	76	
57	12	60	61	
58	16	65	82	
59	24	
60	25	65	66	69	80	
61	43	67	83	
62	15	72	75	80	
63	33	67	76	79	
64	23	83	
65	48	80	83	90	
66	11	73	78	85	88	
67	46	80	81	
68	42	
69	45	84	85	
70	45	81	82	87	88	90	
71	15	
72	28	78	79	92	94	
73	46	83	86	
74	47	83	88	95	
75	31	86	89	
76	46	84	85	86	94	
77	33	94	
78	40	92	97	
79	48	
80	12	95	96	101	
81	33	85	96	99	101	103	
82	26	91	95	102	
83	14	88	91	93	
84	30	91	
85	28	94	98	110	
86	20	94	105	107	
87	31	93	98	107	
88	28	93	94	95	107	108	109	
89	10	92	95	105	107	110	
90	45	106	108	109	
91	23	106	110	
92	19	104	
93	32	99	106	114	115	
94	17	105	107	109	111	
95	24	100	111	112	116	
96	27	97	99	107	111	112	
97	46	118	
98	48	105	110	113	116	117	
99	17	111	113	119	
100	37	106	108	119	120	123	
101	10	
102	23	118	121	123	
103	26	104	116	120	123	
104	40	125	127	
105	47	113	116	117	121	122	123	128	
106	36	122	
107	31	111	119	121	127	128	
108	42	113	116	125	
109	36	125	127	130	
110	37	123	124	127	128	
111	41	118	132	136	
112	48	136	
113	18	129	132	
114	21	119	120	121	124	125	126	128	130	136	137	
115	45	118	120	124	126	127	130	132	135	
116	40	118	136	
117	36	125	126	129	132	135	138	
118	32	126	129	131	137	144	
119	28	125	
120	17	126	128	136	137	138	144	
121	31	128	130	132	138	140	141	142	
122	34	124	129	143	
123	22	129	130	
124	42	135	141	149	
125	46	134	135	139	
126	32	131	137	147	148	
127	12	137	146	
128	15	133	141	
129	12	138	144	146	
130	32	132	134	138	139	144	146	147	149	
131	19	151	156	
132	29	146	150	154	156	
133	23	151	154	
134	18	141	142	143	150	
135	32	149	155	
136	30	141	150	151	
137	18	141	
138	26	145	153	157	158	
139	25	145	149	152	
140	33	149	153	155	156	159	
141	26	152	156	
142	32	153	
143	15	148	152	154	156	
144	28	149	153	154	158	
145	22	159	
146	40	159	
147	22	159	
148	38	154	
149	11	
150	37	
151	34	
152	44	
153	45	158	
154	46	158	
155	13	
156	46	
157	48	158	
158	18	
159	10	
