node	size	children
0	26	6	7	10	11	12	14	16	24	
1	16	6	8	9	12	16	17	22	26	
2	38	6	7	8	10	14	19	
3	14	12	13	14	17	18	24	
4	13	10	12	15	16	17	
5	40	7	11	14	17	18	
6	37	14	27	
7	24	19	29	
8	37	19	21	25	
9	22	27	
10	15	13	17	18	19	26	32	33	
11	48	14	17	18	30	
12	24	18	26	
13	30	20	28	29	
14	22	28	29	38	
15	15	23	36	38	
16	49	21	26	30	38	
17	13	23	29	31	
18	47	32	
19	13	22	26	27	
20	15	32	35	38	39	40	41	
21	20	27	28	39	41	
22	49	36	37	39	45	
23	13	36	40	44	
24	33	32	35	36	42	
25	34	34	44	
26	30	28	39	41	42	
27	34	38	46	49	
28	40	36	37	48	49	
29	20	34	37	40	49	
30	48	35	44	
31	21	42	47	
32	41	35	39	40	
33	23	34	35	44	49	
34	17	52	
35	46	45	
36	21	42	43	46	50	
37	15	43	46	51	54	
38	13	44	58	
39	47	45	
40	30	49	54	60	61	63	
41	39	51	59	
42	16	47	51	53	60	61	
43	19	51	52	54	60	61	
44	13	52	54	56	58	62	
45	15	50	53	
46	33	58	60	64	67	
47	38	56	
48	24	64	67	68	
49	35	55	58	68	
50	24	57	66	70	71	
51	17	54	60	61	63	64	68	
52	12	63	67	68	72	76	
53	32	60	64	65	66	
54	46	59	69	79	
55	14	65	67	78	
56	19	64	74	
57	15	63	75	
58	19	59	61	63	71	72	75	
59	44	66	72	78	
60	23	69	77	82	
61	44	80	81	
62	45	78	81	84	85	
63	30	78	84	85	
64	25	71	
65	13	66	74	79	80	
66	30	91	
67	28	80	86	
68	30	88	
69	17	81	84	87	
70	28	73	79	89	
71	42	76	88	91	
72	16	91	
73	40	80	89	95	96	97	
74	10	
75	48	92	
76	12	83	97	
77	27	88	94	
78	27	80	84	
79	12	82	
80	17	86	91	
81	19	87	89	91	95	98	
82	17	87	90	98	
83	26	86	88	89	95	98	104	
84	17	86	99	104	
85	12	92	93	
86	30	
87	41	96	101	102	103	106	109	
88	45	102	
89	21	93	95	105	109	
90	37	93	105	
91	26	96	109	110	
92	26	98	110	117	
93	41	98	109	112	113	118	
94	35	100	109	110	
95	37	105	110	114	115	
96	23	103	105	107	
97	31	107	111	
98	47	119	
99	27	119	121	
100	42	117	123	
101	44	110	122	
102	44	105	117	
103	46	108	110	115	
104	25	112	115	123	
105	35	122	128	
106	31	112	118	121	
107	42	112	115	116	123	126	130	
108	32	113	116	117	118	123	126	129	
109	47	116	117	
110	44	120	128	131	
111	47	112	115	117	129	131	
112	22	122	129	130	
113	22	122	
114	22	131	
115	44	138	
116	38	121	126	
117	28	125	129	136	138	
118	16	124	126	127	129	134	135	
119	11	127	132	137	144	
120	26	132	136	141	144	
121	21	135	141	142	
122	38	130	134	140	142	
123	24	142	
124	26	126	128	130	141	
125	21	134	
126	27	138	139	
127	30	135	141	
128	16	134	
129	25	144	149	150	151	
130	45	133	140	144	
131	32	139	144	145	146	149	
132	32	149	
133	22	142	143	148	
134	12	140	141	142	156	
135	15	140	
136	34	139	140	150	153	
137	37	140	148	150	153	154	
138	45	150	157	
139	19	146	148	151	155	158	159	
140	49	147	151	154	155	159	
141	16	146	148	156	158	
142	29	146	152	155	156	
143	27	
144	24	146	150	153	154	
145	11	152	
146	23	152	153	157	
147	32	153	157	
148	13	153	
149	25	155	156	157	
150	30	152	157	
151	18	
152	36	158	
153	26	
154	14	
155	24	
156	23	
157	22	
158	38	
159	19	
