node	size	children
0	35	10	13	16	17	22	
1	38	9	14	25	
2	36	8	12	15	24	
3	47	7	9	10	12	18	19	23	24	25	
4	25	7	9	11	12	14	19	
5	38	8	10	12	16	18	19	23	
6	40	10	16	25	
7	36	14	23	25	
8	14	13	16	17	21	29	31	
9	21	27	31	32	
10	48	14	30	
11	14	17	20	24	25	31	
12	32	18	30	32	
13	35	23	24	29	30	
14	13	20	26	33	35	
15	40	20	22	30	36	
16	43	23	32	34	
17	33	34	35	
18	34	20	32	34	39	
19	15	24	26	
20	34	28	36	40	44	45	
21	26	37	40	41	
22	40	31	41	
23	34	41	
24	35	28	38	40	
25	45	30	31	34	42	
26	36	37	40	
27	34	37	41	
28	42	36	39	42	43	45	48	50	51	
29	23	42	43	48	51	
30	49	37	45	
31	33	35	39	42	46	48	
32	10	37	41	
33	15	41	48	53	
34	47	55	56	
35	19	
36	48	49	56	
37	32	42	47	51	53	56	57	58	59	
38	18	45	59	
39	20	54	
40	49	47	52	60	
41	44	48	61	63	66	
42	35	51	52	55	63	64	
43	36	52	63	64	65	
44	16	50	51	52	53	56	61	
45	34	46	49	52	
46	15	54	56	
47	48	70	72	
48	24	69	
49	45	71	
50	12	56	63	64	72	73	
51	23	57	70	72	73	
52	29	61	63	
53	42	70	73	78	80	
54	10	62	73	
55	12	68	76	
56	41	61	72	77	
57	49	63	64	67	68	
58	12	70	72	76	79	
59	48	62	65	67	75	
60	30	84	
61	42	70	71	
62	10	70	71	72	
63	20	71	73	85	
64	31	67	68	73	80	
65	20	67	77	79	80	
66	44	68	80	81	
67	24	74	80	90	
68	42	74	77	79	80	81	86	92	
69	11	87	
70	32	79	88	
71	28	
72	27	86	89	91	
73	16	79	84	90	
74	30	83	88	95	97	
75	28	84	86	
76	17	86	
77	33	85	86	99	
78	35	85	96	99	
79	14	84	93	97	
80	29	82	97	
81	36	96	99	
82	19	87	90	96	97	98	101	
83	17	90	96	102	
84	35	91	97	
85	27	
86	19	95	97	100	102	
87	33	102	103	104	
88	19	94	99	100	103	
89	30	96	100	110	
90	37	101	109	
91	40	95	109	110	
92	17	95	103	106	110	
93	23	94	95	107	
94	32	102	
95	45	104	105	107	116	
96	35	102	
97	19	101	104	109	114	
98	44	103	108	117	
99	33	106	
100	15	109	117	120	124	
101	19	113	
102	26	117	118	
103	28	113	
104	29	107	112	117	119	
105	12	111	120	
106	43	115	119	
107	25	112	117	
108	39	112	119	125	
109	43	115	
110	43	120	121	123	124	125	130	
111	42	121	129	
112	42	119	
113	14	120	122	
114	24	123	124	127	130	131	
115	28	120	135	137	
116	29	124	125	126	129	130	
117	18	128	129	136	
118	33	123	124	126	133	
119	49	135	140	
120	38	130	133	134	136	137	142	
121	27	129	132	142	143	
122	37	134	136	140	
123	26	128	137	142	
124	19	125	126	130	138	140	
125	27	131	133	135	141	
126	38	131	138	140	146	149	
127	31	135	
128	30	131	137	147	148	
129	15	132	143	146	
130	37	131	134	139	142	146	148	
131	33	141	144	149	154	
132	26	141	142	149	
133	42	140	153	156	
134	41	141	145	156	
135	12	147	156	
136	29	138	141	151	155	
137	30	150	
138	11	146	157	159	
139	39	147	148	154	157	
140	14	144	148	149	151	154	156	158	
141	30	145	148	150	151	
142	17	144	146	149	153	157	159	
143	37	144	159	
144	10	155	
145	20	154	159	
146	23	156	
147	11	155	157	
148	26	155	
149	47	152	159	
150	32	157	
151	38	
152	13	159	
153	15	
154	22	
155	29	
156	11	
157	39	
158	15	
159	40	
