node	size	children
0	30	7	8	9	10	11	12	17	18	19	
1	22	7	8	9	12	15	18	20	
2	47	7	8	9	11	12	13	15	18	22	24	25	
3	32	7	8	9	12	13	15	18	24	25	
4	39	7	8	11	13	15	16	19	24	
5	13	8	11	12	17	25	
6	42	9	11	16	18	19	
7	44	22	27	28	
8	17	15	19	29	
9	28	25	29	31	
10	49	15	20	25	29	31	
11	33	14	23	
12	27	14	22	26	
13	24	14	22	23	31	
14	17	21	26	36	
15	27	27	36	
16	34	29	36	
17	17	24	31	33	
18	34	26	30	34	35	
19	20	26	
20	42	26	34	
21	38	29	37	38	
22	32	37	
23	19	30	33	37	40	42	
24	21	37	40	
25	22	30	32	39	42	
26	12	37	
27	16	32	35	40	41	42	44	47	50	51	
28	10	33	34	36	42	45	49	
29	11	34	36	50	
30	46	34	38	43	44	46	51	
31	43	35	43	49	
32	18	44	48	53	55	
33	30	43	54	
34	21	45	47	48	50	
35	34	56	
36	45	38	43	45	48	53	
37	43	48	55	
38	36	52	54	59	
39	32	46	51	
40	18	49	51	
41	21	45	50	58	
42	43	45	47	
43	21	47	49	61	
44	21	45	51	59	60	61	
45	20	55	60	62	
46	31	52	57	58	64	
47	18	52	54	55	
48	31	52	53	54	62	63	70	
49	10	54	62	70	
50	44	69	
51	11	55	59	62	70	
52	10	61	71	
53	38	71	76	
54	23	
55	32	59	62	64	71	74	
56	14	67	71	74	
57	46	67	76	
58	21	65	67	71	
59	48	65	75	76	
60	11	68	73	75	79	80	
61	26	66	75	76	79	80	
62	31	67	70	72	79	
63	25	66	82	
64	34	78	
65	24	71	78	86	88	
66	47	72	88	
67	48	85	88	
68	22	85	
69	16	81	87	
70	39	77	83	87	
71	44	87	
72	23	89	
73	37	81	86	90	91	
74	43	84	91	
75	13	87	
76	26	82	87	91	92	
77	20	98	100	
78	46	89	93	
79	45	92	94	97	
80	41	83	
81	39	83	95	97	
82	46	90	97	99	
83	49	
84	40	89	90	104	
85	22	90	92	93	94	97	99	100	103	
86	32	91	96	105	
87	30	93	106	
88	35	89	93	104	
89	30	99	103	106	110	
90	27	99	103	111	
91	14	97	105	110	112	113	
92	17	96	
93	31	96	98	
94	49	96	104	106	108	109	
95	10	103	109	112	114	115	
96	47	102	114	
97	21	104	113	116	119	
98	39	103	105	111	113	
99	36	101	114	116	
100	10	104	115	116	118	
101	22	117	121	
102	49	110	114	
103	33	119	126	
104	22	109	117	119	121	122	
105	16	107	112	113	121	123	
106	13	112	113	121	
107	47	129	
108	33	123	131	
109	19	114	123	124	131	
110	18	116	120	125	128	131	
111	13	125	
112	45	124	
113	11	116	
114	11	123	125	126	138	
115	24	121	122	125	136	138	
116	21	120	126	132	135	
117	26	135	137	
118	42	123	124	126	132	138	139	
119	40	126	132	135	136	138	
120	16	127	134	137	
121	23	132	144	
122	22	
123	20	128	130	132	
124	38	128	141	143	
125	43	128	131	139	142	143	
126	28	131	133	134	142	
127	37	135	146	
128	39	135	139	
129	21	134	136	137	148	
130	10	143	
131	15	138	142	
132	49	138	139	147	149	
133	48	140	143	149	
134	37	140	142	153	
135	24	156	
136	18	148	
137	41	147	150	153	154	
138	30	151	
139	42	140	144	145	148	153	
140	26	147	152	153	154	
141	19	147	158	159	
142	44	148	154	156	157	158	
143	17	149	
144	12	153	
145	40	150	157	
146	47	
147	47	158	
148	14	158	
149	11	154	155	
150	49	159	
151	41	156	157	
152	40	
153	15	
154	10	158	
155	29	159	
156	30	
157	47	
158	42	
159	47	
