node	size	children
0	26	8	10	12	13	
1	13	8	9	10	11	14	18	20	21	24	25	
2	43	8	9	12	19	24	25	
3	49	8	9	11	12	18	
4	45	7	9	10	12	16	24	25	
5	32	8	12	20	26	
6	12	7	9	11	12	14	
7	17	14	18	
8	31	14	18	21	25	29	31	
9	16	15	18	31	32	
10	25	15	23	29	30	
11	19	17	26	30	
12	22	25	26	
13	42	31	
14	20	21	29	30	
15	24	
16	22	32	38	
17	35	32	34	
18	24	28	29	36	
19	15	34	38	
20	10	22	25	28	32	
21	15	27	35	39	
22	11	35	
23	49	28	34	35	
24	20	28	36	42	44	
25	20	30	
26	28	28	29	31	36	43	44	
27	23	33	34	49	
28	33	35	38	39	
29	46	33	34	
30	26	
31	43	37	41	50	
32	12	41	
33	36	44	47	50	52	
34	44	49	50	
35	45	41	50	57	
36	16	43	
37	42	40	44	45	49	51	52	
38	26	44	55	56	
39	21	46	54	60	
40	11	46	48	53	55	61	
41	12	46	51	59	60	
42	26	53	56	61	
43	41	50	
44	48	48	
45	11	56	66	69	
46	29	56	
47	49	52	61	66	
48	23	58	60	61	65	67	69	
49	10	56	68	
50	21	62	63	67	
51	25	60	69	
52	21	73	74	75	
53	42	68	74	
54	16	74	
55	34	69	
56	38	74	
57	29	58	66	
58	33	67	82	
59	41	67	80	82	
60	42	65	72	
61	38	64	65	70	76	77	
62	29	64	65	
63	20	65	66	80	82	
64	46	78	83	87	
65	22	70	
66	13	70	83	84	
67	42	71	
68	15	83	85	
69	33	85	
70	10	79	80	81	84	86	92	
71	28	82	84	87	88	94	
72	18	81	83	85	90	95	
73	49	80	81	83	84	85	90	
74	19	81	85	89	95	
75	37	80	81	83	84	89	
76	14	89	99	100	
77	22	89	97	98	99	
78	21	86	87	89	94	
79	20	87	91	
80	26	87	95	
81	20	90	91	97	101	
82	42	86	87	
83	17	97	104	105	
84	49	91	93	96	102	
85	32	93	94	95	99	103	
86	18	91	102	103	
87	18	96	98	105	107	
88	28	94	103	
89	36	100	
90	33	102	111	
91	35	98	101	102	111	
92	34	98	101	109	111	113	
93	46	103	108	
94	22	102	105	108	
95	34	98	101	106	
96	26	105	114	115	118	119	
97	37	109	114	
98	17	107	115	
99	43	105	106	107	108	111	113	114	116	
100	26	108	111	113	117	
101	12	106	118	
102	20	109	114	115	118	124	125	126	
103	35	115	117	120	125	
104	24	112	113	114	118	122	124	125	
105	10	108	112	122	
106	45	110	112	115	118	119	122	125	126	127	
107	20	113	
108	28	116	117	123	
109	35	121	129	132	
110	20	126	133	
111	12	117	133	
112	45	123	130	134	
113	20	119	
114	11	122	124	126	132	136	
115	28	125	135	139	
116	23	139	
117	20	123	125	131	137	
118	13	121	130	133	
119	32	122	126	
120	34	124	128	131	132	136	
121	20	133	134	137	139	
122	36	130	132	136	140	143	144	
123	44	130	133	134	141	144	
124	18	129	147	
125	37	131	140	141	
126	15	131	138	144	
127	36	130	132	147	
128	42	137	139	143	148	
129	23	141	143	147	148	
130	14	138	151	152	
131	49	135	
132	19	152	
133	45	137	143	
134	33	143	144	145	148	149	153	
135	15	141	145	149	157	
136	23	141	142	145	
137	17	152	155	156	
138	23	145	157	
139	25	142	147	158	159	
140	22	146	148	149	152	153	157	
141	14	148	149	
142	11	153	158	
143	25	152	
144	46	
145	21	148	153	
146	12	155	157	158	
147	15	150	154	
148	43	155	156	
149	24	155	
150	44	155	
151	14	155	
152	16	
153	31	
154	44	156	
155	21	
156	25	
157	24	
158	37	
159	12	
