node	size	children
0	21	6	8	10	11	17	
1	38	10	11	14	16	18	
2	13	7	14	16	17	23	
3	21	6	7	8	10	11	12	14	15	17	
4	38	7	8	9	11	12	17	
5	22	6	7	8	10	12	
6	26	12	15	16	19	21	24	25	
7	12	20	23	27	
8	30	19	20	22	23	24	28	
9	30	24	26	28	30	
10	24	13	24	25	27	28	
11	43	13	14	17	24	25	
12	35	29	
13	43	21	32	
14	33	19	
15	17	33	
16	10	31	35	
17	49	29	31	
18	39	32	35	36	
19	40	27	38	
20	28	36	38	
21	13	27	28	29	43	
22	29	26	29	31	38	39	
23	18	28	35	38	42	43	
24	15	35	36	37	41	42	
25	36	37	40	45	48	
26	19	35	37	42	45	
27	11	44	
28	30	31	39	46	48	
29	29	31	34	39	
30	25	31	36	39	
31	28	41	43	46	48	
32	37	41	42	44	50	
33	14	41	47	
34	25	42	43	
35	14	43	47	
36	48	39	43	46	
37	48	40	52	
38	22	45	46	54	
39	49	54	59	60	
40	17	52	53	54	56	57	
41	38	53	57	
42	21	44	49	51	56	
43	22	45	46	48	52	58	
44	35	53	55	64	
45	18	53	56	64	
46	35	59	60	62	64	66	
47	35	58	63	65	67	
48	38	57	62	63	
49	37	55	64	
50	35	57	60	63	73	
51	22	65	
52	10	
53	14	66	67	71	
54	19	61	68	71	
55	37	59	60	65	66	
56	44	62	64	68	75	
57	15	63	70	75	79	
58	47	66	69	70	73	74	76	77	78	
59	14	65	69	70	77	
60	45	62	69	77	
61	27	63	65	71	74	76	78	
62	17	69	70	
63	17	73	75	83	85	
64	27	71	87	
65	24	71	72	77	
66	28	85	
67	17	71	79	
68	17	69	77	
69	19	80	85	88	
70	41	76	82	86	88	90	
71	46	82	88	89	
72	42	80	85	
73	21	81	89	90	91	
74	39	79	80	89	90	91	92	
75	24	82	84	85	86	
76	21	81	82	92	99	
77	43	81	94	
78	42	93	95	
79	46	81	82	88	90	
80	34	95	97	99	
81	42	93	104	
82	15	92	105	
83	26	88	89	96	99	
84	48	
85	37	90	92	100	103	
86	34	93	
87	12	89	102	
88	37	95	96	100	101	104	107	109	
89	13	96	100	102	109	111	
90	13	96	105	106	109	
91	36	102	103	107	
92	47	98	99	105	110	
93	41	96	99	104	110	
94	10	100	104	106	108	109	113	
95	24	101	102	
96	35	103	105	111	115	
97	40	107	111	112	113	
98	28	106	107	113	
99	19	106	107	114	
100	47	111	114	
101	33	121	
102	35	121	123	
103	12	110	111	115	118	
104	26	115	118	
105	41	109	111	117	118	123	
106	32	114	118	
107	44	116	123	125	127	129	
108	16	119	121	123	125	127	
109	31	
110	39	114	119	120	125	126	128	
111	21	114	116	117	
112	32	116	119	121	122	
113	30	123	133	
114	27	121	129	134	
115	48	129	131	
116	19	119	120	129	132	136	
117	44	122	130	
118	35	119	124	125	
119	19	130	139	
120	12	132	136	144	
121	12	130	
122	42	126	138	140	141	
123	27	132	138	
124	32	128	129	131	132	
125	49	141	147	149	
126	30	
127	32	136	140	150	
128	46	136	137	138	148	150	
129	30	135	138	140	141	145	
130	17	145	
131	17	142	147	153	
132	12	139	140	145	157	
133	12	142	145	146	149	
134	16	152	155	156	
135	21	141	150	
136	34	141	143	149	155	157	
137	12	141	
138	10	
139	24	149	152	155	
140	35	147	151	153	157	159	
141	32	152	159	
142	49	147	151	
143	36	147	149	
144	14	147	149	150	
145	10	158	
146	11	
147	11	151	153	157	
148	33	
149	32	154	159	
150	30	
151	14	
152	13	
153	33	
154	33	
155	43	158	
156	41	
157	31	
158	49	
159	29	
