node	size	children
0	16	6	8	10	12	15	17	
1	25	10	12	15	17	
2	26	6	9	11	14	17	
3	29	7	9	11	12	14	
4	40	6	7	8	12	17	20	
5	25	6	8	10	13	14	15	18	24	
6	46	14	19	21	27	29	32	
7	41	20	27	
8	18	15	16	21	26	30	32	
9	43	17	
10	13	17	19	23	24	
11	12	19	28	
12	48	14	16	23	24	25	31	
13	21	19	20	25	
14	48	21	25	35	
15	10	22	27	38	
16	32	21	24	34	
17	21	26	32	
18	18	26	27	
19	37	40	
20	17	29	36	
21	42	29	31	33	41	
22	32	
23	28	26	44	
24	19	26	33	40	43	
25	16	28	40	44	
26	14	36	38	
27	32	42	
28	49	37	48	49	
29	38	33	39	
30	45	34	38	44	
31	26	39	41	46	
32	37	38	44	46	51	
33	15	43	45	48	50	54	55	
34	30	53	
35	12	40	48	50	51	53	57	
36	35	39	45	47	48	51	58	
37	16	43	57	
38	15	39	40	43	54	
39	25	55	56	58	62	
40	21	
41	39	46	55	59	
42	33	57	60	61	
43	11	56	61	
44	19	49	
45	41	49	
46	26	57	61	67	69	
47	25	54	59	62	
48	44	53	57	59	63	65	66	
49	30	52	58	
50	42	53	56	59	61	63	65	67	
51	10	56	58	65	72	
52	27	61	75	
53	40	65	66	67	69	71	72	79	
54	20	67	75	78	
55	34	65	78	
56	30	59	61	67	68	73	
57	11	62	64	76	
58	19	64	75	76	79	
59	36	70	71	79	
60	47	67	70	
61	23	68	69	79	
62	46	71	77	
63	40	66	80	
64	14	70	74	75	77	78	81	82	
65	41	69	72	76	78	
66	48	73	89	
67	25	73	76	87	
68	36	73	80	83	
69	22	74	79	92	
70	26	81	86	
71	11	78	81	
72	46	87	91	
73	34	80	81	82	83	
74	31	82	84	86	91	
75	32	80	81	82	84	85	93	96	
76	31	85	88	93	98	
77	12	82	84	88	
78	49	87	94	
79	22	89	
80	49	87	92	99	100	101	
81	16	87	89	90	92	96	97	103	
82	32	95	102	
83	22	91	96	99	101	105	
84	40	102	
85	34	93	96	100	
86	48	93	101	
87	27	96	102	107	109	110	
88	26	108	
89	38	96	97	105	106	
90	19	
91	41	98	99	109	
92	24	93	99	102	
93	17	101	104	107	109	110	113	115	116	
94	18	103	104	105	108	110	114	
95	29	104	105	108	109	113	114	117	
96	30	100	104	110	111	
97	30	108	110	112	113	114	116	
98	14	99	105	113	115	116	
99	45	111	112	115	
100	41	112	
101	28	
102	31	108	110	
103	22	111	
104	33	111	117	
105	23	111	
106	22	113	115	120	126	
107	31	114	117	122	127	129	
108	41	112	117	123	
109	17	121	
110	10	
111	44	114	115	117	127	
112	35	119	135	
113	17	130	
114	11	118	135	
115	40	118	120	123	128	129	136	
116	21	132	133	135	
117	44	126	129	133	
118	48	135	
119	31	125	130	
120	28	128	133	141	
121	11	125	129	130	134	137	139	
122	30	136	139	140	142	
123	36	124	130	133	136	138	
124	46	132	137	
125	16	136	
126	45	147	
127	26	137	147	
128	43	134	146	
129	34	131	143	146	
130	14	133	144	145	148	
131	39	142	144	149	
132	26	140	142	147	
133	44	138	146	147	
134	37	139	
135	34	138	139	148	
136	40	140	144	152	155	
137	34	147	154	159	
138	32	
139	35	144	145	148	
140	49	
141	16	146	149	150	152	155	157	
142	45	152	155	159	
143	20	152	153	
144	44	151	153	
145	15	
146	18	150	155	156	
147	39	155	156	
148	11	150	152	
149	41	156	159	
150	42	158	
151	37	
152	25	
153	45	
154	17	159	
155	28	
156	34	
157	26	
158	32	
159	47	
