node	size	children
0	18	7	8	11	14	16	19	20	
1	18	8	11	12	16	17	23	25	26	
2	25	8	9	10	11	16	26	
3	47	7	10	15	16	19	
4	36	8	9	10	16	19	21	24	25	
5	34	8	10	11	20	25	26	
6	15	7	8	9	13	15	18	
7	43	15	18	21	27	
8	26	24	
9	32	14	17	
10	11	15	17	18	19	24	
11	37	14	25	26	
12	37	18	
13	14	28	
14	11	26	28	36	
15	12	28	31	32	
16	37	22	27	
17	31	20	28	30	37	
18	43	29	
19	14	22	23	34	38	
20	39	29	32	33	34	43	
21	49	28	30	35	36	38	
22	16	35	41	43	
23	15	42	44	
24	48	33	40	
25	27	42	44	
26	40	34	37	38	44	
27	46	35	36	38	
28	12	33	42	
29	39	36	45	
30	38	49	
31	15	
32	21	37	45	48	
33	45	41	44	52	
34	38	39	51	
35	22	42	
36	29	39	42	49	53	
37	24	44	52	56	
38	43	40	41	46	
39	25	46	51	54	55	59	
40	44	47	50	54	
41	35	46	47	49	58	
42	25	45	58	62	
43	33	53	60	62	
44	47	46	47	49	59	61	
45	33	51	52	55	65	
46	19	58	65	
47	17	57	66	
48	47	54	55	66	
49	39	52	54	55	59	66	67	68	
50	48	54	59	
51	38	68	
52	23	63	64	67	70	71	72	73	74	
53	24	60	63	68	70	71	72	74	75	
54	20	60	72	74	
55	16	59	60	71	
56	23	60	61	70	
57	27	63	70	75	76	
58	40	71	76	
59	18	68	69	
60	44	69	81	
61	48	65	66	72	77	
62	26	66	76	78	79	
63	36	70	71	79	81	88	
64	15	70	75	80	
65	12	71	81	
66	33	72	79	85	
67	48	73	76	83	86	
68	31	72	78	87	
69	47	
70	34	86	90	91	94	
71	30	83	86	90	
72	22	76	83	87	89	92	93	94	
73	37	80	83	85	
74	40	77	78	90	93	95	
75	13	78	82	93	94	
76	21	85	102	
77	28	89	100	102	
78	36	84	91	93	95	97	
79	38	86	97	99	
80	33	89	
81	40	83	89	93	
82	49	96	103	
83	25	89	96	99	103	
84	16	90	95	96	100	
85	16	98	100	104	
86	22	92	98	99	
87	45	89	90	92	95	97	109	
88	49	91	95	109	
89	22	105	112	115	
90	24	101	103	
91	15	103	109	112	
92	32	101	109	
93	29	101	107	108	
94	17	104	108	112	
95	13	98	99	105	106	108	115	
96	30	108	111	120	123	
97	13	106	115	119	120	
98	32	107	112	114	116	
99	25	
100	22	
101	32	104	116	120	
102	23	103	118	119	
103	41	118	122	128	
104	31	110	113	115	117	118	122	
105	25	124	
106	14	116	
107	39	112	127	130	
108	41	113	117	118	124	127	
109	13	112	130	
110	30	126	129	133	
111	18	133	136	
112	31	119	128	
113	49	121	122	125	126	
114	45	124	125	132	133	
115	12	126	129	133	
116	14	121	129	132	134	
117	23	127	
118	27	124	125	135	136	
119	37	134	137	
120	48	124	137	140	
121	37	125	126	134	138	
122	38	129	
123	24	127	129	132	133	140	
124	42	
125	17	131	138	147	148	
126	33	135	148	
127	20	132	
128	21	132	134	140	146	
129	17	134	137	138	
130	45	138	
131	36	147	149	151	153	
132	23	142	147	150	151	
133	46	139	142	144	147	150	153	155	
134	41	137	143	144	
135	41	140	141	143	
136	33	147	151	
137	47	158	159	
138	45	143	150	151	152	157	
139	35	144	145	148	152	
140	10	151	152	
141	26	145	150	
142	39	144	150	
143	47	
144	39	153	
145	49	
146	48	154	
147	10	151	156	
148	23	157	159	
149	29	158	
150	15	156	
151	24	
152	15	
153	44	159	
154	33	
155	40	
156	23	
157	26	
158	33	
159	17	
