node	size	children
0	23	7	11	17	25	26	
1	20	7	10	13	16	19	21	23	26	
2	35	10	11	12	15	16	18	23	
3	48	7	8	9	10	16	26	
4	13	9	10	13	
5	36	9	12	14	16	19	24	25	
6	40	7	10	14	19	25	
7	16	21	
8	49	
9	27	23	24	30	
10	38	17	20	23	
11	44	17	26	31	32	
12	16	15	19	24	32	
13	43	15	
14	45	21	25	33	34	38	
15	23	22	23	33	34	36	
16	27	27	
17	23	23	25	
18	30	36	
19	24	21	24	
20	26	21	24	36	
21	17	29	41	
22	49	27	36	39	40	41	
23	31	32	39	44	
24	20	32	38	43	
25	16	28	46	
26	12	27	42	43	
27	20	34	37	51	
28	49	34	35	39	50	
29	37	36	39	51	
30	32	44	48	52	
31	32	41	
32	14	48	
33	13	39	42	44	47	50	51	
34	45	41	43	51	58	
35	27	43	48	
36	25	52	53	
37	24	44	45	48	52	
38	20	40	43	44	45	50	
39	33	40	47	48	49	
40	37	55	60	63	
41	23	50	58	60	63	64	
42	20	47	59	61	
43	45	47	52	59	
44	49	47	48	
45	33	52	63	
46	49	51	
47	41	59	62	65	69	
48	33	66	69	
49	16	54	56	59	60	68	71	
50	22	54	57	60	67	69	
51	36	71	
52	23	64	
53	40	67	68	70	72	73	77	
54	47	65	74	76	
55	44	62	64	65	
56	19	60	63	65	69	76	
57	43	73	
58	39	63	64	75	
59	32	70	73	83	
60	19	66	71	80	82	
61	10	75	
62	35	69	70	75	
63	22	68	74	
64	38	67	68	71	73	80	83	
65	29	73	74	75	76	78	
66	18	74	78	87	89	
67	34	74	78	82	85	87	
68	25	
69	40	76	81	88	
70	37	72	78	81	82	89	
71	23	75	76	79	82	89	
72	32	80	
73	30	79	81	91	95	97	
74	23	83	85	87	97	
75	43	79	80	83	86	87	91	94	
76	35	87	90	91	94	97	
77	40	80	86	93	97	
78	29	85	90	97	98	
79	11	100	
80	39	89	99	101	
81	24	89	92	
82	20	84	98	
83	38	86	98	
84	12	101	
85	40	109	
86	35	91	96	97	104	107	
87	17	101	103	107	
88	28	92	101	108	
89	24	91	93	101	104	106	108	
90	44	93	98	105	
91	38	102	110	115	116	
92	42	99	104	107	
93	48	107	
94	49	
95	38	99	100	111	
96	23	98	111	114	
97	22	99	100	111	
98	26	113	118	122	123	
99	27	105	117	119	123	
100	49	108	113	115	
101	17	107	111	114	
102	31	105	114	118	122	
103	27	112	
104	46	112	118	122	
105	28	110	111	112	118	
106	14	110	112	130	
107	34	110	118	130	
108	42	124	129	
109	18	118	
110	47	122	124	128	
111	43	119	121	122	129	133	136	
112	22	131	133	135	
113	32	117	
114	12	120	124	127	135	
115	17	134	135	136	
116	36	119	134	
117	22	133	134	136	
118	28	125	126	127	128	
119	45	125	126	128	143	
120	22	129	137	
121	18	128	136	
122	47	124	126	128	
123	43	125	137	141	
124	39	136	137	141	
125	11	132	137	141	142	
126	36	134	135	139	141	
127	42	132	
128	47	132	134	145	146	
129	32	134	135	143	144	145	146	148	
130	28	132	142	
131	28	142	145	146	153	154	
132	42	140	143	146	
133	44	140	153	
134	23	138	143	149	153	155	156	
135	25	151	156	
136	20	143	
137	45	162	
138	33	
139	35	147	153	
140	16	149	150	151	157	159	161	
141	32	146	155	160	
142	46	149	158	160	
143	39	149	150	162	
144	36	157	158	162	165	
145	30	158	160	168	169	
146	16	150	
147	17	165	
148	34	162	163	165	
149	37	152	157	159	163	166	168	169	
150	11	163	164	166	
151	33	159	168	
152	26	159	167	
153	25	
154	12	158	162	163	165	
155	32	159	167	
156	15	158	165	166	
157	27	164	
158	15	163	166	
159	44	166	169	
160	46	169	
161	33	168	
162	12	168	169	
163	42	
164	11	
165	32	
166	43	
167	45	
168	47	
169	11	
