node	size	children
0	39	6	7	9	13	14	16	19	24	
1	35	6	7	9	11	12	13	22	25	
2	11	7	12	15	25	
3	31	6	9	10	13	15	16	17	22	24	
4	11	7	9	11	12	14	
5	31	6	7	8	9	11	13	16	18	19	23	
6	19	23	32	
7	47	18	20	25	28	
8	34	
9	44	20	28	
10	28	14	
11	21	21	27	
12	22	14	23	25	
13	37	22	24	39	
14	39	36	39	
15	13	28	
16	29	23	30	31	34	
17	20	24	25	28	33	37	
18	21	20	23	29	
19	19	20	26	28	29	35	
20	14	38	
21	11	30	
22	38	28	43	44	
23	17	32	
24	41	30	32	34	39	40	
25	44	32	41	
26	48	32	43	
27	43	36	
28	14	36	44	
29	49	46	
30	48	40	44	45	
31	15	48	49	
32	39	37	43	
33	41	42	50	54	
34	37	42	
35	28	51	
36	41	40	50	52	
37	42	48	56	
38	28	43	44	46	48	50	55	
39	46	42	46	48	
40	32	51	53	55	
41	27	49	52	
42	33	47	58	62	
43	10	47	50	53	54	55	56	59	63	64	
44	42	49	52	55	59	60	64	
45	16	48	52	53	63	64	
46	24	54	69	70	
47	20	52	53	55	56	63	68	69	
48	34	60	63	66	69	
49	39	70	
50	33	54	57	64	66	
51	16	60	62	63	67	
52	23	64	71	72	77	
53	10	61	65	69	77	
54	20	61	72	
55	29	61	71	
56	11	62	65	
57	49	58	61	62	65	77	
58	16	69	72	78	
59	39	69	
60	13	66	70	
61	21	65	66	71	75	
62	45	74	75	80	
63	17	80	
64	11	66	70	74	83	
65	18	71	77	78	87	
66	34	73	77	82	89	
67	39	89	90	
68	42	78	81	84	
69	38	73	76	78	80	81	85	86	88	
70	49	73	75	78	80	86	88	
71	19	81	87	
72	45	78	81	82	91	
73	11	82	87	90	92	
74	38	79	80	86	
75	44	82	85	
76	21	82	83	85	91	
77	38	91	93	
78	15	95	
79	16	100	103	
80	34	84	88	96	
81	11	84	88	98	
82	26	87	90	94	95	103	
83	17	95	96	99	
84	40	94	101	102	104	105	
85	38	92	94	95	99	101	102	104	107	109	
86	31	91	106	
87	17	99	104	
88	12	98	
89	24	108	
90	34	97	98	108	
91	39	105	107	110	112	
92	18	98	99	106	107	108	111	113	
93	17	100	108	113	
94	42	107	108	114	
95	22	97	104	105	111	112	
96	37	101	103	
97	47	105	107	109	117	119	
98	36	105	106	113	119	
99	46	118	
100	38	106	110	111	115	120	
101	47	111	112	
102	47	121	
103	15	105	
104	14	110	
105	29	111	128	
106	20	118	119	125	
107	48	113	121	129	
108	21	110	113	115	117	120	125	
109	30	110	115	117	120	123	126	128	
110	32	116	117	125	
111	45	116	119	121	125	133	134	
112	36	124	132	
113	45	122	128	
114	17	120	121	127	132	
115	48	121	124	125	
116	38	132	137	139	
117	44	139	
118	23	126	129	131	
119	34	124	126	
120	23	127	128	135	
121	43	125	133	134	136	
122	43	132	137	
123	18	135	138	140	146	
124	49	130	136	141	143	147	
125	17	140	
126	40	142	
127	35	144	147	
128	37	137	147	
129	11	134	146	
130	11	137	138	143	147	149	151	
131	16	
132	11	151	
133	35	141	146	154	
134	17	139	143	144	
135	33	141	144	146	147	149	150	151	
136	32	156	
137	37	148	152	153	156	158	
138	36	142	
139	24	143	145	148	154	
140	36	
141	45	149	153	155	158	
142	29	158	160	162	163	
143	26	
144	23	159	160	
145	26	150	155	157	159	162	165	
146	45	148	151	166	
147	46	152	155	157	164	
148	33	169	
149	27	155	156	158	169	
150	28	157	162	163	169	
151	22	
152	44	155	158	168	
153	39	160	168	
154	21	157	160	161	
155	44	161	167	169	
156	48	163	167	
157	49	161	
158	47	161	162	
159	33	168	
160	46	162	
161	34	168	
162	26	169	
163	36	
164	35	
165	45	
166	39	
167	35	
168	29	
169	23	
