node	size	children
0	38	7	10	12	13	14	16	
1	49	6	7	8	10	11	14	18	
2	49	6	8	9	17	20	24	
3	24	8	11	15	20	23	24	
4	33	6	10	12	13	16	
5	45	8	12	13	24	
6	16	19	31	
7	47	19	28	29	
8	17	17	21	28	
9	29	24	30	
10	44	16	17	
11	36	16	
12	30	29	30	31	37	
13	11	27	
14	12	24	34	35	
15	25	26	30	32	
16	38	22	24	32	
17	24	21	25	26	30	
18	35	23	29	37	38	
19	22	26	39	
20	41	28	
21	37	31	38	42	44	
22	18	29	30	31	32	36	42	44	
23	33	30	31	33	34	36	37	38	43	
24	43	31	33	37	
25	42	34	39	
26	48	34	36	42	43	52	
27	26	32	43	44	45	
28	29	44	46	
29	34	32	33	35	38	45	47	
30	32	34	35	36	45	52	
31	18	36	44	46	48	52	
32	20	40	41	43	49	54	
33	31	45	46	48	49	50	59	
34	45	46	47	49	53	58	
35	11	43	51	53	57	
36	39	45	53	58	
37	22	40	42	51	57	
38	41	59	
39	45	48	53	54	60	
40	20	47	48	49	51	61	
41	39	48	49	60	
42	13	46	53	56	59	
43	38	58	
44	31	49	54	55	59	63	64	
45	12	
46	39	61	64	
47	15	57	61	71	
48	44	56	59	62	69	71	
49	37	60	66	
50	28	53	57	66	
51	17	60	72	
52	29	59	61	64	66	70	
53	21	61	64	70	71	76	78	
54	13	63	76	
55	29	64	68	
56	48	70	75	
57	14	63	69	70	
58	31	60	65	71	76	
59	11	69	76	
60	45	70	75	81	85	
61	43	67	81	84	
62	13	69	
63	48	
64	15	66	84	86	
65	48	67	75	
66	12	75	78	81	83	
67	31	74	
68	20	89	
69	43	73	74	77	90	
70	26	79	81	
71	49	76	79	81	88	
72	29	75	
73	44	85	95	
74	14	80	85	92	
75	14	82	86	
76	10	87	92	98	
77	38	81	
78	17	84	85	90	94	97	
79	14	93	95	
80	27	87	94	98	
81	19	93	98	
82	12	87	91	96	97	98	102	
83	30	87	90	91	103	
84	29	87	91	99	
85	13	87	90	91	100	102	103	
86	19	99	100	104	
87	34	93	94	97	108	110	
88	44	97	98	102	104	106	111	112	
89	49	101	103	104	
90	31	101	107	
91	16	97	101	103	104	
92	41	100	103	105	
93	20	101	113	114	
94	30	108	111	115	
95	25	105	108	114	
96	12	100	107	111	113	117	
97	48	102	103	113	117	
98	13	102	104	105	109	110	117	
99	22	100	101	105	118	
100	44	109	110	112	114	119	
101	13	110	120	121	125	126	
102	43	113	121	
103	46	108	113	114	115	
104	13	108	118	
105	40	110	116	118	
106	38	107	110	111	
107	17	126	128	
108	37	128	132	
109	35	116	117	118	132	
110	22	117	120	121	123	124	127	
111	15	116	122	125	126	
112	45	120	130	
113	31	118	124	
114	35	120	121	122	123	126	138	
115	28	120	126	131	132	138	
116	36	
117	33	128	129	132	134	
118	29	127	128	131	133	139	
119	39	121	135	
120	45	134	
121	15	134	138	
122	22	132	133	
123	32	128	
124	24	137	145	
125	17	134	135	137	139	
126	12	136	
127	20	138	141	142	144	145	146	
128	44	147	
129	16	133	137	139	142	
130	11	139	140	143	146	
131	11	143	150	
132	37	134	139	143	147	151	
133	19	140	147	155	
134	49	140	145	146	
135	32	141	143	151	154	
136	13	142	147	155	157	
137	22	145	154	156	
138	43	145	151	152	155	
139	24	145	146	153	155	157	
140	38	159	164	
141	32	148	154	159	163	164	165	
142	22	150	154	156	160	161	
143	34	156	159	163	
144	40	154	155	163	
145	11	149	161	162	
146	26	158	167	
147	18	164	165	
148	12	155	158	160	169	
149	16	
150	14	154	
151	19	159	167	
152	47	
153	19	166	169	
154	36	159	160	166	169	
155	45	161	164	
156	42	161	164	
157	26	169	
158	47	166	
159	45	
160	22	168	
161	28	169	
162	10	
163	49	
164	46	
165	40	
166	24	
167	36	
168	14	
169	34	
