node	size	children
0	49	7	9	14	15	17	18	22	
1	10	9	12	18	19	25	
2	38	6	9	11	13	15	17	18	21	
3	38	10	11	13	17	19	
4	35	6	10	12	13	14	17	20	21	25	
5	18	7	8	10	14	17	18	
6	48	14	16	22	24	27	31	
7	18	13	15	
8	13	19	31	
9	40	19	22	26	
10	44	12	19	22	23	31	
11	19	12	13	19	22	24	26	27	28	
12	49	27	
13	44	21	
14	23	24	29	
15	43	
16	17	20	21	29	
17	25	33	
18	40	20	24	25	28	35	37	
19	25	28	31	34	35	
20	35	26	27	35	36	39	45	
21	49	39	43	
22	28	30	34	38	
23	25	29	33	34	41	45	
24	40	37	
25	31	31	45	
26	41	33	44	
27	27	32	36	40	47	49	51	
28	49	35	36	40	45	
29	28	
30	10	33	34	45	50	
31	42	33	37	41	43	46	52	
32	21	49	51	
33	36	41	42	46	50	58	
34	27	39	42	59	
35	27	39	42	54	
36	42	39	44	46	56	
37	31	43	44	59	
38	26	42	44	48	55	59	
39	46	46	55	62	
40	11	49	55	
41	32	
42	35	51	52	58	61	
43	20	48	
44	30	49	54	55	
45	15	49	54	56	60	61	
46	32	54	64	69	72	
47	28	57	59	64	65	71	
48	46	64	70	
49	19	55	63	
50	38	53	56	59	63	
51	10	54	63	68	
52	24	66	
53	11	67	70	
54	11	67	69	76	
55	33	63	66	78	
56	30	72	76	78	
57	32	71	73	74	
58	22	70	76	
59	21	65	
60	14	71	75	79	83	
61	13	71	75	81	
62	26	75	81	83	
63	43	76	80	85	
64	23	77	79	
65	26	66	82	
66	13	83	85	89	90	91	
67	38	76	80	88	
68	24	84	86	89	
69	28	78	81	86	
70	28	86	87	90	
71	18	77	80	85	
72	16	79	85	87	90	
73	37	85	92	
74	24	80	92	95	
75	23	80	
76	45	88	91	92	96	
77	47	84	87	91	95	
78	16	81	86	95	
79	21	91	102	104	
80	33	91	100	101	103	
81	16	91	94	95	
82	28	95	
83	47	96	100	
84	37	87	93	
85	11	87	88	90	104	
86	41	96	99	102	105	109	
87	26	97	
88	21	
89	21	107	111	
90	42	95	98	107	109	
91	45	94	98	102	111	
92	17	94	105	109	
93	27	104	111	115	
94	25	101	111	112	
95	10	103	104	106	113	114	115	
96	11	103	105	112	117	
97	22	100	109	110	112	115	117	
98	11	112	116	
99	37	107	108	113	118	
100	45	105	111	118	122	124	
101	14	105	116	125	
102	22	115	
103	16	116	119	
104	27	115	117	120	121	
105	21	112	129	132	
106	43	124	128	
107	39	116	126	
108	36	113	115	116	126	129	132	
109	40	118	121	130	131	
110	19	118	121	123	127	130	
111	21	123	130	
112	32	123	124	136	139	
113	31	125	
114	48	126	131	135	138	
115	31	119	126	130	134	
116	39	123	
117	39	130	131	132	133	134	
118	31	122	128	131	135	
119	37	126	127	136	137	
120	29	137	138	
121	27	
122	15	129	143	
123	31	132	136	138	142	145	
124	12	128	129	138	
125	48	129	131	133	
126	49	137	
127	20	
128	24	138	139	144	145	
129	46	141	142	145	147	
130	21	143	144	145	151	
131	36	133	136	141	146	
132	39	133	140	148	
133	44	
134	45	152	
135	15	142	143	145	146	156	158	
136	36	143	144	156	
137	34	145	148	150	
138	18	148	150	152	155	
139	33	143	150	
140	22	147	152	154	155	162	
141	32	152	154	160	163	165	
142	48	151	163	164	
143	14	147	150	157	
144	40	146	149	151	153	154	
145	34	147	148	161	162	
146	11	156	158	165	
147	46	156	157	158	161	
148	38	157	158	160	161	165	168	
149	39	159	
150	27	155	
151	42	156	166	167	
152	45	166	167	
153	21	165	166	
154	24	159	161	
155	22	
156	23	162	168	
157	41	169	
158	44	161	167	169	
159	43	168	
160	38	168	
161	14	
162	47	166	167	168	
163	16	166	169	
164	33	168	
165	17	166	169	
166	12	
167	17	
168	45	
169	26	
