node	size	children
0	20	7	9	14	18	19	
1	49	9	10	15	18	
2	10	9	11	12	17	20	25	
3	42	11	12	13	
4	27	8	9	11	12	13	15	17	18	19	
5	49	12	15	17	19	20	
6	40	14	17	
7	18	16	26	
8	24	14	
9	30	15	23	26	28	29	
10	19	15	31	
11	44	14	16	19	20	25	
12	10	14	17	28	
13	30	14	28	
14	15	22	30	
15	22	25	29	37	
16	24	31	
17	31	20	21	
18	47	20	24	27	28	31	32	
19	32	29	37	
20	36	31	39	
21	30	41	42	45	
22	22	30	37	38	45	
23	14	41	
24	43	39	44	
25	41	30	42	
26	48	32	
27	49	35	36	48	49	
28	23	37	48	49	
29	16	33	42	48	
30	28	32	34	47	
31	42	39	41	42	43	44	51	
32	16	
33	37	49	50	58	
34	10	45	49	50	56	57	
35	12	42	44	47	50	52	
36	48	43	52	57	
37	42	40	42	44	50	52	
38	32	48	50	
39	20	49	62	
40	14	47	52	
41	46	60	
42	13	50	60	
43	42	49	53	
44	26	52	54	55	
45	17	46	
46	23	54	57	59	61	65	
47	19	57	63	69	
48	33	60	62	67	
49	39	60	61	62	69	70	71	
50	23	57	61	64	65	67	69	
51	13	61	65	68	
52	37	59	63	65	66	70	
53	12	62	63	64	73	75	
54	30	61	63	64	67	78	
55	15	76	78	
56	41	70	73	76	
57	20	70	71	
58	38	62	72	74	
59	23	65	67	74	76	77	85	
60	12	73	74	76	
61	28	74	76	83	84	
62	27	67	69	80	85	
63	35	78	83	85	
64	31	74	77	
65	18	80	81	86	88	
66	37	73	86	90	
67	39	78	81	
68	11	79	86	
69	27	73	76	
70	29	73	75	78	80	86	
71	47	80	86	87	89	
72	37	90	92	
73	46	83	95	97	
74	25	83	93	96	
75	49	
76	29	82	86	87	
77	32	80	82	85	88	
78	38	80	83	92	95	
79	17	88	94	98	103	
80	25	91	99	104	
81	44	90	93	97	103	
82	26	87	89	90	95	102	103	
83	26	96	99	104	
84	15	96	
85	17	92	100	
86	40	94	95	97	102	106	
87	42	94	97	99	101	
88	21	96	104	
89	22	108	
90	11	95	97	108	
91	12	93	94	99	101	104	105	
92	23	101	110	114	115	
93	23	104	107	110	115	
94	44	110	112	113	115	
95	47	102	107	118	
96	12	98	102	103	118	
97	40	103	107	118	
98	38	114	
99	20	107	108	113	114	
100	45	110	112	113	115	120	
101	20	111	112	117	120	122	
102	10	109	110	113	119	120	
103	27	108	110	120	
104	43	116	119	
105	42	116	121	123	
106	35	
107	44	126	
108	30	112	114	115	118	
109	49	118	123	125	
110	45	127	131	
111	38	112	122	129	
112	21	123	124	132	134	137	
113	40	135	
114	36	119	129	
115	42	123	128	129	130	131	135	
116	39	123	128	130	132	133	
117	30	120	130	131	134	
118	16	120	
119	42	130	131	133	
120	32	129	130	134	142	
121	34	131	137	139	
122	13	127	128	139	143	
123	26	128	135	141	
124	17	137	
125	45	140	
126	10	134	138	145	
127	34	
128	31	133	142	149	
129	29	133	136	142	144	
130	42	137	
131	23	134	138	142	
132	40	143	147	151	157	
133	13	140	145	149	151	152	
134	45	140	143	152	153	155	
135	14	142	143	149	152	155	
136	36	149	155	
137	46	144	151	153	155	
138	28	150	152	155	158	
139	46	144	148	149	150	157	161	
140	45	146	147	161	162	163	
141	26	144	150	156	158	
142	29	148	153	158	163	
143	41	145	147	148	158	
144	19	157	
145	33	153	156	158	
146	23	157	165	166	168	
147	49	153	157	
148	13	155	156	160	167	
149	49	154	157	168	
150	42	152	159	
151	48	161	163	165	169	
152	24	160	163	167	168	
153	19	160	161	
154	17	169	
155	46	161	
156	29	163	166	
157	19	158	167	
158	33	164	
159	32	164	166	
160	28	166	
161	10	
162	41	164	
163	46	
164	24	
165	36	
166	19	
167	42	
168	32	
169	19	
