node	size	children
0	27	7	10	12	13	16	17	18	19	
1	38	12	17	23	25	
2	11	8	11	15	16	
3	46	9	10	15	16	22	
4	32	16	17	18	19	22	24	
5	29	9	11	15	19	26	
6	26	7	8	11	12	13	14	15	17	19	
7	29	18	19	21	25	27	29	30	
8	24	18	29	
9	22	18	30	
10	37	14	20	22	30	
11	29	25	28	32	
12	24	14	26	28	31	
13	34	14	15	22	25	26	
14	11	21	28	34	37	38	
15	48	21	23	25	29	31	34	
16	23	20	23	24	34	35	
17	26	26	31	34	35	
18	36	21	23	27	29	34	36	
19	36	21	27	28	31	32	
20	32	27	30	32	41	45	46	
21	41	35	42	
22	48	28	29	31	39	42	
23	18	39	42	46	
24	43	33	
25	27	36	37	
26	41	28	29	30	35	38	
27	43	36	37	39	43	46	47	50	51	52	
28	16	36	39	41	45	47	52	
29	27	33	36	41	46	50	52	
30	25	48	49	51	
31	48	41	49	
32	38	
33	27	48	56	
34	38	48	50	51	53	
35	18	48	49	56	
36	44	42	45	46	47	48	
37	32	52	
38	43	40	44	49	56	
39	47	41	
40	34	63	
41	32	47	49	56	58	63	
42	17	47	52	
43	11	54	58	65	
44	22	
45	33	57	
46	25	50	54	57	63	
47	45	57	70	
48	18	57	69	71	
49	16	53	63	66	69	
50	22	56	70	
51	15	57	58	61	70	
52	16	55	59	71	
53	23	61	63	67	68	
54	12	60	64	71	
55	27	59	61	64	
56	49	61	69	
57	17	61	70	73	
58	43	62	69	70	
59	38	81	
60	46	68	71	
61	45	69	81	82	
62	42	71	82	
63	25	66	74	77	82	
64	46	78	82	
65	22	66	67	72	
66	30	72	89	
67	36	75	76	82	
68	33	83	84	85	88	
69	38	74	79	84	88	89	
70	35	79	80	84	
71	26	81	84	86	87	88	89	
72	26	92	
73	47	85	
74	28	83	89	
75	14	80	81	86	90	
76	27	85	90	95	
77	47	85	96	
78	41	93	94	102	
79	18	84	88	96	
80	32	91	
81	40	85	87	90	91	97	
82	18	90	92	99	102	
83	30	86	93	98	99	102	
84	20	99	103	106	109	
85	14	95	109	
86	34	91	94	95	103	
87	31	92	96	100	101	104	
88	41	98	105	
89	25	102	103	105	106	107	109	
90	14	99	110	
91	17	99	103	105	115	
92	33	98	110	
93	22	98	100	
94	28	101	108	109	111	
95	22	101	108	110	
96	13	100	107	113	
97	15	111	121	
98	11	113	119	120	
99	39	106	107	108	113	114	118	120	
100	32	118	
101	13	105	107	109	115	121	
102	22	105	117	119	
103	13	116	123	127	
104	30	116	
105	29	113	
106	44	112	118	126	
107	48	111	117	119	124	
108	43	110	116	121	124	125	
109	31	110	113	124	126	
110	29	117	130	133	
111	46	126	130	
112	34	118	130	
113	45	122	133	
114	16	122	127	
115	18	126	131	
116	30	122	
117	12	133	139	
118	31	136	
119	17	130	131	
120	18	124	129	134	
121	18	122	128	131	
122	49	138	
123	21	139	140	
124	36	135	136	137	
125	40	132	138	141	
126	38	129	
127	34	131	133	136	140	143	
128	12	139	140	144	145	146	
129	23	135	139	140	147	
130	33	137	140	146	
131	37	134	142	150	
132	40	137	144	147	150	
133	41	147	148	
134	23	142	147	152	156	
135	19	143	148	157	
136	49	144	149	
137	20	150	152	
138	45	147	151	152	158	
139	41	151	152	153	154	
140	39	
141	33	150	153	
142	15	148	149	150	156	
143	27	154	
144	44	150	153	154	159	160	
145	30	148	152	154	160	
146	47	148	149	160	164	
147	49	
148	31	159	161	
149	27	157	161	
150	17	155	157	159	161	163	166	168	
151	24	153	155	
152	45	158	159	162	167	169	
153	30	161	163	169	
154	23	163	
155	17	
156	16	163	165	167	169	
157	32	162	169	
158	25	162	166	
159	40	165	166	
160	24	
161	19	
162	23	166	
163	12	
164	35	
165	10	
166	44	
167	15	
168	12	
169	40	
