node	size	children
0	36	9	10	14	15	19	20	21	
1	19	7	8	9	13	14	17	22	27	
2	24	8	9	11	14	15	16	23	24	
3	25	7	9	11	18	21	
4	48	9	12	16	
5	23	11	16	17	24	25	
6	16	11	15	17	18	24	
7	17	31	33	
8	46	18	
9	26	20	
10	28	17	24	
11	19	17	24	28	
12	27	17	18	26	31	
13	24	30	31	
14	47	37	
15	21	27	33	39	
16	40	26	28	35	
17	45	22	30	
18	42	25	32	38	
19	48	24	25	27	32	37	
20	35	25	28	39	
21	48	31	
22	48	37	45	
23	26	32	37	40	45	
24	44	31	40	43	44	
25	39	33	43	
26	15	28	38	43	44	
27	34	29	32	41	
28	30	
29	22	34	36	38	40	42	45	48	
30	47	34	36	38	
31	20	38	51	
32	40	43	47	50	
33	16	36	42	44	
34	14	41	52	56	57	
35	32	48	
36	14	46	47	52	
37	17	47	54	
38	14	51	
39	10	40	44	45	49	50	52	53	
40	30	
41	11	57	63	
42	25	52	58	63	
43	30	46	51	63	
44	21	46	51	53	57	63	
45	15	46	47	54	57	60	
46	19	62	63	64	
47	38	55	67	
48	26	55	59	61	62	65	67	
49	40	52	56	64	69	
50	33	63	70	71	
51	20	62	71	
52	16	65	72	
53	39	61	67	68	76	
54	10	60	64	65	66	
55	29	60	
56	17	65	69	71	74	
57	22	64	77	
58	39	60	64	65	69	71	
59	18	69	70	77	79	81	
60	49	69	71	77	79	
61	29	68	71	75	
62	22	69	78	
63	19	67	72	74	
64	44	67	74	
65	42	67	
66	19	72	75	84	89	
67	12	75	78	82	85	87	88	
68	28	72	82	83	84	85	
69	35	73	79	87	
70	15	82	
71	45	72	88	
72	49	78	84	85	
73	29	80	93	95	
74	47	80	81	88	89	90	92	93	
75	16	80	83	90	93	95	
76	14	79	91	93	94	95	
77	33	79	80	82	96	
78	32	84	87	90	91	99	
79	16	87	97	100	102	
80	33	90	95	98	100	101	
81	47	86	94	98	103	
82	21	88	97	99	100	
83	21	86	101	
84	38	97	101	103	
85	16	94	98	101	
86	13	102	
87	24	95	96	97	103	
88	21	91	97	103	104	108	109	
89	13	100	
90	48	100	101	102	104	107	
91	33	100	102	107	
92	43	106	108	112	116	
93	12	101	103	108	111	112	113	
94	49	104	105	114	115	
95	47	99	104	105	115	
96	40	102	111	115	
97	15	106	109	
98	36	108	111	116	
99	34	113	122	
100	39	
101	29	104	119	
102	45	113	114	119	121	
103	19	113	116	117	120	122	
104	36	114	129	
105	37	113	117	123	124	
106	49	121	125	127	
107	42	111	117	120	127	129	
108	36	110	120	
109	42	114	118	125	
110	13	120	128	
111	38	120	
112	14	
113	29	121	126	135	
114	27	132	
115	22	119	121	125	126	130	135	
116	14	120	127	135	
117	44	131	135	137	
118	28	137	
119	47	126	129	132	136	139	140	
120	30	129	130	141	
121	15	127	131	132	134	140	142	
122	40	134	137	140	
123	21	131	146	
124	24	130	146	147	
125	30	133	134	135	138	147	
126	46	135	142	
127	11	138	
128	42	130	136	143	
129	40	131	140	141	
130	36	139	141	144	
131	20	138	143	147	149	152	154	
132	40	138	139	144	146	
133	40	136	146	148	149	150	154	
134	36	136	141	
135	25	137	138	
136	44	144	157	
137	21	145	147	150	155	158	
138	16	145	146	155	
139	25	151	156	158	
140	15	147	154	
141	13	151	153	154	159	
142	21	
143	31	160	161	162	
144	20	154	157	
145	49	158	167	
146	27	149	
147	37	160	165	166	
148	26	160	165	
149	36	157	159	160	169	
150	29	166	
151	23	162	163	
152	11	163	167	
153	41	159	163	168	
154	17	156	161	163	164	
155	21	162	165	
156	10	165	167	
157	35	166	167	
158	35	165	167	168	
159	38	168	
160	49	166	167	
161	23	165	169	
162	16	169	
163	35	169	
164	48	
165	16	169	
166	18	
167	21	
168	45	
169	17	
