node	size	children
0	20	13	14	16	24	
1	16	9	11	14	16	21	
2	34	11	12	16	17	
3	41	6	8	9	11	12	18	
4	45	6	11	12	13	14	22	
5	31	7	10	11	12	15	
6	20	15	22	28	29	
7	43	25	27	29	30	
8	45	16	30	
9	32	14	17	30	
10	23	14	22	28	
11	36	
12	28	22	31	32	
13	35	20	24	34	
14	17	20	22	23	27	31	32	35	
15	15	
16	28	19	20	33	
17	39	25	26	31	33	
18	38	24	29	36	
19	39	30	31	
20	16	35	36	40	42	
21	24	27	
22	22	35	37	40	
23	10	27	32	34	37	40	
24	20	29	34	
25	16	44	
26	27	32	38	39	
27	11	35	43	47	
28	30	45	48	
29	19	31	36	41	
30	45	35	42	44	45	46	47	
31	28	42	49	
32	25	42	54	
33	15	40	43	
34	19	46	49	
35	10	46	
36	23	38	45	53	
37	11	45	
38	13	48	56	
39	37	52	56	
40	40	43	44	50	55	
41	39	54	55	58	
42	38	46	48	50	
43	38	51	54	59	66	
44	23	52	55	56	60	61	66	
45	12	52	58	66	68	
46	13	51	56	58	59	64	
47	27	49	52	53	60	66	
48	36	49	50	55	63	64	67	
49	15	62	63	74	
50	47	56	58	60	61	62	
51	45	55	59	60	65	68	71	
52	35	59	69	
53	21	60	63	66	69	74	
54	46	57	63	73	
55	35	63	68	71	
56	22	68	71	72	
57	39	65	71	74	77	80	
58	36	66	69	70	75	
59	33	63	77	80	
60	24	62	64	77	81	
61	20	69	72	
62	22	79	80	
63	36	77	
64	22	70	74	79	80	83	84	
65	26	79	82	
66	25	
67	18	72	82	85	
68	27	72	73	74	85	86	87	
69	20	79	
70	12	75	79	82	88	91	92	
71	39	78	87	91	94	
72	30	83	88	94	
73	34	76	86	88	90	93	
74	33	83	84	87	88	92	
75	27	82	
76	13	82	85	90	95	99	100	
77	32	85	86	99	
78	17	83	85	96	
79	23	83	
80	22	86	89	
81	22	82	86	90	97	
82	27	100	105	
83	26	98	
84	39	90	91	93	102	105	
85	36	89	90	91	108	
86	49	89	96	
87	33	106	108	
88	16	89	97	
89	35	97	100	106	112	113	
90	13	114	
91	30	101	104	106	109	113	114	115	
92	19	96	114	
93	23	103	105	114	
94	37	96	103	112	
95	38	106	112	116	
96	36	102	107	110	111	113	
97	49	109	120	
98	40	104	115	
99	34	104	107	108	109	114	115	120	121	
100	26	104	106	109	113	115	
101	24	104	119	120	
102	12	113	115	127	
103	47	112	126	127	
104	41	116	
105	37	115	
106	45	120	122	
107	26	118	121	122	
108	41	109	117	
109	15	124	127	129	132	
110	45	121	
111	33	117	119	121	130	132	
112	26	118	119	121	126	128	
113	41	116	118	119	122	
114	19	127	130	132	
115	28	120	
116	11	123	125	132	140	
117	45	124	
118	46	133	
119	34	137	138	
120	34	127	
121	46	126	130	
122	11	130	132	136	140	141	144	145	146	
123	33	134	139	140	
124	26	133	134	140	142	147	
125	18	130	136	142	145	
126	43	131	136	
127	21	135	137	142	145	146	147	
128	33	134	138	
129	24	140	
130	29	137	138	145	148	152	
131	30	134	145	146	154	
132	41	141	
133	38	134	137	139	151	
134	15	150	
135	17	144	146	147	157	
136	21	142	144	147	148	152	159	
137	41	143	149	153	155	
138	12	158	
139	40	144	151	153	159	161	
140	22	143	146	147	152	159	160	
141	30	150	152	155	162	166	
142	39	162	163	
143	12	163	165	
144	20	148	154	163	165	166	168	
145	42	152	153	162	165	166	
146	26	153	156	165	166	167	168	
147	38	152	159	162	167	168	
148	18	157	168	
149	23	159	160	
150	47	160	162	169	
151	28	157	165	167	
152	21	
153	32	156	164	
154	38	168	
155	45	164	166	169	
156	16	166	167	168	
157	31	167	
158	44	165	
159	13	163	
160	46	
161	18	
162	44	
163	42	
164	10	169	
165	17	
166	16	
167	19	169	
168	49	
169	13	
