node	size	children
0	18	7	10	13	19	20	
1	44	8	10	11	12	17	18	19	21	22	
2	48	7	8	10	13	16	17	
3	45	7	10	11	17	22	
4	48	7	13	18	19	23	
5	26	10	12	13	14	16	17	18	
6	17	9	10	21	
7	24	14	15	16	21	26	27	30	
8	27	26	
9	15	14	18	23	
10	17	14	17	19	30	
11	37	14	16	29	30	31	
12	26	14	16	
13	45	24	27	
14	40	
15	43	21	27	28	31	34	
16	44	21	23	27	36	
17	48	32	34	39	
18	27	22	25	29	30	
19	16	24	26	31	
20	29	26	
21	13	27	32	41	
22	43	26	32	36	43	
23	33	30	38	41	
24	33	29	32	35	
25	41	28	32	35	
26	11	39	40	42	45	47	49	
27	37	35	37	45	
28	33	36	
29	29	33	34	
30	25	34	42	43	46	48	
31	47	
32	14	34	35	49	
33	39	42	46	53	57	
34	29	48	50	54	
35	37	43	44	
36	12	40	45	52	53	54	58	
37	14	42	45	
38	46	42	49	50	52	57	
39	26	42	46	50	51	
40	17	54	60	62	65	
41	40	46	52	60	66	
42	12	52	53	54	66	
43	48	47	51	52	57	59	65	
44	37	47	56	57	61	62	63	
45	47	53	59	61	66	
46	13	54	59	60	63	72	73	
47	11	64	72	
48	21	53	55	59	64	65	66	67	68	71	
49	36	55	60	64	
50	14	59	64	65	
51	15	53	57	63	71	
52	16	54	58	63	69	
53	32	63	65	69	70	
54	47	67	75	76	
55	24	69	75	76	77	
56	31	63	75	
57	38	75	77	
58	19	60	65	76	78	79	
59	16	60	71	76	
60	22	67	68	70	84	86	
61	45	80	
62	16	77	85	
63	42	72	
64	48	
65	13	77	80	
66	33	74	77	
67	33	78	
68	33	81	85	89	
69	33	78	85	90	
70	24	74	77	81	85	89	93	
71	12	86	88	
72	48	78	86	87	
73	27	75	78	83	85	88	89	
74	25	82	96	
75	26	84	97	
76	23	89	95	
77	18	96	
78	40	84	95	
79	44	82	88	93	97	
80	36	94	95	97	102	105	
81	49	91	99	101	102	
82	43	94	96	98	101	104	
83	39	88	90	92	102	
84	30	94	98	99	102	
85	41	95	96	99	
86	12	88	
87	18	95	101	
88	44	94	99	100	103	
89	45	94	96	111	
90	39	104	105	107	109	111	112	
91	35	102	107	112	
92	32	98	99	105	107	109	
93	15	95	104	113	
94	37	102	105	
95	41	104	105	
96	20	101	106	110	117	
97	17	106	111	112	114	117	
98	46	107	117	
99	24	104	109	110	114	119	120	
100	35	104	105	108	115	
101	21	116	119	120	
102	19	111	112	116	119	
103	17	121	
104	19	113	114	118	122	
105	27	113	120	122	126	
106	44	119	123	
107	39	117	122	
108	42	114	116	131	
109	24	120	122	123	132	
110	39	116	120	125	
111	13	114	116	
112	22	121	
113	11	117	121	125	132	
114	31	126	130	131	134	
115	38	127	128	129	137	
116	46	127	131	134	137	138	
117	34	121	122	125	127	
118	44	121	133	137	
119	28	135	137	139	
120	42	124	136	
121	45	
122	35	127	129	132	137	145	
123	39	129	130	131	137	
124	47	129	
125	48	147	
126	12	141	
127	20	134	
128	45	136	138	142	143	144	
129	48	138	
130	44	136	142	143	144	151	
131	33	136	147	150	153	
132	19	136	153	
133	49	140	143	146	151	
134	32	142	152	154	
135	48	142	151	
136	33	142	143	146	153	
137	46	143	147	153	159	
138	42	143	157	159	
139	37	144	152	
140	39	147	148	152	155	
141	47	154	157	161	
142	27	151	161	
143	15	153	
144	46	148	156	160	165	
145	39	152	159	
146	43	149	152	153	161	164	
147	12	152	
148	41	154	158	162	
149	22	160	168	
150	19	157	
151	22	160	169	
152	15	159	162	163	167	169	
153	20	
154	47	166	169	
155	29	168	
156	41	164	
157	15	162	167	
158	35	161	
159	27	160	
160	13	166	
161	38	
162	22	166	
163	47	
164	17	
165	23	
166	23	
167	36	
168	15	
169	36	
