node	size	children
0	23	8	9	11	15	19	
1	16	8	9	11	13	14	15	17	18	19	22	
2	29	9	11	13	15	16	19	
3	11	7	10	12	
4	35	7	9	11	15	19	26	
5	43	7	8	9	11	16	19	
6	48	7	8	9	11	16	
7	18	20	25	26	29	30	31	
8	21	13	25	
9	47	13	14	31	32	
10	22	13	20	
11	16	15	24	27	28	31	
12	38	21	22	23	24	25	28	31	
13	49	23	26	27	30	32	39	
14	45	22	23	26	27	34	36	37	38	
15	46	21	26	27	30	
16	11	24	25	27	33	
17	39	21	25	26	28	
18	31	22	32	
19	14	22	23	27	28	
20	39	33	34	35	38	40	
21	14	30	31	
22	13	38	42	44	
23	45	37	
24	38	32	34	40	
25	37	34	38	42	45	
26	16	33	
27	31	46	
28	13	43	
29	36	37	43	
30	20	37	44	45	
31	32	44	49	51	
32	10	47	48	
33	42	40	51	52	55	
34	48	53	54	58	
35	40	42	49	
36	31	41	43	46	49	51	
37	41	44	48	56	
38	38	
39	27	40	52	57	
40	29	51	65	
41	30	46	50	55	58	59	
42	34	46	55	57	60	
43	24	50	57	58	65	
44	49	58	63	
45	33	51	53	62	
46	43	58	59	
47	46	55	58	
48	34	53	66	
49	35	55	61	63	65	66	
50	13	53	54	63	68	70	71	
51	37	53	54	60	
52	41	56	60	
53	35	60	64	70	77	
54	25	64	75	
55	14	64	75	
56	17	60	67	
57	37	65	
58	10	67	68	72	75	77	
59	48	69	70	72	
60	42	71	78	79	81	
61	31	72	76	77	
62	37	67	76	81	83	
63	41	66	71	
64	37	66	79	83	
65	11	66	69	83	
66	43	74	79	
67	47	74	81	88	
68	28	79	
69	13	73	78	88	
70	21	73	75	78	81	84	
71	47	
72	42	79	82	85	86	87	91	
73	16	91	95	
74	16	83	86	88	89	
75	49	80	
76	46	78	80	92	93	
77	46	78	83	88	89	91	95	
78	30	84	89	93	
79	25	95	99	100	
80	26	87	96	
81	35	86	96	97	99	100	
82	23	88	91	92	101	
83	33	84	
84	29	98	108	
85	27	
86	11	106	
87	25	90	94	103	
88	13	98	
89	42	96	99	109	
90	33	100	102	109	111	
91	22	96	98	105	108	109	
92	39	98	99	106	107	108	110	112	
93	27	103	107	110	
94	28	99	107	
95	49	100	101	102	108	113	
96	39	120	
97	42	104	111	112	120	
98	12	108	112	115	
99	46	108	114	120	
100	28	112	114	123	
101	46	103	107	118	123	
102	17	116	117	
103	20	116	118	121	
104	22	118	119	128	129	
105	10	110	111	112	121	
106	40	110	122	128	
107	13	110	114	116	124	
108	17	110	116	127	129	
109	29	114	116	118	122	126	127	
110	27	117	120	135	
111	18	121	122	134	
112	22	122	130	131	134	
113	13	132	133	
114	14	128	
115	18	119	123	
116	39	127	
117	14	130	138	
118	42	126	128	135	140	
119	34	
120	48	126	127	135	
121	40	126	139	
122	43	134	138	141	
123	47	125	130	140	
124	46	140	141	
125	27	131	141	147	
126	26	134	147	
127	20	136	139	140	143	145	146	
128	15	130	137	138	144	
129	47	134	
130	48	139	142	145	151	
131	22	141	144	
132	29	143	144	
133	13	142	145	146	147	148	153	
134	26	138	146	148	149	152	154	
135	21	137	145	
136	29	142	143	
137	25	149	155	
138	22	142	144	146	
139	21	142	149	151	159	
140	31	143	145	149	154	156	160	
141	45	143	144	153	158	160	
142	19	160	162	164	
143	10	157	
144	10	155	
145	39	149	165	166	
146	19	165	167	
147	19	150	155	157	158	166	
148	45	154	157	158	160	164	166	
149	46	158	159	163	164	165	169	
150	12	161	163	166	169	
151	28	169	
152	19	164	
153	17	155	162	166	
154	11	157	161	162	
155	32	163	167	168	
156	15	168	
157	15	162	
158	38	
159	41	
160	29	163	165	
161	14	168	
162	43	
163	48	
164	17	168	
165	13	169	
166	39	
167	40	169	
168	35	
169	21	
