node	size	children
0	26	7	8	9	10	11	12	19	23	25	
1	36	7	9	11	12	13	16	25	
2	24	9	12	13	14	15	16	18	19	21	
3	32	12	13	14	19	
4	13	9	10	15	16	20	24	
5	12	7	9	11	17	18	
6	27	7	9	11	17	25	
7	14	18	20	25	26	27	29	30	
8	22	31	
9	44	13	25	31	
10	41	13	26	
11	38	15	30	
12	26	18	19	29	30	
13	31	21	31	38	
14	19	22	32	33	
15	14	32	
16	36	25	34	
17	45	24	29	
18	37	22	32	35	
19	45	22	24	35	37	
20	18	30	31	33	34	41	42	
21	23	28	31	41	
22	32	40	43	
23	47	29	30	38	
24	42	26	27	
25	11	32	35	39	41	
26	45	33	37	42	44	
27	41	32	34	
28	30	34	41	
29	26	34	36	39	45	
30	14	36	39	43	45	
31	12	36	40	43	48	
32	32	55	56	
33	39	43	54	
34	38	49	50	51	
35	28	49	
36	13	41	43	47	50	
37	22	44	45	46	
38	19	41	46	48	49	50	53	
39	13	48	50	52	54	62	
40	49	52	53	60	
41	19	45	54	56	57	62	
42	28	45	52	
43	18	51	58	59	62	
44	30	48	49	52	57	
45	12	59	68	
46	16	61	63	68	
47	15	56	59	64	
48	16	51	52	68	
49	27	56	68	
50	45	59	68	
51	37	60	64	69	
52	38	74	
53	35	59	61	
54	32	57	58	66	75	
55	34	58	61	62	
56	32	58	63	65	
57	16	70	75	77	81	
58	16	64	65	72	75	77	78	80	
59	22	64	67	71	76	78	82	
60	43	64	73	75	
61	21	69	
62	26	65	69	76	
63	46	79	80	86	
64	22	69	71	80	
65	28	76	84	
66	26	78	
67	44	69	79	86	
68	48	73	74	75	85	86	
69	46	76	78	79	83	87	89	92	93	
70	44	79	80	
71	24	90	
72	24	80	85	89	92	
73	43	77	79	80	94	95	
74	11	79	84	88	94	
75	22	78	89	92	93	94	
76	24	98	99	
77	24	
78	13	91	93	100	
79	25	90	91	92	93	
80	10	83	86	90	93	
81	49	91	92	
82	41	84	85	86	94	
83	34	94	96	97	99	104	
84	22	96	97	99	104	
85	11	102	
86	40	90	95	97	
87	10	101	105	106	
88	44	101	
89	37	96	105	
90	14	99	103	113	
91	16	96	106	112	113	
92	31	96	97	99	103	113	
93	39	111	113	
94	40	107	109	
95	43	101	103	108	
96	31	112	113	117	118	
97	16	119	
98	24	104	107	108	112	117	
99	12	105	109	116	117	119	120	
100	40	105	116	119	
101	16	114	116	119	120	
102	34	108	109	111	125	126	
103	41	108	110	118	125	
104	27	125	126	
105	14	124	
106	35	109	110	119	124	
107	44	119	
108	27	115	116	118	129	
109	15	118	
110	13	115	118	123	127	130	132	
111	21	115	122	128	129	
112	31	116	117	126	132	
113	19	117	
114	45	118	120	122	
115	20	123	125	130	
116	28	126	127	128	136	
117	28	121	
118	20	125	137	138	
119	49	131	
120	18	132	
121	42	131	136	
122	20	127	128	
123	29	127	134	139	143	
124	21	133	134	136	
125	13	128	129	135	143	
126	43	127	128	133	136	139	142	
127	18	145	
128	34	141	145	147	148	
129	31	133	142	148	150	
130	47	138	140	143	
131	14	
132	12	144	
133	12	
134	15	147	155	
135	43	151	152	
136	36	143	146	148	150	
137	43	143	156	
138	43	148	151	156	
139	45	146	148	150	152	
140	24	149	151	160	
141	19	154	
142	30	145	150	155	161	
143	40	145	153	155	
144	26	150	158	163	
145	10	
146	28	156	160	166	169	
147	11	155	156	157	163	166	
148	29	152	156	161	
149	21	157	161	166	
150	42	169	
151	33	159	165	169	
152	35	168	
153	48	161	166	167	
154	33	159	160	164	167	
155	35	158	160	162	165	167	
156	19	158	159	167	
157	48	159	168	
158	10	
159	12	
160	44	165	
161	17	
162	32	164	165	168	
163	21	165	167	
164	24	
165	37	
166	11	
167	24	
168	11	
169	47	
