node	size	children
0	30	6	8	9	11	20	23	
1	27	7	10	11	14	15	
2	46	6	8	9	13	15	16	17	
3	41	9	14	15	16	17	23	
4	34	7	8	9	10	11	15	17	22	
5	12	9	10	14	21	
6	42	12	13	20	22	27	30	
7	19	17	18	19	
8	48	20	
9	29	
10	46	13	18	26	
11	18	15	17	18	22	
12	46	22	23	26	31	33	35	
13	44	26	33	36	
14	42	18	32	36	
15	23	23	25	28	32	
16	31	19	24	31	
17	13	
18	36	35	39	
19	40	27	36	37	
20	48	26	33	
21	33	24	40	
22	48	24	26	34	38	
23	39	29	38	39	
24	47	31	33	42	45	48	
25	28	31	39	40	48	49	
26	37	37	49	
27	24	32	33	41	43	45	
28	46	36	37	41	43	
29	35	41	
30	42	33	41	43	
31	28	42	52	56	
32	35	37	38	44	
33	44	40	50	51	54	
34	32	37	38	42	45	51	54	
35	44	54	
36	19	40	46	50	56	
37	21	
38	30	55	58	
39	45	
40	39	56	
41	20	
42	11	47	52	
43	12	53	59	
44	33	53	54	66	
45	25	52	53	55	58	69	
46	18	53	66	67	
47	22	58	63	67	
48	31	53	56	68	69	
49	22	51	57	66	
50	34	54	59	62	
51	21	62	67	69	
52	19	71	
53	19	60	66	68	73	
54	25	67	68	73	
55	45	61	66	69	71	74	
56	35	62	67	68	69	74	
57	30	74	75	79	83	
58	19	80	
59	11	67	70	73	76	82	83	
60	47	74	75	78	79	82	
61	45	82	
62	47	66	
63	10	64	65	70	
64	24	72	73	78	84	
65	22	71	73	80	83	85	
66	20	75	83	85	86	87	
67	37	70	82	90	
68	36	71	72	77	86	87	
69	25	72	74	77	78	89	
70	45	82	92	
71	35	92	96	
72	36	85	
73	13	83	84	
74	29	84	
75	25	81	82	90	95	
76	45	84	92	93	
77	28	86	92	93	
78	36	86	102	
79	48	90	99	
80	29	88	103	
81	12	89	91	93	98	
82	37	84	90	92	94	
83	12	91	99	
84	11	
85	34	94	96	98	101	102	108	
86	38	104	107	
87	49	91	100	103	104	
88	27	95	108	
89	41	98	105	107	
90	37	93	99	102	110	
91	47	98	112	114	115	116	
92	40	101	115	
93	15	98	107	115	
94	46	97	101	104	108	
95	29	100	102	
96	48	106	109	
97	21	110	112	
98	40	109	117	122	
99	47	110	112	119	
100	29	104	106	109	110	120	
101	32	110	111	121	
102	10	112	114	
103	10	108	112	116	
104	16	119	120	122	128	
105	40	115	125	
106	45	118	125	126	
107	21	113	128	
108	10	116	119	
109	18	116	119	121	122	128	
110	38	113	124	126	
111	25	123	127	131	135	
112	42	121	123	127	
113	34	123	131	
114	41	120	131	132	
115	21	129	133	
116	27	118	129	
117	29	124	141	
118	36	123	126	130	142	
119	23	124	136	140	142	
120	42	124	132	133	134	137	140	
121	31	128	133	134	
122	25	134	136	140	141	
123	33	129	134	138	140	143	144	145	146	
124	41	133	134	143	146	
125	43	136	139	
126	29	130	141	
127	25	131	132	142	144	
128	34	130	135	136	138	145	
129	14	148	
130	35	144	147	150	153	
131	23	145	149	151	152	153	
132	22	143	147	151	
133	42	146	149	150	154	
134	30	142	143	148	154	
135	23	136	151	154	
136	30	146	148	
137	45	146	148	155	
138	49	144	154	
139	38	145	151	157	
140	34	147	148	156	157	
141	40	143	155	156	
142	14	
143	25	149	153	157	162	165	167	
144	37	156	158	161	162	
145	43	150	151	152	158	161	163	
146	35	159	161	
147	16	154	156	158	164	
148	15	156	
149	40	166	
150	26	
151	42	159	162	168	
152	21	155	159	160	161	
153	10	158	161	167	
154	27	159	162	163	168	169	
155	25	162	166	
156	27	
157	17	168	
158	11	167	
159	22	169	
160	30	168	
161	25	165	
162	34	168	
163	45	
164	27	
165	28	
166	29	
167	38	
168	46	
169	34	
