node	size	children
0	43	9	10	11	13	17	
1	38	9	10	11	15	
2	13	9	10	11	13	16	19	24	
3	11	7	8	11	12	13	15	24	
4	40	8	12	13	16	21	22	
5	18	8	10	12	18	23	
6	38	10	11	12	15	16	18	19	
7	18	28	31	
8	33	20	28	32	
9	13	15	19	21	23	25	27	
10	25	22	
11	19	21	22	24	
12	33	14	16	22	
13	49	21	26	34	36	
14	47	21	26	28	39	
15	39	27	
16	42	24	37	
17	49	28	30	38	
18	45	21	26	28	30	35	
19	32	22	31	36	39	
20	19	31	33	
21	32	27	36	40	42	
22	15	29	35	
23	36	40	45	
24	11	
25	15	
26	25	39	40	44	46	
27	16	42	48	
28	48	42	48	
29	32	34	36	41	44	48	
30	25	37	43	45	48	
31	31	37	41	42	
32	20	36	37	39	41	
33	26	41	47	52	57	
34	23	47	55	
35	33	40	43	52	
36	40	41	43	44	47	48	
37	10	45	47	55	58	
38	27	49	53	
39	48	43	49	52	57	
40	20	52	58	60	
41	37	50	57	
42	36	53	58	
43	36	49	56	61	
44	19	51	
45	10	51	58	59	64	
46	32	47	52	56	57	60	64	
47	31	54	63	64	
48	17	59	62	
49	37	60	61	
50	28	64	65	
51	45	53	70	
52	20	53	63	70	
53	45	72	
54	42	76	
55	20	63	68	
56	22	60	68	72	75	
57	42	60	
58	40	61	66	70	71	
59	31	68	73	75	79	82	
60	27	67	72	
61	33	68	77	78	
62	34	74	77	
63	24	65	70	
64	49	69	70	80	
65	24	82	83	84	87	91	
66	21	74	84	85	87	88	
67	30	80	85	87	
68	45	75	78	83	
69	19	74	79	82	84	
70	34	74	78	85	
71	41	82	86	87	89	90	95	96	97	
72	34	78	79	87	93	
73	19	78	83	93	95	96	
74	44	84	89	92	96	
75	27	81	86	
76	29	82	86	88	
77	34	86	89	
78	45	89	90	92	94	
79	12	88	92	93	102	
80	47	86	93	94	
81	11	88	
82	29	88	89	95	
83	28	88	96	97	101	
84	21	85	86	96	103	
85	24	93	97	98	
86	24	94	97	98	104	
87	18	100	101	105	
88	13	93	98	106	107	
89	38	98	101	104	105	
90	17	97	99	100	101	110	
91	18	101	103	
92	12	104	105	
93	20	104	117	
94	33	108	
95	33	98	106	108	113	
96	22	99	106	114	
97	46	112	
98	43	111	116	119	121	
99	12	106	108	
100	34	109	123	
101	14	105	108	109	111	113	114	116	122	
102	23	106	109	114	118	
103	14	113	120	121	
104	46	118	
105	13	114	126	
106	12	112	119	
107	36	113	117	129	130	
108	38	122	129	
109	11	112	115	122	123	124	125	
110	48	112	
111	27	122	123	125	129	131	
112	49	122	123	127	
113	12	124	125	133	
114	39	119	136	
115	20	119	127	129	130	
116	31	130	133	
117	44	123	125	128	133	134	
118	40	124	126	134	142	
119	13	129	138	140	
120	41	124	127	131	
121	42	134	142	
122	16	126	134	135	138	
123	48	126	130	
124	49	140	146	
125	11	131	138	140	144	
126	35	132	134	144	
127	26	140	
128	17	139	140	141	149	
129	20	
130	34	133	142	145	147	
131	27	138	146	154	
132	43	141	155	
133	14	137	139	144	145	155	
134	44	139	147	150	152	156	
135	32	147	
136	49	137	139	153	154	
137	20	145	147	149	150	156	161	
138	28	145	151	157	
139	16	155	157	161	
140	31	145	146	147	154	155	157	161	
141	47	146	153	155	161	163	
142	18	143	146	148	154	156	161	163	
143	24	150	152	168	
144	15	156	164	169	
145	27	156	157	167	169	
146	29	168	
147	37	166	167	
148	43	150	157	163	
149	44	150	157	164	165	
150	16	
151	42	160	165	166	168	
152	14	159	160	161	164	168	
153	19	158	165	166	
154	45	168	
155	34	159	162	
156	22	159	
157	32	164	165	
158	48	167	
159	11	
160	41	164	166	
161	45	164	
162	21	
163	28	168	
164	35	
165	28	
166	49	
167	21	
168	39	
169	26	
