node	size	children
0	11	8	9	11	14	15	20	21	
1	40	6	7	10	11	12	14	17	18	19	20	
2	25	6	7	11	12	13	15	16	
3	17	6	8	9	12	13	15	16	
4	48	6	8	9	15	16	17	
5	31	8	9	14	16	20	
6	19	24	27	
7	43	20	23	
8	27	22	
9	32	15	27	30	
10	19	17	21	28	
11	32	13	16	21	22	26	
12	32	22	36	
13	14	25	32	34	35	
14	48	21	32	35	
15	13	20	21	27	
16	18	33	34	
17	46	34	35	
18	20	
19	38	26	37	
20	35	29	33	37	
21	23	25	37	
22	18	25	26	27	28	33	36	37	
23	18	34	35	38	
24	25	26	31	43	
25	47	38	42	43	
26	36	35	37	44	45	
27	34	40	41	44	50	
28	15	51	
29	43	39	42	46	49	
30	26	51	
31	32	32	43	47	
32	11	41	44	52	
33	37	39	42	45	47	51	
34	37	52	
35	14	53	54	57	
36	11	54	
37	12	53	57	
38	37	46	47	53	54	
39	31	45	47	50	60	
40	43	48	59	
41	14	45	51	
42	39	48	51	57	61	
43	49	60	
44	16	46	49	50	52	
45	15	53	56	59	62	63	67	
46	48	56	
47	27	56	62	66	
48	40	54	56	57	66	
49	46	56	61	64	
50	12	68	69	
51	39	55	56	57	67	
52	38	59	60	63	73	
53	15	58	66	73	
54	21	65	74	
55	45	62	63	70	74	
56	38	60	62	63	67	70	74	75	
57	22	62	67	
58	29	
59	24	71	72	75	78	80	82	
60	43	68	71	78	82	
61	25	68	82	
62	44	67	68	76	81	
63	35	68	69	78	
64	25	71	76	78	86	
65	33	81	83	84	86	
66	47	76	84	85	88	
67	33	84	88	
68	19	73	74	82	87	
69	17	74	86	87	88	
70	47	78	85	88	
71	39	
72	48	76	77	79	
73	38	77	86	88	90	91	
74	23	82	87	93	
75	24	79	
76	20	89	92	94	96	99	100	
77	16	83	85	89	91	
78	23	86	91	99	
79	27	86	91	
80	40	83	87	92	93	
81	18	92	95	
82	44	87	
83	48	92	102	
84	26	90	97	
85	36	92	95	100	102	103	104	105	
86	15	89	93	102	105	107	
87	12	97	98	101	102	104	
88	33	91	97	
89	48	104	110	111	
90	31	97	104	107	108	111	
91	47	99	100	102	103	104	108	112	
92	34	99	100	106	107	
93	30	97	98	100	101	103	106	
94	22	106	
95	37	113	118	119	
96	40	103	111	118	119	
97	13	108	109	111	
98	21	108	
99	28	103	108	112	
100	36	106	113	117	
101	38	118	120	126	
102	33	109	123	125	126	
103	40	117	119	
104	49	117	
105	25	109	115	116	117	
106	16	112	116	126	
107	16	111	114	124	125	
108	22	116	121	124	129	
109	45	114	118	120	123	124	
110	49	115	120	123	130	
111	22	119	123	124	
112	24	120	123	124	
113	15	119	130	
114	32	128	135	
115	29	122	128	
116	17	125	137	
117	13	123	131	
118	30	121	130	131	132	134	137	138	
119	13	134	
120	32	137	138	
121	25	133	136	137	139	
122	22	132	139	142	
123	32	128	130	135	143	
124	23	127	132	139	144	
125	41	133	136	139	142	
126	31	127	138	139	
127	25	134	
128	14	137	141	
129	39	138	140	141	147	
130	41	133	138	141	147	
131	13	136	141	143	144	
132	30	134	136	140	144	146	
133	18	145	146	152	156	
134	31	141	153	155	156	
135	49	149	153	155	
136	45	140	148	149	
137	12	140	145	148	151	
138	14	140	156	
139	23	145	152	154	163	
140	27	147	152	155	156	163	
141	37	145	147	149	150	152	157	158	161	
142	48	157	
143	37	145	146	150	155	
144	38	149	152	155	
145	24	164	
146	42	164	165	
147	17	153	157	158	166	
148	33	156	162	163	
149	20	
150	21	163	
151	17	162	
152	45	159	166	169	
153	36	162	163	168	
154	23	160	
155	46	167	
156	41	164	
157	41	164	165	168	
158	33	166	
159	47	168	
160	45	
161	35	
162	10	
163	26	165	
164	39	
165	47	
166	39	
167	49	
168	48	
169	10	
