node	size	children
0	20	7	9	10	12	16	17	18	19	
1	12	7	11	12	15	17	
2	20	7	9	10	15	19	
3	30	6	10	16	17	18	19	
4	15	6	7	9	10	15	18	22	23	
5	38	8	9	11	15	17	18	20	24	
6	37	14	
7	24	24	28	
8	14	26	
9	23	13	15	18	
10	34	17	26	
11	28	14	21	
12	42	26	
13	30	20	37	
14	47	23	24	30	32	37	
15	11	23	31	32	
16	11	
17	20	24	31	33	37	
18	34	19	24	26	29	36	
19	43	27	30	39	44	
20	29	31	43	
21	24	28	38	40	43	
22	34	25	29	30	34	35	37	40	
23	44	35	39	
24	20	30	31	36	39	40	42	
25	43	37	43	46	48	49	
26	43	32	33	35	39	41	47	
27	43	35	36	
28	12	35	43	50	
29	39	36	40	41	47	
30	48	31	36	40	43	50	
31	35	41	53	
32	22	45	47	51	52	57	
33	45	45	54	
34	17	43	46	49	52	
35	40	46	49	52	53	
36	15	39	48	55	
37	46	46	48	52	54	56	
38	14	45	53	54	
39	35	47	58	62	
40	49	62	64	
41	27	47	49	50	55	62	
42	41	49	58	59	62	
43	22	49	60	
44	41	51	53	
45	40	67	69	
46	25	62	65	
47	12	55	56	
48	36	55	58	63	65	69	
49	43	
50	24	63	67	
51	22	52	54	55	65	
52	24	66	
53	37	60	73	
54	21	69	76	77	
55	43	
56	27	62	70	
57	18	65	74	76	
58	20	61	71	72	76	
59	12	68	72	74	82	
60	49	69	71	74	77	79	80	
61	10	73	75	78	81	
62	21	78	82	
63	17	65	
64	38	66	67	69	
65	21	73	76	81	85	87	89	90	91	
66	37	77	81	82	85	
67	35	74	78	80	81	82	83	87	89	
68	19	77	78	81	82	
69	11	72	76	88	90	
70	40	84	87	88	
71	28	83	84	87	92	
72	27	79	84	
73	45	79	82	90	92	93	94	
74	19	79	84	85	90	92	97	
75	45	88	90	91	97	
76	41	80	87	90	97	
77	26	84	95	
78	15	94	96	
79	20	92	93	100	
80	37	86	93	96	
81	14	86	91	96	102	
82	47	98	100	101	102	
83	17	99	101	102	
84	11	
85	32	102	103	104	105	
86	14	92	106	
87	48	95	105	
88	36	98	106	
89	41	92	
90	43	99	
91	20	109	
92	21	105	110	113	115	
93	27	
94	29	100	102	107	117	
95	31	100	112	
96	49	103	106	114	
97	21	107	113	
98	18	109	111	112	113	119	122	
99	11	104	105	109	110	112	122	
100	35	105	108	109	112	119	121	
101	29	110	119	
102	42	106	109	113	117	122	
103	49	106	122	
104	33	116	122	
105	48	117	118	125	128	129	
106	19	117	
107	10	117	126	
108	22	112	
109	38	126	
110	40	126	
111	15	119	122	123	128	
112	10	121	128	133	
113	39	119	130	
114	46	124	127	129	131	
115	15	124	125	133	134	
116	45	119	128	130	133	
117	32	120	124	129	
118	38	129	135	137	
119	25	136	
120	24	125	130	131	137	
121	42	134	135	136	
122	43	142	
123	17	128	129	131	133	139	141	142	
124	25	134	139	
125	17	135	137	138	139	144	
126	45	136	141	149	
127	49	135	136	145	146	149	
128	10	138	
129	33	132	141	142	
130	12	137	138	142	154	
131	14	148	
132	49	150	154	
133	36	137	149	152	153	155	
134	32	140	153	
135	36	147	148	155	
136	33	137	150	
137	38	143	145	152	155	157	
138	48	143	149	154	160	
139	46	150	152	161	
140	19	143	150	151	
141	10	143	144	155	156	
142	41	
143	44	161	163	
144	20	157	161	
145	16	152	154	159	161	162	163	
146	12	155	156	162	
147	27	151	158	162	
148	17	
149	41	152	
150	24	159	160	
151	36	164	168	
152	26	164	
153	17	
154	20	157	
155	47	163	167	
156	34	165	168	
157	26	162	164	
158	33	165	
159	20	162	163	
160	19	166	
161	31	165	168	169	
162	34	
163	39	169	
164	31	
165	20	168	
166	21	
167	38	
168	44	
169	47	
