node	size	children
0	34	7	11	13	14	15	16	18	21	22	
1	34	7	8	10	11	18	21	
2	36	10	16	17	24	
3	19	9	16	17	
4	27	6	11	12	13	17	21	23	
5	48	6	8	9	14	15	21	
6	24	13	14	15	16	18	23	
7	33	18	22	24	25	27	29	
8	16	19	24	26	28	
9	19	14	20	
10	21	26	30	
11	45	13	17	18	20	27	
12	46	30	35	36	
13	15	24	33	
14	48	
15	12	20	25	27	29	35	
16	32	35	36	
17	28	21	26	33	37	
18	18	20	21	23	26	28	36	
19	46	25	41	
20	10	28	41	
21	22	25	36	40	43	
22	31	28	29	30	40	
23	40	32	42	
24	16	25	27	29	32	
25	11	37	41	44	
26	14	34	38	
27	43	37	44	
28	23	
29	19	31	32	38	48	
30	19	32	36	
31	40	38	50	54	
32	18	43	45	46	48	
33	18	46	48	53	
34	14	38	40	50	51	53	
35	28	40	
36	32	39	40	44	45	48	54	55	
37	26	40	45	47	
38	29	49	61	
39	14	45	47	51	52	58	
40	48	45	47	51	62	
41	27	49	54	62	
42	36	51	56	
43	25	44	48	52	55	61	
44	17	51	53	57	60	
45	44	50	59	
46	46	55	
47	44	61	65	67	
48	27	50	61	63	68	
49	15	58	65	
50	19	65	
51	44	65	66	71	
52	49	61	64	71	
53	42	63	71	
54	27	58	63	66	75	
55	43	75	
56	49	80	
57	17	78	81	
58	12	63	77	
59	17	72	75	76	78	
60	36	73	75	77	78	
61	30	76	81	
62	42	69	79	
63	16	80	88	
64	46	70	82	83	87	89	
65	40	73	
66	11	69	74	
67	34	69	70	79	
68	34	74	79	81	85	86	87	88	
69	48	89	
70	37	78	79	81	83	85	86	92	
71	41	78	83	89	
72	48	
73	27	94	
74	44	80	
75	19	79	88	90	91	
76	19	89	94	101	102	
77	18	84	85	89	96	
78	23	91	98	
79	40	85	
80	16	86	
81	44	87	92	94	95	
82	38	83	102	
83	40	95	98	103	104	
84	39	95	96	103	
85	13	91	95	104	
86	29	91	93	98	100	102	104	106	
87	40	94	102	
88	20	92	101	
89	49	95	97	106	
90	36	101	103	105	
91	29	97	99	100	101	115	
92	46	96	99	104	105	108	109	111	113	115	
93	40	98	111	
94	24	105	106	116	
95	20	103	105	106	108	115	116	
96	39	114	
97	49	105	121	
98	33	109	119	
99	19	104	110	113	114	123	
100	25	114	123	
101	31	106	108	114	
102	39	104	107	110	114	117	118	119	
103	48	110	111	113	117	121	126	
104	16	118	121	
105	16	110	111	121	123	125	
106	11	112	116	118	
107	27	111	116	118	129	
108	33	111	116	119	121	123	127	130	
109	40	120	
110	44	124	136	
111	33	129	134	
112	35	122	123	124	131	133	136	
113	21	
114	18	122	128	
115	20	117	119	129	131	136	
116	16	117	123	135	
117	20	131	139	142	
118	14	124	134	
119	33	125	131	
120	31	125	129	135	136	
121	18	125	129	134	139	140	
122	47	125	127	128	129	132	133	137	138	
123	10	128	137	
124	40	136	138	140	
125	38	134	143	144	
126	22	131	140	
127	32	
128	33	136	
129	41	132	134	141	142	
130	42	143	
131	36	140	147	153	154	
132	13	137	
133	39	137	138	140	141	143	146	
134	18	144	
135	40	145	151	
136	48	150	151	
137	10	148	
138	42	147	152	158	
139	25	143	153	
140	49	149	153	154	157	158	
141	23	143	
142	10	149	155	158	
143	32	152	163	166	
144	38	151	159	166	
145	37	151	158	159	
146	33	159	
147	45	165	
148	40	166	
149	18	155	166	169	
150	34	157	
151	16	159	160	162	
152	48	160	161	164	
153	49	156	157	159	162	165	
154	40	157	160	161	163	
155	19	161	164	165	168	
156	21	163	
157	36	162	163	
158	25	161	162	165	168	
159	31	163	
160	39	165	166	168	
161	49	
162	12	168	169	
163	14	
164	45	169	
165	25	167	
166	39	
167	25	
168	21	
169	44	
