node	size	children
0	36	11	15	18	19	
1	47	7	8	15	16	19	25	
2	10	7	11	14	15	20	
3	10	7	10	17	18	21	22	23	25	
4	17	10	11	15	16	18	19	20	22	
5	11	10	11	18	19	21	23	24	
6	17	9	11	12	14	15	16	19	
7	29	21	30	
8	24	20	22	24	26	31	
9	47	16	22	24	28	
10	17	13	27	28	
11	46	21	23	24	30	32	
12	24	16	25	27	30	
13	35	30	36	38	
14	22	21	26	27	37	38	39	
15	37	34	39	
16	26	20	
17	35	20	26	29	35	
18	23	31	34	
19	12	22	23	39	
20	26	27	37	41	
21	30	29	31	34	41	46	
22	23	32	33	
23	37	32	33	37	
24	35	29	34	43	
25	28	37	39	46	47	
26	35	27	33	35	37	41	42	43	
27	25	48	49	51	
28	20	36	39	44	46	49	
29	31	44	46	53	
30	21	
31	15	34	35	41	42	43	44	48	
32	10	34	35	44	49	
33	39	37	39	40	45	49	
34	45	42	43	44	54	57	58	
35	41	58	60	
36	30	48	54	57	
37	47	56	
38	12	46	48	52	56	60	
39	39	
40	45	52	58	60	
41	19	53	62	66	67	
42	41	50	53	58	65	66	
43	36	52	53	58	63	67	
44	17	49	53	55	
45	46	63	
46	25	62	66	
47	41	49	54	56	62	67	
48	47	56	69	72	
49	31	57	60	
50	29	59	
51	11	65	69	
52	38	54	60	63	64	
53	42	56	61	66	
54	43	73	
55	15	67	
56	22	63	65	66	68	
57	13	74	76	77	78	
58	31	66	73	74	77	78	
59	37	64	79	
60	14	79	
61	33	69	73	78	83	85	
62	37	80	
63	22	76	77	
64	14	70	84	86	
65	35	69	74	81	
66	43	71	72	80	82	84	
67	19	85	
68	47	78	89	92	
69	28	77	81	
70	44	77	78	81	
71	12	75	76	84	87	89	90	
72	37	74	88	
73	27	88	
74	46	85	87	95	100	
75	28	81	91	93	94	
76	35	81	83	85	86	88	93	100	
77	18	83	89	90	
78	42	90	98	
79	17	100	
80	21	104	
81	18	96	97	104	
82	12	93	
83	38	87	93	102	
84	31	89	90	93	99	100	
85	23	90	103	
86	14	88	89	
87	22	107	108	
88	15	98	103	105	107	109	
89	42	98	107	111	113	
90	24	103	107	113	
91	42	104	
92	10	100	105	109	112	113	
93	14	99	102	104	108	110	
94	38	105	106	118	
95	49	106	107	113	
96	49	101	110	111	112	119	
97	25	114	116	118	120	
98	37	111	118	
99	30	
100	26	108	109	115	119	
101	43	108	119	120	
102	22	109	111	121	126	
103	44	112	116	120	122	126	
104	22	119	124	
105	20	108	122	
106	22	
107	15	115	123	124	125	
108	32	121	129	130	133	
109	22	114	115	121	
110	46	116	120	121	122	123	131	
111	34	121	131	
112	35	117	129	133	
113	26	123	124	126	129	130	
114	13	124	129	130	132	
115	29	126	136	138	
116	46	127	135	
117	20	122	136	139	
118	35	123	126	133	
119	37	124	127	131	139	
120	10	122	
121	42	132	133	136	138	145	
122	27	128	132	141	142	144	
123	10	130	140	
124	30	134	143	145	
125	38	130	138	140	
126	16	129	133	
127	21	129	131	138	139	
128	33	134	143	149	
129	27	147	150	
130	23	138	141	143	147	
131	18	136	
132	17	137	139	140	141	145	
133	20	136	142	143	147	
134	11	141	155	158	
135	13	155	
136	30	157	
137	11	157	
138	28	145	147	
139	11	
140	39	161	163	164	
141	32	156	160	
142	48	
143	27	146	151	152	161	
144	36	158	
145	18	146	148	153	157	163	
146	29	163	169	
147	44	156	159	164	
148	32	158	163	
149	29	157	168	
150	35	155	157	168	
151	10	155	158	159	166	
152	39	154	159	166	167	
153	42	160	163	164	
154	19	165	
155	24	
156	31	
157	16	162	164	166	
158	45	
159	34	168	
160	32	165	
161	14	166	
162	29	168	
163	38	165	
164	15	166	
165	49	
166	22	
167	44	
168	37	
169	11	
