node	size	children
0	12	6	7	12	13	24	
1	12	8	10	12	16	20	21	22	
2	17	6	7	10	12	13	15	16	21	25	
3	28	6	7	8	16	21	25	
4	46	6	7	10	11	12	14	16	17	18	
5	33	6	9	
6	46	13	15	26	27	
7	17	13	17	29	
8	41	13	24	30	31	
9	45	15	17	26	30	
10	37	13	30	31	
11	35	25	30	
12	12	17	25	27	
13	25	23	25	26	28	34	37	38	
14	25	30	37	
15	36	23	24	27	35	
16	15	26	27	32	
17	28	19	24	34	
18	40	22	
19	44	28	38	40	44	46	
20	26	33	39	
21	19	28	36	
22	49	40	
23	37	46	
24	19	31	39	43	
25	33	31	35	36	37	
26	42	37	38	40	43	
27	29	39	45	
28	15	36	39	50	51	52	
29	44	40	51	
30	21	41	43	44	46	50	52	
31	28	42	
32	27	46	48	
33	28	44	47	48	
34	16	44	
35	36	44	50	52	56	
36	19	44	
37	34	43	51	57	
38	15	45	47	51	56	
39	25	40	43	47	56	
40	16	54	55	58	64	
41	44	47	49	62	
42	17	55	57	58	60	63	
43	47	49	50	52	
44	35	49	52	
45	45	54	
46	38	50	56	58	60	62	
47	30	60	
48	29	56	62	63	69	
49	44	64	67	
50	27	54	64	70	
51	24	57	61	63	
52	18	53	60	61	63	66	67	
53	36	66	68	72	73	
54	43	63	71	73	74	
55	10	65	69	74	76	
56	23	59	62	71	
57	14	60	61	64	68	71	
58	17	61	68	73	
59	41	66	71	
60	38	69	
61	15	74	80	81	
62	38	
63	30	67	68	74	75	76	77	78	81	
64	13	65	68	69	79	
65	33	72	85	
66	26	75	87	88	
67	29	76	77	84	88	89	
68	46	77	79	84	88	
69	46	74	
70	12	
71	31	78	80	82	85	88	
72	17	78	80	91	96	
73	42	86	89	
74	17	77	79	94	
75	43	77	83	88	92	94	
76	41	83	89	94	
77	45	94	98	
78	35	94	98	99	
79	11	87	99	
80	13	91	93	95	99	102	103	
81	40	94	102	
82	45	87	97	99	100	
83	42	91	96	101	
84	15	
85	12	109	
86	16	96	
87	34	91	93	98	102	
88	40	90	91	93	105	
89	17	91	93	101	108	
90	21	102	104	108	
91	39	104	112	
92	15	102	104	108	110	111	114	115	
93	40	101	105	106	115	
94	46	109	113	
95	39	101	111	115	
96	18	101	108	112	
97	44	108	109	110	112	117	119	120	
98	12	107	111	119	121	
99	36	105	110	113	121	
100	32	115	118	
101	39	118	119	120	
102	36	116	120	
103	45	105	109	
104	22	123	127	
105	45	113	
106	42	112	113	123	127	
107	47	111	119	
108	19	111	116	122	125	
109	16	115	116	117	118	119	122	127	
110	32	117	123	124	133	
111	12	125	127	
112	40	117	
113	38	121	122	125	129	132	
114	32	116	117	118	123	131	
115	43	120	122	126	132	
116	27	126	
117	12	125	
118	37	131	136	138	
119	32	127	131	132	133	138	140	
120	39	122	135	137	
121	42	139	
122	44	133	144	
123	42	130	138	139	142	144	
124	13	128	133	135	
125	46	131	132	140	141	
126	33	134	136	141	
127	47	128	134	135	
128	36	134	145	
129	47	138	145	
130	20	134	136	141	145	146	147	
131	36	136	143	148	149	152	153	
132	49	138	
133	20	142	143	145	150	
134	32	150	155	
135	24	
136	28	142	154	
137	28	141	145	
138	21	151	154	
139	45	144	146	
140	21	148	
141	27	152	
142	24	152	159	163	
143	19	150	152	159	164	
144	39	152	159	160	164	
145	17	162	164	
146	41	149	154	159	162	
147	24	149	150	161	162	
148	28	155	156	162	165	169	
149	48	156	164	165	
150	11	157	162	166	
151	40	161	166	
152	44	154	
153	18	156	158	160	
154	37	167	
155	31	168	
156	32	165	168	
157	40	161	
158	35	
159	49	160	163	
160	40	166	169	
161	16	166	
162	47	
163	38	169	
164	14	
165	33	
166	18	
167	10	
168	31	
169	15	
