node	size	children
0	33	8	9	10	11	12	13	15	16	18	
1	44	8	12	14	15	16	17	
2	48	6	7	8	15	16	
3	29	6	7	8	11	15	17	
4	39	6	14	19	21	
5	26	8	9	11	12	13	14	15	16	23	
6	26	14	18	25	28	29	
7	10	21	
8	17	26	
9	49	13	24	29	
10	13	13	20	22	
11	45	18	28	
12	31	27	31	
13	19	27	28	34	35	
14	30	28	32	33	
15	43	18	24	29	34	
16	24	
17	44	30	31	
18	23	27	38	42	
19	21	33	34	
20	39	26	27	33	39	
21	30	25	28	29	31	33	36	39	43	
22	22	25	29	30	37	43	
23	10	25	35	42	43	
24	16	35	41	43	
25	21	34	36	38	41	49	
26	23	33	40	41	
27	37	36	40	46	
28	41	32	38	42	47	
29	17	38	39	40	43	49	
30	40	37	40	42	
31	18	37	47	
32	18	53	54	
33	40	49	54	
34	45	44	49	51	
35	45	40	50	
36	17	40	43	48	52	
37	13	44	48	49	63	
38	11	56	58	62	63	
39	11	56	63	
40	32	59	63	
41	45	46	57	
42	25	45	57	
43	20	55	
44	13	51	52	59	66	67	68	
45	26	50	52	58	59	60	64	
46	14	53	66	
47	16	50	53	61	63	66	
48	30	52	54	65	
49	42	58	59	62	
50	43	57	72	74	
51	36	65	76	
52	49	57	61	69	76	
53	10	61	
54	35	64	70	
55	48	65	70	73	
56	13	64	73	75	
57	29	66	71	76	81	
58	45	64	71	74	
59	40	71	76	77	
60	29	65	71	75	77	78	81	
61	19	72	73	81	82	
62	17	64	74	80	82	
63	36	64	66	73	74	
64	41	70	80	82	
65	29	70	82	87	
66	12	72	84	87	
67	46	71	79	83	
68	40	75	83	86	
69	38	70	74	78	79	88	
70	20	79	
71	14	77	85	
72	23	80	92	95	
73	30	84	93	
74	44	83	84	85	
75	43	81	91	
76	13	77	78	85	87	89	90	91	
77	31	87	89	98	102	
78	40	86	89	90	96	97	101	102	
79	25	94	95	96	
80	32	93	
81	48	84	89	91	96	
82	46	84	89	97	99	102	
83	12	90	93	96	
84	45	93	95	
85	44	91	94	98	102	
86	26	91	95	106	
87	13	97	99	100	103	108	
88	21	90	98	99	103	104	
89	31	97	103	107	
90	12	97	99	100	113	
91	48	
92	12	101	105	
93	23	102	106	110	
94	32	
95	46	99	
96	36	103	104	113	122	
97	40	115	
98	27	104	115	122	
99	20	104	120	
100	20	104	107	108	111	120	
101	42	112	113	114	117	
102	47	116	
103	26	109	111	114	116	120	123	
104	28	115	118	121	127	128	
105	44	121	122	123	
106	12	118	121	
107	38	110	124	125	
108	20	112	119	123	124	127	
109	20	121	126	
110	30	125	127	129	132	135	
111	12	123	128	129	135	
112	43	125	133	
113	16	120	122	131	
114	31	135	
115	48	119	123	
116	28	127	129	
117	30	
118	10	124	127	130	135	137	141	
119	26	129	132	137	141	
120	44	137	138	140	141	
121	18	
122	23	
123	24	136	138	144	
124	19	142	143	144	145	
125	38	130	143	
126	13	144	
127	33	139	144	146	147	
128	33	134	
129	47	140	146	155	
130	16	146	148	149	153	
131	37	141	145	149	155	
132	47	146	
133	46	140	141	142	151	
134	31	144	147	151	153	154	
135	13	149	152	
136	30	
137	27	153	154	159	
138	14	143	147	154	160	
139	32	150	151	155	159	160	
140	24	
141	17	152	
142	10	154	157	159	162	163	168	
143	28	149	150	151	155	157	161	162	
144	20	149	166	
145	27	153	155	156	
146	33	152	153	155	157	158	165	
147	20	153	
148	19	149	150	154	156	162	165	
149	12	
150	44	164	165	166	168	
151	10	162	165	169	
152	26	158	161	162	165	167	
153	18	158	168	
154	18	157	163	164	167	
155	10	
156	26	164	
157	48	167	168	
158	14	
159	10	167	
160	22	164	166	
161	30	168	
162	14	164	168	
163	35	
164	31	
165	34	
166	23	
167	19	
168	34	
169	13	
