node	size	children
0	10	7	8	9	10	14	20	22	23	
1	14	6	8	9	11	13	14	16	19	23	
2	39	8	10	11	16	21	
3	42	7	9	10	11	12	14	18	
4	21	6	8	9	14	18	19	23	
5	37	8	10	11	14	18	19	21	24	
6	44	16	19	20	21	31	
7	19	16	23	24	25	
8	31	16	
9	24	16	17	
10	14	18	20	27	29	30	
11	41	13	18	22	
12	21	15	27	
13	24	26	
14	33	28	37	
15	47	24	26	28	
16	30	30	33	
17	44	
18	31	30	
19	39	21	23	26	27	28	33	34	
20	25	
21	13	30	34	41	
22	45	26	27	36	
23	20	30	
24	43	32	34	38	
25	42	26	27	39	
26	21	33	34	50	
27	27	33	42	
28	16	34	35	46	48	49	
29	41	36	
30	18	36	38	42	
31	13	33	
32	42	44	48	51	55	
33	44	46	50	56	
34	42	41	46	48	50	55	56	
35	39	40	43	
36	34	43	
37	39	38	42	47	48	51	52	
38	12	60	61	
39	49	45	49	51	55	
40	21	45	55	
41	21	49	50	56	59	60	
42	37	49	50	51	53	56	57	
43	21	48	54	56	58	62	
44	15	55	58	62	64	67	
45	49	60	68	
46	45	51	52	64	
47	33	51	52	59	68	
48	44	52	55	56	63	
49	44	53	57	60	
50	27	
51	10	57	58	63	71	
52	32	62	66	68	
53	34	57	68	
54	14	67	
55	38	61	62	65	69	73	
56	18	60	62	72	
57	28	71	77	78	
58	18	65	70	71	
59	43	63	71	74	76	
60	49	64	77	81	
61	43	64	75	82	
62	45	64	67	68	69	78	
63	31	73	75	79	80	88	
64	39	69	70	72	75	76	80	82	
65	42	72	76	78	84	86	
66	25	69	72	82	84	89	
67	14	
68	11	83	
69	35	78	80	84	88	91	
70	43	79	86	91	
71	13	90	
72	40	76	84	94	
73	28	80	82	83	86	94	
74	28	80	83	
75	45	90	
76	22	95	
77	19	88	91	
78	36	
79	31	85	90	94	99	
80	26	84	88	92	98	99	
81	33	85	87	95	
82	14	85	
83	31	90	101	
84	19	
85	18	93	98	100	101	102	104	
86	45	93	107	
87	29	91	94	97	
88	13	90	92	94	
89	38	96	99	
90	14	103	112	
91	11	113	
92	27	97	101	103	
93	14	97	103	110	113	
94	10	97	99	102	106	108	
95	17	97	100	107	109	112	
96	11	109	111	117	119	
97	18	105	113	120	
98	46	106	114	
99	39	110	112	116	119	
100	28	103	106	107	110	117	
101	42	110	112	119	
102	31	113	115	120	124	125	
103	35	120	121	122	
104	38	109	123	124	
105	17	117	118	
106	35	117	
107	44	110	112	120	124	125	
108	35	118	123	126	132	133	
109	33	115	123	128	130	
110	11	121	126	127	132	134	
111	38	114	116	127	
112	28	118	121	129	
113	24	118	123	125	127	128	129	131	133	
114	30	129	133	137	141	
115	36	
116	47	124	127	131	
117	45	130	135	
118	19	121	122	124	127	130	
119	41	129	130	136	137	
120	19	121	122	127	131	136	137	
121	22	130	136	138	141	142	144	
122	24	135	137	143	144	146	
123	15	129	133	147	
124	36	132	133	135	136	138	
125	18	128	132	138	141	142	
126	21	132	141	
127	19	144	
128	46	135	137	142	148	150	
129	25	136	139	145	
130	23	139	142	144	
131	20	141	
132	26	149	
133	16	138	139	140	147	151	
134	44	136	140	147	149	152	
135	15	143	149	160	
136	32	144	153	
137	35	146	158	
138	40	144	155	158	
139	48	152	155	157	
140	27	
141	14	142	155	159	
142	44	
143	22	152	162	163	165	
144	35	153	154	
145	34	150	154	161	
146	33	161	
147	35	150	151	155	157	159	161	
148	25	154	158	
149	20	158	167	
150	47	154	156	161	
151	10	159	164	168	
152	30	159	160	161	
153	35	160	
154	39	162	
155	37	162	163	164	165	
156	23	164	169	
157	32	162	164	166	
158	38	164	166	168	
159	19	162	164	
160	39	
161	17	168	
162	32	
163	19	168	
164	13	
165	44	
166	15	
167	32	
168	32	
169	33	
