node	size	children
0	32	6	9	11	15	22	
1	40	6	8	9	11	12	15	
2	34	9	14	18	20	
3	25	7	8	10	11	12	13	21	
4	37	8	9	13	24	25	
5	21	6	11	13	15	16	18	22	
6	23	17	19	21	31	32	
7	40	14	26	29	
8	11	16	19	26	
9	35	17	21	26	
10	33	12	22	24	32	
11	23	13	17	19	24	29	31	32	
12	42	19	28	32	37	
13	31	21	
14	49	23	31	
15	29	
16	35	27	31	37	39	
17	30	19	21	28	29	30	35	38	
18	15	21	26	28	37	
19	41	32	38	39	41	42	
20	37	31	
21	37	34	
22	41	31	34	
23	36	26	28	30	33	38	43	44	
24	47	26	40	41	43	44	
25	46	38	40	42	43	
26	14	44	
27	40	37	42	49	
28	38	42	44	
29	26	34	
30	25	38	41	45	
31	23	42	46	
32	44	36	41	45	47	50	51	
33	14	45	51	
34	38	44	46	55	58	
35	20	46	55	
36	19	47	57	
37	46	47	49	
38	34	
39	31	49	51	
40	36	46	47	52	60	61	65	
41	18	46	47	52	53	56	59	60	
42	33	50	55	58	
43	39	61	
44	36	48	51	62	
45	28	50	55	57	58	64	
46	41	52	54	55	56	66	67	69	72	
47	35	70	72	
48	34	53	54	62	63	64	68	
49	20	52	54	63	
50	47	56	57	61	66	69	71	
51	11	52	57	60	61	62	66	69	70	71	
52	46	60	63	64	67	
53	25	63	
54	39	63	64	71	73	74	75	
55	10	62	64	69	
56	11	64	65	72	
57	25	67	69	71	
58	39	
59	44	68	73	
60	30	67	71	73	77	80	81	
61	13	66	68	70	77	
62	16	66	68	77	
63	14	69	
64	34	72	75	
65	24	66	68	81	
66	10	76	78	83	88	
67	46	75	76	87	
68	45	82	85	91	
69	20	85	91	
70	19	73	75	77	83	
71	45	74	77	79	89	
72	44	73	79	83	84	
73	19	85	86	97	
74	14	81	92	93	
75	48	91	93	
76	39	79	87	90	91	93	97	
77	19	86	
78	30	81	97	
79	42	88	100	
80	26	
81	14	86	88	95	
82	39	
83	19	85	94	
84	33	86	87	91	92	93	100	
85	10	99	
86	11	99	101	103	105	
87	20	95	102	
88	19	98	101	110	
89	49	101	105	
90	10	93	97	99	107	
91	33	96	97	99	105	
92	12	100	101	109	114	
93	24	112	116	
94	25	110	113	116	
95	38	108	115	
96	15	105	
97	21	99	112	114	115	
98	42	107	111	118	
99	13	107	108	110	117	118	119	120	
100	18	104	110	114	123	
101	11	105	109	110	112	118	119	
102	45	106	107	
103	37	107	114	115	
104	41	
105	42	115	116	122	128	
106	29	114	115	116	124	
107	47	115	116	117	119	
108	35	122	124	
109	41	111	120	121	125	128	
110	34	111	114	120	124	125	126	
111	33	117	118	127	132	
112	20	120	134	135	
113	29	128	133	134	
114	24	118	120	127	128	
115	47	124	128	
116	16	128	134	
117	20	132	135	
118	21	127	129	131	134	135	
119	38	126	130	131	132	133	139	140	
120	15	131	
121	46	139	
122	10	131	137	139	
123	48	
124	10	133	137	148	
125	48	141	148	
126	29	130	143	
127	29	146	
128	36	136	137	
129	36	131	
130	48	152	153	
131	14	136	
132	24	139	147	150	
133	28	142	148	150	
134	38	143	144	145	147	152	154	
135	38	138	139	147	152	
136	27	148	
137	36	143	144	
138	23	143	144	159	
139	10	143	148	150	157	
140	37	144	151	154	
141	37	
142	30	149	160	
143	20	151	
144	43	159	164	
145	47	150	160	162	163	166	
146	18	152	156	161	165	
147	33	151	154	155	158	
148	16	157	158	
149	10	158	168	
150	16	155	167	
151	22	167	170	
152	13	155	163	
153	24	159	171	
154	37	157	168	169	172	
155	34	173	
156	30	170	172	174	176	178	179	
157	27	161	164	172	174	
158	35	167	169	177	
159	39	163	177	178	179	
160	30	172	176	179	
161	18	
162	24	170	174	177	
163	39	167	169	
164	39	171	
165	37	167	171	173	177	
166	26	171	172	176	
167	19	178	
168	49	178	
169	23	173	179	
170	18	173	175	
171	29	174	175	178	
172	27	
173	38	
174	44	
175	21	
176	19	
177	32	
178	28	
179	46	
