node	size	children
0	47	7	8	9	10	11	12	15	23	
1	35	8	10	21	23	
2	43	10	21	22	
3	22	16	
4	15	7	8	9	11	12	13	18	19	
5	25	7	8	10	12	14	16	
6	40	7	8	9	10	11	12	14	21	24	
7	25	22	31	
8	18	25	
9	23	17	25	26	
10	10	18	21	24	26	28	
11	30	23	26	28	
12	44	29	
13	45	19	22	24	
14	27	
15	36	20	23	30	31	
16	46	24	
17	16	27	35	
18	13	30	34	
19	42	32	40	
20	35	32	33	34	38	43	
21	37	30	36	
22	34	26	32	37	
23	21	27	29	35	
24	14	29	34	38	
25	49	32	40	42	
26	27	40	42	48	
27	43	34	44	46	49	
28	14	49	
29	45	
30	39	33	38	39	41	
31	44	32	40	
32	12	45	
33	36	46	
34	39	43	49	
35	24	39	45	49	54	
36	13	38	47	51	53	55	
37	29	39	42	51	55	
38	24	
39	43	46	
40	23	54	
41	24	47	50	52	55	
42	30	58	
43	38	44	54	59	
44	14	51	53	62	65	67	
45	37	52	53	55	60	62	
46	33	51	66	
47	47	51	61	64	65	66	
48	22	53	
49	49	53	59	65	
50	39	61	64	70	
51	24	63	64	74	
52	27	56	57	63	73	
53	28	58	63	73	
54	24	63	64	
55	41	57	68	69	72	
56	33	62	65	67	73	
57	23	74	80	
58	41	63	64	78	79	
59	25	68	73	81	
60	10	69	71	72	73	76	80	81	
61	25	72	80	
62	12	78	88	
63	40	71	79	88	
64	43	69	71	72	78	81	
65	37	79	80	81	
66	24	80	88	
67	39	74	77	78	81	84	85	
68	18	
69	35	78	87	90	
70	35	80	86	
71	25	86	90	91	
72	16	81	83	86	88	89	91	
73	35	
74	44	75	77	78	79	85	86	93	
75	22	82	87	97	
76	23	82	87	91	
77	45	86	
78	42	84	89	90	94	98	
79	28	84	90	91	96	
80	27	88	98	
81	45	89	90	99	
82	25	107	
83	30	96	103	
84	48	90	91	92	96	100	105	
85	11	92	93	100	
86	32	92	100	
87	19	97	103	105	
88	11	91	95	
89	26	95	97	101	
90	47	97	100	
91	35	95	
92	10	95	104	110	112	
93	22	98	99	
94	34	114	
95	46	102	109	113	120	
96	40	106	112	121	
97	42	105	109	121	
98	29	104	105	118	119	
99	49	101	103	117	
100	36	107	108	116	117	118	
101	45	111	113	120	124	126	
102	26	109	119	120	121	123	124	127	128	
103	12	117	119	124	
104	32	108	109	113	122	124	126	127	
105	26	108	109	110	112	113	114	116	123	126	
106	27	108	113	116	117	118	
107	42	109	113	117	118	122	
108	16	127	
109	30	119	128	133	
110	29	125	128	135	
111	26	115	118	119	120	121	122	123	125	127	135	
112	12	116	123	125	133	
113	19	123	124	127	
114	31	117	120	126	
115	16	128	131	135	
116	24	125	130	133	136	140	
117	27	136	
118	44	130	
119	32	129	138	
120	19	122	123	129	131	136	
121	39	125	126	
122	27	129	132	134	137	139	147	
123	28	129	136	
124	45	129	133	142	143	
125	31	132	141	142	147	
126	42	135	139	
127	17	135	146	
128	24	129	130	133	
129	43	136	148	149	150	
130	29	139	141	145	147	153	
131	34	141	145	151	
132	12	137	148	151	
133	39	136	137	138	141	148	151	
134	27	140	149	
135	41	140	
136	22	151	155	159	
137	32	151	
138	35	154	
139	35	142	147	153	
140	23	144	145	153	
141	34	143	148	150	153	157	160	
142	28	154	158	
143	39	149	153	163	
144	30	149	162	165	
145	13	152	155	158	159	160	162	
146	40	162	
147	20	148	164	
148	17	160	161	163	
149	18	162	164	168	169	171	
150	49	154	158	160	164	169	170	171	
151	21	169	
152	36	158	166	167	172	
153	34	156	158	160	
154	33	163	171	174	177	
155	19	163	169	170	177	
156	39	162	163	164	173	179	
157	49	170	172	175	176	
158	41	161	164	176	179	
159	25	171	173	179	
160	30	167	169	174	
161	20	
162	10	
163	36	167	171	
164	17	172	175	177	
165	39	177	
166	26	167	177	
167	25	175	176	178	
168	12	
169	13	
170	10	
171	33	178	
172	31	176	178	179	
173	38	
174	38	
175	13	
176	27	
177	44	
178	14	
179	34	
