node	size	children
0	19	8	10	11	13	15	
1	39	8	11	12	14	20	22	
2	20	8	10	11	12	
3	30	8	11	12	14	15	
4	47	7	8	10	14	15	16	23	
5	22	10	12	13	18	19	24	
6	49	9	10	11	14	17	
7	40	23	24	31	
8	45	21	22	24	25	
9	44	14	21	24	26	31	
10	27	
11	46	18	27	28	
12	12	13	20	22	24	25	30	
13	41	29	31	34	
14	26	19	28	36	37	
15	13	26	35	
16	24	25	31	33	34	
17	49	20	22	27	31	36	
18	32	21	22	27	35	36	
19	46	36	38	41	43	
20	33	25	39	
21	17	26	29	32	38	40	45	
22	36	26	28	30	32	39	43	44	
23	30	26	34	39	42	43	45	
24	46	25	34	40	42	44	45	
25	47	32	38	41	44	48	
26	33	
27	27	37	38	45	48	49	52	
28	46	39	42	47	
29	14	48	52	
30	22	32	38	45	
31	30	32	35	36	37	47	
32	11	39	41	49	50	55	
33	19	40	41	50	55	57	58	
34	44	41	44	48	
35	27	42	43	52	55	
36	36	42	45	47	55	
37	47	52	
38	25	41	44	49	50	52	57	
39	11	48	54	65	
40	13	51	55	57	59	63	
41	30	51	61	
42	41	47	50	51	65	
43	45	50	60	61	63	
44	19	48	56	58	61	
45	13	46	47	49	59	
46	14	57	60	65	
47	13	56	59	62	63	
48	37	60	69	
49	32	61	65	
50	39	56	70	
51	40	53	56	63	66	67	
52	15	54	60	70	
53	19	62	64	68	74	
54	24	64	70	74	76	
55	31	69	
56	14	64	67	72	
57	46	63	67	
58	14	65	67	72	73	
59	24	60	62	67	74	77	
60	19	71	81	82	
61	10	70	73	81	
62	30	78	81	
63	34	66	69	83	
64	32	69	81	83	
65	35	66	71	74	80	81	
66	39	88	90	
67	47	72	83	85	86	87	
68	26	72	74	75	91	
69	42	73	84	89	
70	12	73	80	
71	14	83	84	86	
72	10	84	90	92	93	95	
73	18	82	87	90	
74	41	96	
75	29	79	
76	26	90	97	
77	40	85	95	
78	13	86	93	
79	23	86	93	100	102	
80	12	88	96	97	99	100	103	
81	45	93	97	100	
82	10	86	90	
83	10	85	87	
84	43	92	94	97	
85	20	92	98	101	
86	12	100	
87	33	96	99	105	109	
88	49	96	104	
89	40	96	105	
90	42	105	108	110	
91	40	92	93	
92	37	106	116	
93	48	100	111	
94	15	108	
95	16	99	103	113	116	117	
96	34	113	116	
97	44	104	113	114	
98	29	110	111	112	
99	12	108	116	121	123	124	
100	48	107	115	116	120	
101	24	105	109	114	
102	40	112	114	119	120	
103	44	111	122	
104	26	112	114	121	124	127	129	
105	19	112	118	124	
106	36	115	119	120	128	
107	46	111	115	121	127	
108	32	111	127	
109	38	117	123	124	127	
110	23	121	123	124	
111	24	120	131	136	
112	10	123	128	130	
113	21	126	129	130	
114	34	124	
115	18	118	120	132	134	
116	35	123	126	129	130	
117	21	129	135	136	
118	34	129	136	137	140	143	
119	43	130	
120	39	125	126	127	
121	36	126	141	
122	17	131	137	142	143	
123	13	135	
124	33	143	
125	44	140	141	146	
126	39	133	135	137	138	
127	28	140	141	142	
128	25	136	137	147	
129	35	140	142	146	147	
130	47	133	134	150	
131	46	138	148	149	150	151	
132	16	138	139	147	149	151	154	
133	35	149	
134	36	
135	43	144	145	150	151	
136	23	149	
137	30	151	155	159	
138	37	159	
139	13	144	146	153	154	159	163	
140	22	146	147	
141	19	144	150	153	156	157	158	
142	49	145	153	157	
143	14	151	153	157	
144	38	166	169	
145	10	153	154	157	158	
146	10	151	154	156	157	163	165	169	
147	14	
148	48	152	156	157	160	
149	29	161	163	167	168	
150	31	
151	39	159	164	
152	14	172	173	
153	24	159	161	
154	16	163	
155	22	176	
156	36	
157	45	160	162	164	170	
158	31	167	171	
159	45	164	175	179	
160	39	170	171	179	
161	14	165	166	
162	12	168	173	174	
163	14	165	168	170	176	178	
164	41	173	175	
165	43	
166	25	176	
167	25	170	173	
168	34	178	
169	46	173	177	179	
170	21	177	
171	14	
172	32	178	
173	16	
174	39	
175	33	
176	43	
177	20	
178	22	
179	25	
