node	size	children
0	24	7	8	9	10	20	25	
1	41	8	9	10	11	20	
2	38	9	13	15	16	
3	24	8	10	11	12	13	17	20	26	
4	12	8	9	13	14	18	19	
5	39	8	9	10	12	15	
6	32	11	12	14	
7	48	16	20	27	29	30	32	
8	48	21	25	30	
9	48	15	21	23	
10	35	16	20	23	27	
11	26	14	19	
12	31	14	22	23	24	
13	38	18	21	
14	25	24	37	
15	13	
16	42	22	39	
17	38	36	
18	36	27	31	
19	20	22	23	33	37	
20	12	33	
21	11	27	
22	17	27	28	30	39	42	
23	12	36	37	46	
24	40	36	38	40	
25	33	29	33	34	39	41	44	
26	46	29	38	40	44	45	
27	24	46	51	
28	22	35	36	37	41	42	45	
29	35	36	39	44	45	52	
30	40	34	39	40	42	46	
31	20	41	43	44	47	
32	28	37	40	41	46	
33	37	50	
34	23	42	43	54	
35	22	45	59	
36	21	42	49	
37	45	43	47	49	
38	11	45	48	51	53	
39	14	43	48	51	
40	11	48	49	58	
41	36	60	62	65	
42	28	50	63	64	65	
43	48	63	
44	14	51	56	
45	33	54	65	
46	33	66	
47	18	69	
48	49	60	63	64	71	
49	10	55	63	65	
50	15	55	57	60	64	71	72	73	
51	49	53	68	
52	16	54	
53	26	61	62	72	73	75	
54	19	62	70	78	79	
55	19	67	
56	40	62	63	65	68	74	
57	39	60	61	72	74	
58	20	60	62	79	
59	47	68	72	78	79	
60	18	68	70	71	
61	12	75	78	
62	25	67	72	75	84	
63	35	82	
64	31	67	75	81	
65	18	76	81	82	
66	22	67	71	74	
67	39	74	87	92	
68	27	79	87	
69	32	81	86	
70	30	78	82	
71	45	74	79	88	
72	33	78	89	
73	14	77	78	81	85	
74	39	
75	25	80	85	91	99	
76	11	85	91	93	96	
77	41	83	86	87	89	
78	20	80	85	86	96	97	98	
79	49	85	95	
80	29	86	89	91	95	105	
81	17	90	92	98	102	104	
82	30	95	105	
83	17	92	93	98	99	104	105	
84	18	86	91	96	97	102	103	
85	38	87	88	92	94	98	103	
86	21	99	111	112	
87	37	99	106	112	
88	40	99	102	105	109	110	113	
89	35	100	107	
90	15	93	96	
91	16	108	109	112	
92	40	93	95	99	103	108	111	
93	30	101	110	115	119	
94	14	110	113	
95	19	101	104	106	107	110	119	
96	28	104	106	
97	39	101	119	
98	18	103	104	107	111	117	
99	14	102	103	119	
100	34	110	111	114	120	
101	16	108	111	
102	40	107	108	
103	13	107	108	
104	25	124	
105	14	119	121	
106	15	110	114	116	120	
107	29	115	130	
108	17	128	130	
109	32	115	125	131	
110	10	116	121	126	
111	19	116	120	126	130	
112	18	115	118	128	129	132	
113	13	121	124	126	133	
114	47	122	131	132	138	139	
115	36	121	128	132	
116	19	127	130	
117	48	128	129	134	137	
118	49	120	123	132	138	139	
119	43	120	126	133	134	
120	12	134	141	
121	30	146	
122	28	136	137	138	
123	22	131	132	134	141	
124	21	131	134	143	
125	25	128	135	138	
126	45	128	132	138	
127	33	143	
128	43	137	153	
129	41	137	139	153	
130	40	137	148	152	
131	48	
132	33	137	152	
133	40	139	146	150	
134	12	140	144	153	159	
135	20	145	148	154	156	
136	33	142	146	148	154	156	159	
137	35	158	
138	27	143	144	148	152	
139	14	142	158	
140	16	148	153	160	164	
141	24	148	149	151	156	157	
142	34	162	163	166	
143	26	151	153	161	166	
144	19	153	155	157	160	
145	39	157	160	
146	49	147	150	152	156	158	167	
147	22	161	170	
148	40	154	164	172	
149	38	154	161	162	
150	26	154	
151	11	159	
152	45	154	160	166	
153	22	159	160	162	169	
154	14	161	163	165	166	
155	40	162	164	165	175	
156	33	163	
157	41	162	165	167	176	179	
158	11	161	168	169	
159	33	162	169	176	179	
160	32	165	169	
161	17	
162	41	170	174	
163	49	171	174	
164	10	172	176	178	
165	20	
166	49	168	173	179	
167	16	173	
168	29	174	
169	19	178	
170	17	
171	40	177	
172	34	174	
173	47	
174	11	
175	35	
176	14	
177	19	
178	20	
179	32	
