node	size	children
0	33	13	16	19	21	22	
1	32	6	7	11	14	18	23	24	25	
2	46	6	9	
3	47	6	7	8	9	14	22	25	
4	35	6	7	8	9	11	19	
5	49	6	7	8	9	10	11	17	25	
6	16	13	24	30	31	
7	30	18	23	24	
8	15	23	27	
9	14	12	21	24	29	31	
10	10	12	14	15	18	19	25	31	
11	23	13	19	22	
12	47	
13	28	20	21	26	35	
14	46	19	21	24	25	34	35	37	
15	38	21	26	31	33	37	
16	11	25	37	
17	11	19	23	27	
18	37	22	
19	41	26	27	43	
20	14	26	28	31	32	36	
21	30	29	43	
22	12	27	32	35	39	
23	46	29	40	
24	31	27	29	34	40	
25	25	27	30	33	38	
26	20	32	35	39	44	45	
27	48	32	42	43	45	
28	19	35	39	43	45	48	
29	38	33	
30	16	32	45	
31	43	40	
32	45	46	47	49	
33	35	43	47	50	
34	34	48	50	
35	36	51	53	55	
36	25	41	53	56	
37	11	39	49	
38	49	50	
39	10	49	56	60	
40	27	58	
41	23	44	46	48	53	
42	49	50	56	59	
43	33	44	47	48	53	54	56	
44	46	57	61	64	
45	30	58	
46	23	54	67	
47	11	53	56	60	
48	15	63	68	
49	39	52	58	60	66	68	
50	44	64	65	68	69	70	
51	12	59	65	72	
52	43	
53	38	
54	25	62	69	
55	27	63	66	
56	37	58	73	
57	47	66	67	71	
58	21	63	67	68	75	80	
59	47	63	69	71	76	78	
60	48	66	
61	35	63	66	
62	27	72	74	75	
63	25	82	88	
64	12	83	
65	44	75	80	83	
66	48	69	76	
67	15	69	72	73	76	
68	45	75	76	
69	34	82	90	
70	11	75	79	88	
71	39	82	91	
72	49	77	79	91	
73	16	81	84	94	
74	24	89	92	94	
75	40	85	86	88	89	90	99	
76	15	87	89	92	
77	15	83	86	93	98	
78	22	82	88	89	90	
79	40	86	87	88	96	100	
80	26	
81	27	88	95	98	
82	41	90	91	93	100	101	102	
83	17	93	101	
84	26	90	96	
85	43	89	96	106	107	
86	49	101	
87	42	90	102	103	
88	35	
89	13	
90	28	100	107	111	112	
91	14	99	100	107	
92	37	97	98	101	104	107	
93	15	99	101	103	109	111	
94	34	99	102	103	110	
95	42	107	
96	17	115	
97	13	119	
98	24	106	111	116	119	
99	32	105	
100	19	119	
101	23	103	
102	37	108	111	115	
103	30	108	109	115	117	121	124	126	
104	10	112	114	120	123	126	127	
105	47	112	120	123	125	127	
106	44	113	117	118	125	126	
107	46	108	120	
108	21	120	125	130	134	
109	41	117	122	125	133	
110	33	120	121	123	126	134	
111	14	118	119	126	128	132	
112	49	118	119	
113	19	117	125	130	134	
114	19	134	
115	25	122	129	132	135	
116	10	123	127	129	138	
117	16	137	139	
118	40	123	126	128	131	132	
119	29	132	
120	36	121	122	127	131	134	
121	41	137	139	141	143	146	
122	37	129	131	134	142	143	144	
123	15	128	140	141	144	
124	32	138	
125	49	139	143	
126	47	129	136	138	
127	23	128	129	130	139	
128	20	149	
129	23	148	149	153	
130	15	137	141	142	144	147	150	153	
131	11	138	140	141	147	152	
132	47	137	139	140	144	
133	10	139	144	150	
134	15	135	136	140	150	
135	11	141	142	147	148	155	157	158	
136	47	149	155	158	
137	31	145	149	153	159	
138	30	150	
139	11	148	152	155	157	
140	33	157	158	
141	26	151	152	160	
142	30	152	154	155	166	
143	27	147	156	
144	31	147	158	164	165	
145	13	150	153	166	
146	27	156	158	
147	27	155	156	162	
148	26	156	162	169	172	
149	49	154	
150	18	154	160	166	167	
151	45	158	160	161	164	167	171	
152	35	154	
153	20	155	156	161	168	170	
154	20	163	173	175	177	
155	10	165	166	173	
156	33	161	170	173	179	
157	41	170	173	177	178	179	
158	42	163	166	167	170	171	179	
159	26	167	168	169	173	
160	29	168	176	178	
161	25	168	
162	36	171	172	
163	32	169	170	172	174	177	
164	38	171	
165	43	167	168	
166	49	172	173	178	179	
167	10	
168	45	
169	25	177	
170	18	
171	24	178	
172	29	175	177	179	
173	22	178	
174	39	
175	22	
176	38	
177	38	
178	12	
179	46	
