node	size	children
0	16	6	7	9	11	12	14	16	17	24	
1	32	7	9	10	11	12	14	20	21	22	23	
2	27	6	7	9	11	13	14	15	16	17	18	
3	24	6	7	10	11	16	17	20	22	24	
4	13	6	8	10	13	15	16	21	22	
5	41	6	9	14	16	17	20	
6	30	15	26	
7	28	15	25	29	
8	16	15	20	30	
9	25	27	30	
10	35	25	30	
11	13	14	19	21	23	26	27	
12	22	14	27	
13	22	28	31	
14	24	20	28	30	
15	25	24	31	35	
16	13	24	28	34	
17	28	21	24	28	32	34	
18	25	25	26	28	33	
19	44	31	33	36	
20	13	31	35	37	38	40	
21	21	25	33	35	37	39	42	
22	44	40	
23	25	33	40	42	
24	29	39	40	42	
25	28	32	33	36	37	39	41	49	
26	12	46	
27	12	36	41	44	46	
28	17	31	36	38	39	44	45	46	
29	22	40	44	45	48	
30	20	37	38	
31	18	47	51	55	
32	36	43	53	
33	23	43	49	55	
34	24	49	51	
35	22	45	
36	11	39	44	51	54	55	
37	46	43	51	
38	24	44	
39	30	50	55	
40	44	
41	37	49	55	
42	48	51	53	60	
43	14	50	65	
44	19	50	52	60	61	62	63	
45	20	58	59	
46	12	53	59	66	
47	36	52	59	65	
48	37	50	51	52	56	59	63	67	
49	13	67	
50	49	57	
51	17	63	69	
52	16	68	74	
53	28	61	62	
54	22	56	65	67	68	73	
55	45	65	71	
56	47	64	68	78	
57	12	63	74	76	77	
58	16	66	
59	25	65	
60	31	75	77	
61	15	67	68	76	
62	33	73	75	76	77	82	84	
63	32	70	71	75	80	84	
64	16	70	72	73	82	84	
65	49	69	79	
66	10	70	75	86	
67	34	73	
68	47	76	79	89	
69	42	77	81	91	
70	20	75	79	83	87	93	
71	28	77	79	89	91	93	
72	18	77	83	87	
73	41	85	87	88	
74	27	89	
75	25	81	83	91	95	
76	31	95	96	
77	26	94	
78	22	84	89	90	91	98	
79	35	83	84	86	87	94	97	99	
80	33	81	83	
81	45	91	94	99	100	
82	15	89	93	94	96	97	100	
83	49	93	
84	24	93	96	102	
85	30	90	93	97	99	102	103	
86	22	90	98	
87	36	92	102	
88	24	96	
89	32	101	
90	39	108	111	
91	22	107	108	
92	37	96	111	
93	41	95	103	104	106	
94	41	111	115	116	117	
95	42	105	108	110	111	113	114	116	
96	28	108	109	
97	24	101	103	104	107	111	
98	34	101	103	
99	31	113	115	
100	46	115	123	
101	33	110	114	119	
102	37	107	108	120	
103	44	107	
104	20	122	
105	21	
106	19	112	115	120	
107	24	112	117	118	
108	24	112	113	117	121	131	
109	39	114	125	131	
110	17	112	126	131	
111	25	112	114	116	118	122	126	128	
112	33	119	127	132	133	
113	21	119	120	129	137	
114	29	119	121	124	
115	19	119	122	134	135	
116	49	119	130	134	138	
117	43	129	130	132	
118	19	132	
119	30	126	136	139	144	
120	17	130	132	
121	23	126	132	136	138	
122	49	129	134	137	141	
123	49	129	138	141	
124	11	129	133	134	139	
125	44	134	145	
126	30	134	139	142	145	150	
127	28	140	141	142	
128	22	135	140	141	142	144	147	149	
129	41	142	148	
130	12	135	150	
131	23	137	140	141	146	150	
132	10	
133	12	
134	27	144	153	157	
135	31	146	147	149	
136	42	
137	39	143	156	
138	35	140	144	149	151	153	154	
139	29	157	164	
140	47	146	149	154	157	164	
141	39	152	155	
142	47	145	
143	30	149	152	154	161	163	
144	45	163	
145	20	154	163	164	169	
146	22	158	161	163	164	166	170	
147	28	152	153	154	157	159	162	166	
148	24	153	157	160	165	169	
149	24	154	155	157	158	161	165	169	
150	26	153	156	169	
151	25	158	159	
152	32	159	160	164	
153	22	165	173	
154	33	159	172	175	
155	35	160	171	
156	33	162	163	
157	23	
158	28	159	160	166	173	175	
159	24	178	
160	21	167	170	174	179	
161	44	169	
162	29	173	177	
163	33	168	170	176	
164	42	
165	28	171	175	179	
166	46	171	172	
167	25	171	172	177	
168	45	179	
169	44	
170	12	171	175	
171	10	
172	28	178	179	
173	43	
174	30	
175	39	
176	30	177	
177	18	
178	43	
179	33	
