node	size	children
0	26	8	9	10	13	15	17	18	
1	11	6	7	8	9	10	12	14	15	16	17	18	
2	27	7	9	10	14	16	18	
3	44	6	7	8	9	10	11	14	16	
4	31	7	8	13	14	17	22	
5	36	12	13	17	22	
6	25	13	23	25	30	
7	36	
8	48	18	19	24	26	
9	49	23	25	26	
10	46	22	28	31	
11	48	19	23	
12	15	23	29	37	
13	19	19	20	21	26	34	
14	39	19	26	32	33	
15	45	22	
16	17	23	28	
17	48	22	24	34	35	
18	27	25	27	30	36	
19	29	25	27	32	
20	24	29	32	42	
21	40	25	37	44	
22	47	26	31	42	
23	31	31	34	
24	15	39	40	45	
25	16	34	35	41	50	
26	19	34	46	
27	34	51	
28	48	34	46	51	
29	18	36	47	48	49	50	52	
30	29	37	38	43	47	51	
31	18	35	36	47	
32	25	39	51	54	
33	32	41	57	
34	14	
35	37	49	55	
36	40	46	53	55	
37	20	55	57	
38	32	50	
39	49	53	
40	18	47	49	54	61	62	63	
41	17	47	55	57	61	
42	33	51	55	61	62	
43	17	46	47	51	53	56	63	
44	23	50	63	
45	35	50	57	58	59	
46	38	54	57	
47	10	53	67	
48	14	59	65	67	
49	45	56	60	66	69	70	71	
50	41	56	67	
51	19	57	66	
52	23	61	66	
53	11	
54	18	65	75	77	
55	29	62	63	65	77	
56	41	61	62	
57	36	68	73	74	75	77	
58	20	64	66	75	
59	29	65	79	
60	35	66	69	76	77	
61	32	69	71	72	77	83	
62	21	71	73	82	
63	27	73	83	
64	17	67	69	73	83	
65	26	78	
66	33	78	81	
67	30	79	85	
68	20	86	90	
69	42	81	82	90	
70	20	77	78	90	
71	46	85	
72	24	88	92	
73	12	78	81	84	87	90	92	94	
74	42	82	85	87	88	92	
75	36	83	
76	14	80	93	95	96	
77	28	
78	12	86	93	100	
79	37	
80	37	86	95	99	101	103	
81	24	91	97	98	100	
82	49	84	87	89	95	100	
83	37	89	90	
84	31	93	94	95	99	108	
85	23	92	94	95	98	99	109	
86	37	95	104	106	
87	41	101	106	
88	42	94	96	98	
89	22	92	93	96	104	107	
90	30	92	93	101	
91	15	99	102	106	107	108	114	
92	49	102	105	106	108	
93	47	104	
94	41	109	113	115	116	
95	49	100	101	
96	45	98	106	109	111	115	
97	32	104	107	110	112	122	
98	39	108	109	112	115	118	119	
99	21	109	119	121	
100	17	108	
101	42	
102	36	109	114	
103	13	108	110	
104	10	117	127	
105	17	111	115	119	
106	15	111	121	
107	31	111	113	124	
108	31	110	111	112	123	
109	35	115	118	128	
110	25	119	129	
111	25	119	121	125	129	131	133	136	
112	32	118	130	131	
113	19	118	124	
114	39	125	130	131	135	
115	13	126	131	
116	40	120	123	124	128	134	
117	39	128	130	133	141	
118	41	123	128	133	134	137	142	
119	14	127	134	
120	31	123	135	
121	16	131	141	
122	17	129	131	134	135	136	141	
123	45	133	136	
124	41	133	146	147	
125	31	144	145	
126	49	132	133	142	
127	48	132	138	141	
128	15	130	135	141	144	
129	20	147	
130	46	
131	40	138	139	140	150	
132	33	140	143	
133	44	148	151	
134	32	147	148	153	154	
135	25	137	140	146	154	
136	18	146	149	153	
137	46	144	151	155	156	160	
138	13	148	151	154	156	
139	29	145	155	161	
140	23	153	155	160	
141	31	146	151	156	
142	10	146	154	159	160	
143	25	161	163	
144	36	153	162	167	
145	19	158	166	
146	19	152	166	
147	38	152	154	163	164	
148	33	152	156	161	163	
149	44	155	158	162	165	171	172	
150	27	157	172	
151	26	163	166	172	
152	39	155	157	163	170	
153	26	158	159	162	166	168	170	171	173	174	
154	16	162	166	172	174	
155	14	171	173	178	
156	39	166	173	174	
157	39	173	176	
158	26	167	169	175	
159	10	
160	18	
161	22	163	170	177	
162	44	176	179	
163	30	171	
164	44	177	
165	42	170	172	173	
166	11	174	
167	46	170	173	174	
168	20	170	176	
169	23	179	
170	27	178	
171	17	178	
172	20	179	
173	33	179	
174	21	177	179	
175	42	176	
176	36	
177	29	
178	44	
179	26	
