node	size	children
0	24	7	8	10	11	12	14	16	17	18	19	
1	39	7	8	17	19	
2	38	7	9	18	19	
3	12	17	18	22	25	
4	14	7	8	12	22	23	
5	45	7	8	16	17	
6	32	7	8	13	16	17	18	22	
7	11	21	22	
8	48	19	25	
9	48	28	29	30	31	
10	32	19	27	28	30	
11	48	22	25	28	
12	32	14	21	24	27	31	
13	17	14	15	27	
14	49	38	
15	28	30	38	39	
16	27	28	33	38	
17	44	26	35	38	
18	17	20	23	31	32	35	37	
19	37	20	23	24	34	37	
20	46	28	
21	10	31	32	37	38	
22	21	28	29	30	38	
23	29	29	33	36	
24	29	30	
25	45	29	31	32	45	46	
26	12	27	31	35	43	
27	38	47	49	52	
28	43	
29	15	45	46	49	
30	28	
31	31	37	
32	37	34	36	44	48	
33	15	37	44	47	52	
34	48	41	43	60	
35	41	41	43	54	60	
36	36	40	41	43	44	45	47	
37	36	43	59	60	
38	32	40	44	49	50	
39	34	42	44	
40	34	47	53	57	59	
41	12	64	
42	15	48	55	58	61	65	
43	27	48	61	65	
44	19	60	63	
45	43	51	
46	27	48	49	
47	30	58	60	62	66	67	72	
48	36	58	67	69	
49	19	55	56	57	67	69	73	
50	15	65	70	71	
51	34	55	70	
52	27	55	63	
53	37	60	62	63	67	70	
54	35	75	
55	12	65	69	73	
56	11	69	72	78	
57	13	74	
58	36	64	65	66	76	80	
59	13	72	77	80	
60	45	61	71	77	78	
61	43	73	81	83	84	
62	10	75	81	85	
63	34	68	72	76	81	84	
64	15	68	70	86	
65	30	75	82	83	
66	13	68	75	76	77	85	
67	25	72	83	
68	47	77	80	83	84	86	90	
69	48	
70	29	76	79	82	85	
71	44	77	84	85	
72	14	81	86	89	
73	34	79	83	85	86	87	
74	45	84	96	98	99	
75	23	81	90	97	
76	18	82	86	88	
77	39	82	96	98	
78	44	82	83	87	96	98	
79	35	87	93	
80	27	82	87	
81	43	94	97	105	
82	26	102	
83	49	91	92	106	
84	48	91	
85	22	93	105	
86	29	93	105	
87	33	100	113	
88	22	95	103	105	107	110	
89	27	93	95	97	98	101	104	107	111	112	
90	27	97	100	107	112	
91	29	112	
92	22	93	105	109	113	
93	20	112	
94	37	100	107	108	113	115	
95	30	101	
96	22	117	
97	42	101	111	
98	36	106	118	
99	12	101	105	114	
100	25	118	119	
101	13	109	
102	32	109	114	115	121	122	
103	20	109	113	117	119	121	122	
104	35	108	112	113	116	118	119	123	125	
105	16	108	117	121	125	127	
106	22	112	113	115	117	127	
107	35	128	130	132	
108	26	114	120	130	
109	14	117	120	
110	15	115	
111	32	114	115	118	119	121	129	130	132	
112	27	114	115	117	119	122	131	
113	20	119	123	126	130	
114	28	121	122	127	128	133	136	
115	25	
116	48	132	133	134	139	
117	34	132	
118	27	122	125	133	139	
119	33	123	124	127	129	130	134	
120	28	127	134	136	
121	19	135	
122	44	133	140	142	145	
123	25	144	
124	13	132	141	143	
125	44	136	138	139	141	
126	28	134	135	139	141	
127	32	139	
128	44	135	146	149	150	
129	14	136	142	145	151	
130	10	141	145	
131	26	137	
132	31	140	146	149	
133	15	134	135	144	150	
134	19	151	153	154	
135	19	140	147	154	
136	30	147	154	156	157	
137	34	145	
138	20	145	156	
139	23	140	141	143	146	154	
140	18	149	155	157	159	
141	27	152	
142	38	152	157	158	
143	45	146	149	157	159	160	161	
144	25	164	
145	47	148	150	155	158	
146	23	158	165	
147	19	160	165	167	
148	38	153	154	163	166	167	170	
149	33	156	158	162	163	169	171	
150	26	157	166	
151	47	165	
152	27	154	155	160	161	163	170	
153	48	160	164	169	172	176	178	
154	19	163	166	171	172	
155	19	164	177	
156	41	164	170	171	
157	32	165	168	171	173	
158	32	164	175	178	
159	11	167	168	176	
160	49	178	
161	47	168	174	
162	35	166	175	179	
163	40	175	
164	39	169	
165	44	166	
166	35	175	
167	35	173	
168	30	
169	31	
170	49	174	
171	23	179	
172	42	174	176	
173	45	
174	12	
175	32	
176	18	
177	38	179	
178	49	
179	40	
