node	size	children
0	26	10	13	14	19	20	
1	11	9	10	12	19	
2	48	10	15	16	
3	36	13	18	22	23	24	
4	41	12	18	
5	49	7	8	9	10	11	12	18	
6	26	10	12	13	21	
7	37	15	16	17	
8	40	14	16	21	25	26	
9	38	16	27	28	
10	26	13	16	23	
11	15	13	14	22	23	24	25	26	28	31	
12	41	20	27	
13	44	20	25	26	39	
14	48	19	21	26	33	38	
15	17	28	34	35	
16	47	20	24	29	32	
17	32	21	26	33	35	36	
18	18	20	24	31	38	
19	27	26	27	31	34	36	39	44	
20	27	36	40	44	
21	42	
22	29	33	
23	42	46	
24	34	46	
25	48	27	30	39	43	45	
26	41	35	
27	27	42	
28	28	47	48	
29	31	48	52	
30	22	36	40	45	48	50	
31	11	34	35	37	39	40	46	
32	38	36	37	38	40	46	
33	19	44	
34	38	46	
35	17	41	47	48	59	
36	36	45	47	48	
37	42	47	53	
38	20	42	43	47	50	
39	31	40	47	54	55	56	57	
40	22	51	52	53	56	58	59	61	
41	17	55	60	63	
42	44	49	50	62	
43	34	52	61	65	
44	31	49	51	
45	30	51	59	63	
46	18	50	52	60	62	63	
47	37	55	72	
48	29	58	61	62	
49	36	70	72	
50	33	56	
51	21	58	68	69	
52	45	55	64	65	69	70	
53	14	61	63	66	
54	13	68	78	
55	23	60	64	65	68	69	78	
56	33	61	70	72	75	77	
57	46	74	76	
58	21	63	67	70	72	74	78	
59	36	61	63	73	
60	23	67	71	82	
61	33	66	70	72	73	79	83	84	
62	27	66	73	80	81	
63	38	78	79	
64	19	77	78	
65	12	
66	44	79	80	
67	35	82	89	
68	22	77	80	82	
69	49	86	
70	46	77	79	91	
71	33	73	77	82	86	91	
72	33	77	83	86	88	91	
73	43	90	91	
74	27	84	87	
75	33	80	85	89	
76	28	80	84	86	94	97	
77	40	84	93	94	96	
78	16	84	98	
79	17	91	102	
80	33	86	91	96	104	
81	27	100	102	
82	35	98	
83	46	87	88	89	94	97	104	
84	43	97	101	103	
85	29	96	
86	18	93	95	99	104	
87	32	108	
88	20	96	103	109	
89	11	95	100	108	
90	17	92	94	102	
91	49	97	103	104	
92	40	105	115	117	
93	48	108	
94	49	101	
95	47	101	108	113	116	
96	48	100	101	110	
97	21	100	101	103	105	107	110	114	
98	45	102	105	110	113	
99	17	107	111	118	124	
100	45	108	111	
101	48	106	112	113	118	
102	48	106	110	124	
103	14	110	113	114	120	
104	27	106	107	114	115	118	121	
105	37	115	117	118	125	126	130	
106	48	111	125	130	
107	40	120	123	126	
108	36	126	
109	36	115	124	
110	16	114	115	
111	21	120	122	124	126	129	133	
112	18	118	122	123	131	132	134	
113	39	132	134	
114	42	120	129	
115	34	118	119	120	132	
116	15	125	129	130	
117	30	119	125	135	
118	29	135	138	
119	36	129	144	
120	25	130	
121	36	136	142	143	145	
122	10	127	135	141	142	
123	14	125	128	142	145	
124	40	127	136	139	
125	32	134	142	143	
126	15	135	136	137	146	150	
127	14	141	
128	47	135	138	146	
129	12	135	143	
130	43	132	141	
131	42	136	141	148	
132	15	
133	34	139	143	150	
134	48	139	144	146	147	149	153	158	
135	16	140	142	144	147	
136	31	141	155	156	
137	12	158	
138	49	150	151	
139	11	154	157	158	159	161	
140	49	151	159	162	
141	43	146	150	159	
142	25	150	156	160	162	
143	17	159	162	
144	25	162	
145	21	154	157	
146	40	153	169	
147	28	158	161	164	167	170	
148	30	160	165	
149	14	154	160	163	170	171	
150	28	152	158	161	171	
151	40	
152	43	167	171	173	
153	44	164	165	167	170	171	175	177	
154	46	173	
155	47	160	162	166	172	174	
156	48	163	166	173	
157	29	161	163	165	168	175	177	
158	39	163	167	
159	33	179	
160	12	165	166	174	175	178	
161	27	171	173	176	
162	27	166	176	
163	18	176	
164	39	168	169	177	
165	49	176	
166	20	177	
167	36	175	
168	13	176	178	
169	22	173	176	179	
170	24	173	177	
171	40	178	
172	37	179	
173	12	
174	30	
175	33	179	
176	43	
177	29	
178	45	
179	29	
