node	size	children
0	32	9	10	11	13	18	20	22	26	
1	11	7	8	9	12	19	24	
2	19	8	9	14	18	19	21	24	
3	41	10	15	16	24	
4	32	14	15	26	
5	27	10	16	24	
6	38	7	9	10	11	15	19	21	24	
7	37	18	22	24	26	29	
8	48	22	26	
9	28	13	17	22	25	
10	23	15	17	28	
11	37	17	23	
12	31	17	21	32	
13	40	25	32	
14	21	29	31	32	35	
15	44	22	28	31	32	
16	12	29	30	31	37	
17	26	25	29	
18	18	33	
19	10	23	27	
20	34	34	44	
21	43	35	41	
22	15	37	40	44	
23	41	29	30	40	
24	30	32	34	36	
25	32	36	38	
26	19	29	36	
27	42	35	38	48	
28	16	37	
29	46	43	
30	20	34	36	38	42	49	
31	35	33	34	49	
32	29	34	38	
33	25	
34	41	40	50	55	
35	44	39	56	57	58	
36	31	39	43	45	53	56	58	
37	32	42	48	49	53	58	
38	38	46	47	
39	42	47	50	52	56	59	61	64	
40	33	48	58	60	
41	41	51	56	58	60	63	
42	49	46	54	57	59	63	
43	41	52	54	56	60	61	
44	25	53	59	61	
45	29	
46	13	57	59	68	
47	30	56	57	
48	14	53	57	59	62	71	
49	47	57	69	
50	18	
51	15	52	64	67	
52	43	
53	38	59	64	
54	24	60	76	
55	44	64	67	76	
56	41	60	62	74	75	
57	18	61	62	67	73	
58	14	61	62	64	68	70	75	
59	14	74	77	81	82	
60	47	68	71	74	76	83	
61	30	71	73	81	
62	16	66	74	75	83	
63	43	65	66	73	75	77	79	
64	30	67	74	76	77	81	83	
65	19	73	74	80	
66	39	80	83	
67	25	79	80	85	88	89	
68	46	79	80	83	89	
69	45	75	77	84	88	89	
70	12	72	
71	18	88	
72	44	80	81	85	96	
73	10	79	88	94	
74	18	
75	11	78	82	85	86	
76	17	78	96	
77	23	
78	13	89	
79	11	91	98	100	
80	34	89	
81	47	86	91	94	
82	38	86	87	94	100	
83	48	102	
84	35	91	96	99	100	101	109	
85	16	90	94	95	99	102	
86	24	94	99	107	
87	38	91	92	100	102	104	106	109	
88	36	99	103	106	108	
89	12	91	93	96	99	
90	17	102	113	
91	41	105	107	113	
92	47	105	110	
93	20	100	114	
94	12	100	103	105	111	116	
95	36	97	103	105	106	111	116	
96	33	102	111	116	
97	22	104	111	114	115	119	
98	44	107	114	119	
99	20	104	106	110	114	116	117	118	
100	30	106	115	117	
101	34	117	
102	16	107	111	
103	36	111	113	121	122	125	
104	33	128	
105	34	112	115	
106	24	113	114	115	123	126	128	
107	26	113	116	126	
108	43	112	113	122	
109	27	119	125	
110	40	124	127	130	
111	14	122	125	127	132	
112	33	117	123	
113	15	123	127	128	130	133	134	
114	44	120	122	123	124	129	133	
115	14	120	125	
116	45	120	125	127	128	131	134	
117	23	136	
118	41	135	136	137	138	
119	44	126	137	
120	28	123	
121	46	138	
122	17	
123	41	145	146	
124	16	140	141	144	
125	43	130	140	
126	12	
127	25	131	132	133	143	144	
128	48	133	137	143	145	146	
129	45	151	
130	17	135	141	142	151	
131	24	145	149	150	151	
132	33	139	142	144	
133	41	136	138	142	
134	45	138	143	150	151	
135	10	152	155	
136	17	143	153	
137	27	145	146	
138	32	147	157	160	161	
139	19	143	144	149	153	
140	42	150	156	158	
141	11	154	157	
142	16	150	152	157	158	
143	27	162	166	
144	10	153	158	159	161	162	
145	18	150	153	154	157	162	167	
146	20	148	155	167	
147	26	151	166	167	
148	35	159	164	169	
149	19	155	165	167	
150	22	158	165	166	
151	16	155	157	
152	22	158	159	161	164	165	171	
153	33	155	158	160	161	163	
154	29	161	163	169	
155	24	173	178	
156	44	
157	39	174	
158	24	164	168	175	
159	49	167	176	
160	20	165	178	
161	36	162	167	171	
162	47	171	178	
163	17	175	
164	32	169	173	
165	49	170	171	175	
166	44	172	174	177	
167	16	168	169	170	172	177	178	
168	29	176	
169	10	176	177	
170	36	175	177	
171	49	175	178	
172	45	176	
173	13	176	179	
174	11	175	176	
175	22	
176	35	
177	17	
178	14	
179	33	
