node	size	children
0	19	10	11	13	15	22	23	
1	33	7	9	11	13	
2	18	7	9	10	11	14	25	26	
3	42	8	9	11	13	16	23	
4	29	7	10	12	13	16	
5	25	8	13	15	21	22	25	
6	21	9	11	13	20	21	
7	20	18	24	
8	30	
9	24	16	30	
10	22	16	21	24	27	
11	44	17	19	26	28	32	
12	47	23	24	26	
13	31	21	26	30	
14	46	24	25	26	38	
15	36	25	30	
16	10	23	27	30	32	
17	35	22	28	30	35	
18	37	27	28	
19	45	27	29	37	
20	47	42	
21	37	32	37	
22	35	41	
23	44	28	31	32	36	38	
24	32	32	36	40	
25	34	27	33	37	
26	47	28	33	40	
27	45	38	40	
28	11	33	36	40	45	49	
29	27	39	41	44	49	50	
30	27	36	37	40	44	47	49	
31	12	34	36	37	41	46	47	49	50	
32	20	33	38	41	44	
33	27	47	53	54	
34	45	53	
35	26	55	
36	24	48	49	50	51	53	57	
37	18	43	50	55	57	
38	47	50	56	
39	40	51	
40	23	63	
41	35	52	60	
42	19	62	63	
43	33	54	56	58	
44	22	46	47	58	60	63	
45	31	61	63	
46	14	53	61	62	
47	32	
48	47	55	58	61	65	
49	44	57	69	70	
50	36	55	59	60	61	62	
51	26	63	67	
52	44	65	66	72	74	76	
53	37	59	60	65	66	75	
54	10	59	65	66	70	
55	25	60	62	
56	45	58	61	76	
57	40	62	67	75	
58	21	
59	28	72	73	75	82	
60	21	64	68	69	70	77	81	
61	46	64	68	70	77	
62	47	64	68	69	77	
63	43	68	76	
64	42	71	76	79	
65	48	81	
66	18	71	
67	33	72	76	
68	33	71	77	85	86	
69	15	71	80	82	
70	43	80	
71	34	79	85	87	88	94	
72	17	87	91	92	93	
73	21	83	94	
74	40	79	
75	13	78	80	83	84	87	
76	11	78	82	83	84	87	88	94	
77	34	85	86	90	94	100	101	
78	33	85	100	101	
79	11	93	99	
80	23	84	88	96	98	99	
81	38	86	88	90	98	
82	46	90	96	97	100	
83	44	100	104	107	
84	35	89	92	93	95	103	
85	46	89	95	101	106	
86	38	89	98	
87	31	89	90	96	106	
88	45	101	104	
89	41	100	102	103	113	
90	36	99	111	
91	30	98	110	
92	12	97	105	112	114	
93	43	106	114	
94	27	96	101	108	
95	17	106	107	113	120	
96	31	104	107	
97	37	105	118	
98	36	110	111	113	118	
99	15	103	107	108	113	115	
100	43	104	116	118	119	
101	12	114	
102	42	110	117	119	
103	23	110	
104	31	110	116	
105	20	109	119	120	
106	48	108	109	116	120	
107	28	109	113	117	120	121	
108	10	131	
109	30	121	123	
110	48	118	120	127	129	
111	24	121	123	125	127	
112	34	130	
113	24	121	123	129	130	
114	21	119	120	
115	34	125	
116	10	123	124	129	133	
117	20	126	
118	21	126	136	
119	27	122	126	132	138	
120	27	124	126	128	130	134	138	
121	46	130	141	
122	11	142	
123	24	138	140	145	146	
124	35	133	135	140	
125	44	129	134	146	
126	45	131	132	135	145	
127	45	141	147	150	
128	39	138	141	144	150	
129	19	138	139	144	146	149	
130	30	137	139	150	151	
131	46	134	139	150	
132	39	135	137	143	151	
133	41	140	
134	20	141	145	
135	45	144	145	154	155	
136	35	145	
137	33	158	
138	21	145	152	154	157	
139	34	144	146	154	
140	22	141	152	159	
141	47	153	165	
142	26	148	149	155	
143	45	150	158	
144	10	151	153	160	165	
145	26	
146	45	152	159	
147	22	161	162	
148	32	154	156	160	161	163	164	165	173	
149	11	156	165	
150	42	154	156	161	163	165	166	168	172	
151	45	157	158	167	
152	49	158	163	164	171	
153	25	164	169	
154	23	162	164	167	
155	20	162	165	166	173	179	
156	34	164	166	171	178	
157	28	167	
158	19	163	176	
159	18	161	176	178	
160	16	168	175	177	
161	33	168	172	174	
162	48	168	179	
163	20	167	171	173	174	
164	47	174	
165	28	170	179	
166	21	168	178	
167	19	
168	18	175	
169	36	175	179	
170	48	
171	12	175	179	
172	22	175	
173	32	
174	26	
175	23	
176	27	
177	21	
178	42	
179	40	
