node	size	children
0	38	12	18	19	25	
1	21	7	9	11	12	15	16	17	18	21	
2	40	6	7	10	11	14	15	17	
3	31	6	8	9	10	11	12	13	17	20	
4	40	7	8	9	10	11	15	16	
5	26	6	9	10	17	19	21	
6	16	13	14	15	19	31	
7	30	15	19	21	24	31	
8	35	21	30	
9	37	17	29	
10	48	14	28	29	30	31	
11	37	
12	34	13	17	19	31	
13	17	23	29	31	34	
14	12	20	26	34	
15	32	22	
16	32	21	
17	22	24	29	
18	31	25	
19	42	23	27	28	33	
20	15	38	
21	31	36	37	40	
22	33	26	32	
23	27	29	34	38	44	
24	22	30	35	
25	46	28	30	33	39	
26	18	35	38	49	
27	26	39	40	42	46	49	
28	48	33	44	45	48	49	
29	45	32	34	35	44	46	49	
30	31	32	37	
31	34	40	42	46	48	
32	40	41	49	54	55	
33	37	38	39	42	48	50	51	55	58	
34	44	51	54	
35	33	40	44	51	54	
36	14	38	42	43	46	55	57	
37	10	
38	28	52	55	
39	44	47	51	55	60	64	
40	37	46	
41	36	48	57	62	
42	20	50	55	
43	49	47	49	61	
44	27	45	
45	18	52	64	67	
46	20	53	60	62	69	
47	33	62	70	
48	46	56	66	
49	35	57	67	68	
50	39	56	59	
51	20	57	59	66	
52	37	65	76	
53	40	60	63	
54	21	60	75	
55	19	60	63	67	70	
56	15	60	61	70	73	75	
57	46	73	75	
58	23	
59	36	65	68	70	74	78	
60	15	68	72	80	82	
61	19	66	68	80	
62	48	68	69	72	81	
63	37	67	73	78	
64	47	70	83	
65	38	84	85	
66	40	74	85	90	
67	45	78	82	85	87	89	
68	30	75	80	87	89	
69	16	77	86	89	
70	12	71	78	86	
71	21	79	88	91	
72	45	
73	32	78	84	87	89	
74	20	87	90	91	96	
75	31	78	84	89	90	
76	41	92	
77	10	84	86	
78	13	88	90	98	
79	46	90	101	104	
80	30	85	101	102	
81	19	91	101	
82	19	85	91	94	101	
83	20	87	89	101	
84	25	100	
85	13	93	98	102	
86	41	93	94	96	105	106	
87	25	96	108	109	
88	21	95	96	97	
89	20	101	105	106	107	110	
90	23	92	97	99	100	103	
91	17	102	
92	47	99	102	103	105	109	113	115	
93	25	99	100	102	103	107	109	
94	48	100	102	108	109	115	116	
95	12	106	
96	44	100	106	108	109	110	
97	46	111	
98	16	108	113	114	116	121	
99	17	108	114	116	118	
100	40	106	114	
101	34	105	
102	31	105	111	113	122	
103	38	
104	22	106	117	
105	13	117	119	128	129	
106	49	113	
107	44	112	116	117	
108	19	
109	26	121	125	129	
110	10	119	122	124	129	
111	15	119	120	124	125	126	130	134	
112	17	125	131	133	
113	30	117	119	120	123	124	125	131	133	
114	27	120	123	128	130	133	
115	32	132	
116	27	119	120	122	123	136	
117	43	127	135	139	140	
118	28	131	133	134	135	138	
119	25	128	131	132	
120	21	127	128	132	136	138	
121	34	127	134	135	136	138	139	141	
122	38	126	135	139	
123	16	136	
124	43	131	134	139	144	
125	40	134	143	144	
126	15	137	143	148	
127	40	130	138	145	
128	10	
129	30	131	140	142	
130	39	142	149	151	153	155	
131	45	142	143	144	149	
132	20	138	139	146	150	
133	34	145	
134	25	139	140	143	145	150	151	
135	48	140	149	151	
136	32	149	151	152	154	
137	15	146	147	149	159	163	
138	24	146	147	154	162	
139	45	145	150	152	154	156	161	
140	37	150	154	
141	29	143	147	151	153	154	158	
142	29	146	151	
143	23	152	159	162	
144	18	155	162	
145	48	155	161	164	169	
146	39	159	
147	49	153	163	
148	49	169	
149	30	
150	29	163	168	
151	39	157	162	
152	36	158	160	162	
153	24	165	166	174	
154	12	
155	42	164	167	170	
156	39	158	162	168	172	
157	44	176	179	
158	42	164	169	179	
159	14	170	
160	32	169	172	
161	24	
162	46	
163	25	165	170	
164	20	171	172	173	
165	46	177	
166	23	179	
167	39	176	
168	46	
169	15	171	175	
170	31	
171	37	177	
172	29	179	
173	21	177	179	
174	29	176	177	178	
175	47	
176	40	
177	19	
178	13	
179	43	
