node	size	children
0	33	7	8	10	11	12	15	16	
1	34	7	11	
2	41	7	9	11	12	14	15	17	19	21	
3	24	7	8	9	11	12	13	24	
4	35	8	11	12	14	16	19	24	
5	43	7	8	9	12	
6	42	7	8	12	14	15	25	
7	26	17	22	26	
8	34	13	17	20	31	
9	22	26	28	
10	32	17	26	
11	15	18	23	26	28	
12	16	18	19	26	28	
13	27	30	
14	31	30	32	37	
15	49	
16	37	24	25	38	
17	47	34	37	
18	35	21	28	32	
19	26	24	29	30	34	36	
20	21	28	35	39	45	
21	10	29	30	34	35	41	44	45	
22	23	32	44	
23	46	44	
24	41	30	36	
25	34	27	33	41	
26	22	42	43	47	50	
27	34	39	41	42	49	51	
28	49	34	42	47	50	
29	15	37	38	42	44	52	
30	48	33	37	41	
31	20	37	43	45	
32	42	36	
33	17	46	
34	19	44	49	
35	16	47	
36	29	46	47	48	49	58	
37	41	40	45	48	
38	24	48	52	
39	49	
40	14	48	53	58	
41	42	47	51	61	63	
42	12	49	51	52	57	
43	44	51	
44	13	49	50	53	
45	31	49	57	64	
46	32	57	58	63	
47	48	53	57	64	65	
48	42	64	
49	38	53	59	60	
50	35	53	54	56	58	59	71	
51	20	55	58	
52	16	57	69	71	
53	18	62	64	68	70	76	
54	49	63	
55	15	72	73	
56	20	66	67	72	73	76	
57	24	66	74	76	78	
58	32	68	69	70	74	
59	24	69	72	73	74	75	78	85	
60	17	66	68	73	74	80	82	
61	39	66	77	
62	19	66	71	79	81	83	
63	41	71	75	85	
64	32	71	72	74	76	85	
65	16	75	76	78	82	86	88	
66	45	75	86	
67	46	75	77	87	
68	32	79	87	
69	19	78	82	90	
70	48	78	82	83	84	89	
71	27	72	78	79	82	83	85	
72	37	83	92	95	96	
73	42	80	82	86	89	92	
74	23	80	81	85	92	
75	33	83	89	92	93	
76	14	80	91	92	93	
77	46	87	94	
78	16	85	89	90	
79	29	87	90	99	103	
80	37	93	100	
81	40	86	89	97	100	
82	37	91	97	100	
83	34	
84	36	94	95	
85	41	86	87	93	96	
86	37	94	95	97	101	104	105	
87	14	94	97	99	103	105	
88	31	94	99	
89	32	104	107	109	
90	29	99	
91	36	
92	13	104	108	113	
93	15	113	114	115	
94	38	100	104	105	114	
95	33	103	
96	13	98	102	
97	40	99	
98	45	111	113	
99	29	114	
100	11	104	105	110	
101	18	120	
102	22	106	109	110	118	
103	16	113	
104	45	116	121	125	
105	46	110	115	117	120	121	125	
106	42	112	114	127	
107	49	110	116	120	
108	49	120	
109	32	111	118	121	122	125	
110	40	116	133	134	
111	46	119	132	
112	16	121	125	130	132	
113	14	116	134	
114	36	120	123	134	
115	19	116	134	
116	35	122	125	131	136	
117	30	126	129	
118	35	126	
119	41	123	
120	41	123	133	140	
121	36	124	133	
122	32	143	
123	43	135	137	144	
124	30	134	143	146	147	
125	36	128	137	141	144	146	
126	21	131	133	139	141	144	146	
127	44	128	129	136	146	148	
128	31	136	151	
129	36	135	137	138	144	147	
130	41	137	150	155	
131	47	137	145	150	153	
132	23	148	152	
133	27	142	147	
134	43	143	146	147	149	150	151	
135	26	155	
136	16	146	155	
137	30	145	151	153	155	157	
138	39	152	153	156	
139	19	142	143	151	
140	16	148	152	155	159	160	
141	23	143	157	158	159	
142	37	157	164	
143	26	157	
144	49	150	153	165	
145	37	149	158	161	
146	28	150	154	165	
147	48	158	164	
148	16	163	164	166	
149	36	159	165	170	171	
150	41	164	166	
151	37	156	158	
152	27	156	157	
153	34	162	168	
154	32	163	170	171	
155	15	165	168	170	174	
156	16	173	175	
157	15	173	174	176	
158	23	162	166	167	172	174	179	
159	28	162	163	169	170	179	
160	41	162	165	169	
161	49	162	166	168	178	
162	32	177	
163	37	177	
164	37	168	169	175	179	
165	22	173	178	179	
166	45	168	170	171	172	176	177	
167	10	171	174	
168	26	178	
169	23	
170	39	179	
171	38	
172	28	
173	45	
174	27	
175	23	
176	12	
177	11	
178	28	
179	14	
