node	size	children
0	29	7	9	12	13	14	16	17	18	23	
1	17	7	8	10	12	14	15	16	17	19	23	25	
2	26	7	9	15	
3	19	7	10	11	12	13	15	23	
4	30	7	11	12	13	14	15	21	
5	44	12	13	15	17	18	
6	11	10	14	15	17	22	25	
7	38	31	
8	44	20	30	31	
9	31	26	
10	41	16	17	22	24	30	32	
11	16	21	
12	49	16	18	
13	12	19	20	22	24	31	
14	40	27	38	
15	33	22	23	25	36	
16	26	24	27	28	30	36	
17	13	25	27	35	
18	13	25	33	35	
19	45	28	
20	11	29	36	
21	47	28	30	
22	17	43	
23	33	28	43	
24	25	28	29	35	44	45	
25	39	45	
26	12	27	29	43	
27	49	34	35	40	41	
28	45	34	36	41	45	
29	44	40	49	50	
30	11	37	40	48	51	
31	39	40	43	44	
32	29	40	44	
33	24	47	54	
34	10	48	50	57	
35	42	42	43	44	52	54	56	
36	35	44	
37	22	51	
38	28	39	52	55	56	
39	30	46	62	
40	15	55	58	61	
41	34	54	
42	10	46	57	58	61	64	
43	28	49	50	57	61	
44	34	48	49	64	
45	40	49	50	53	54	
46	20	64	71	
47	34	52	57	59	69	71	
48	34	65	68	70	
49	36	58	59	67	
50	14	70	
51	21	57	60	63	
52	17	68	
53	39	60	61	72	
54	23	69	
55	36	63	64	
56	43	63	64	
57	41	63	75	
58	47	67	71	75	
59	30	66	68	76	80	
60	36	65	66	75	83	
61	40	73	76	
62	21	71	79	
63	47	67	68	76	82	83	
64	40	65	69	70	80	83	
65	17	83	84	
66	17	74	85	88	89	
67	35	74	82	83	86	89	
68	12	73	78	79	
69	35	78	
70	29	74	88	
71	34	74	77	79	81	84	88	89	
72	34	81	85	88	90	95	
73	39	78	81	95	
74	42	87	88	90	92	
75	44	78	89	92	
76	31	
77	13	87	91	92	
78	46	85	87	89	95	
79	15	85	91	93	99	
80	14	85	90	94	98	100	
81	11	96	
82	41	96	
83	12	88	96	97	102	
84	30	85	87	92	96	99	
85	38	96	109	
86	47	95	98	99	104	
87	17	92	93	97	103	108	
88	23	99	108	
89	36	107	
90	16	95	
91	43	104	108	112	114	
92	38	97	100	104	105	108	
93	31	97	107	109	111	114	
94	36	98	103	108	111	
95	28	97	98	103	111	114	
96	38	101	107	109	
97	38	104	112	115	117	
98	30	119	
99	36	121	122	
100	48	108	111	113	121	122	
101	21	106	107	113	116	120	
102	48	120	
103	38	112	
104	38	110	127	
105	48	120	122	
106	41	110	111	112	114	115	116	123	
107	47	114	118	122	124	
108	15	118	124	
109	35	117	118	119	121	127	
110	29	129	130	134	136	
111	23	117	130	133	136	
112	35	120	132	
113	49	133	
114	40	133	
115	37	126	128	130	134	
116	47	128	134	
117	29	132	140	
118	19	123	128	133	
119	46	
120	11	135	136	137	
121	11	128	140	
122	37	125	131	135	137	143	
123	35	134	
124	48	146	149	
125	49	130	131	135	136	142	
126	14	132	135	138	140	144	147	
127	48	136	137	141	
128	19	139	146	149	
129	27	138	141	146	
130	32	141	156	
131	30	144	145	152	
132	12	146	149	151	152	
133	35	154	
134	47	137	140	143	144	147	155	
135	11	147	149	
136	10	147	
137	40	151	156	157	162	
138	41	150	153	160	
139	21	152	156	159	162	
140	32	157	160	
141	37	146	157	160	
142	33	144	147	148	151	
143	20	152	154	
144	21	150	158	162	163	164	
145	31	163	167	
146	13	151	155	156	160	
147	26	157	
148	12	154	156	159	162	
149	40	154	155	157	159	
150	16	168	
151	27	160	168	172	
152	37	165	173	
153	25	167	
154	43	163	
155	37	157	159	171	174	
156	12	159	161	167	169	
157	18	168	172	177	
158	16	169	170	
159	44	163	165	166	167	172	173	174	177	
160	17	174	177	
161	49	167	174	175	176	
162	26	165	172	175	176	177	
163	26	170	173	175	177	
164	11	176	178	179	
165	46	170	171	174	179	
166	19	170	171	179	
167	33	179	
168	47	171	173	
169	21	
170	10	
171	26	177	
172	29	
173	13	
174	45	176	
175	39	179	
176	25	
177	35	
178	40	
179	39	
