node	size	children
0	26	9	10	11	12	13	16	18	
1	45	13	16	17	18	20	23	
2	28	7	9	11	12	14	16	18	23	
3	10	8	9	11	13	17	
4	22	9	10	11	15	24	25	
5	38	7	9	10	11	21	25	
6	43	9	10	12	14	16	17	25	
7	46	23	29	31	
8	22	13	27	
9	31	15	18	21	25	
10	45	19	21	31	
11	17	13	14	16	25	29	
12	23	22	
13	23	23	24	28	30	
14	32	27	33	35	
15	21	22	24	26	31	35	
16	46	22	24	26	
17	28	23	25	26	27	30	36	38	
18	23	21	22	23	30	
19	44	28	37	
20	21	26	30	32	36	
21	45	28	35	37	42	
22	36	35	44	
23	27	30	35	44	45	
24	40	26	27	31	35	38	39	
25	31	36	43	
26	46	
27	30	36	38	40	
28	26	34	38	39	44	
29	21	34	37	38	47	48	
30	46	37	38	39	40	
31	39	41	49	
32	25	37	41	45	
33	28	41	43	52	53	
34	42	43	51	53	54	57	
35	37	41	42	45	49	55	
36	29	44	57	
37	48	40	42	50	
38	43	40	52	56	
39	12	46	47	51	61	
40	11	64	
41	17	52	60	
42	42	55	59	
43	23	52	60	
44	35	49	52	62	64	
45	15	49	51	57	58	63	
46	15	55	
47	45	56	68	
48	18	55	67	69	70	
49	44	57	63	68	
50	37	53	71	
51	23	63	71	
52	17	62	65	71	78	
53	19	65	75	
54	26	60	63	66	73	
55	28	64	73	76	
56	27	73	76	
57	42	59	67	75	
58	15	70	75	78	
59	20	72	74	
60	28	67	69	72	75	78	80	81	82	
61	20	65	71	72	75	79	81	82	
62	26	71	73	80	81	
63	37	69	72	85	
64	33	67	69	72	74	85	
65	19	83	86	87	90	91	
66	20	82	84	91	
67	28	84	
68	45	75	
69	36	78	
70	36	73	74	
71	10	77	84	91	
72	10	88	97	
73	10	83	86	90	
74	12	83	97	
75	10	80	90	94	97	
76	46	80	95	
77	25	82	83	90	95	
78	25	81	
79	30	89	100	102	
80	36	
81	32	90	95	99	
82	24	
83	18	91	95	96	99	
84	27	
85	45	91	93	
86	39	105	
87	35	92	104	105	106	
88	13	93	94	105	109	
89	23	107	
90	39	
91	36	97	101	105	107	
92	20	103	113	
93	47	103	106	107	113	114	
94	46	98	100	110	115	
95	46	101	110	115	
96	41	101	102	112	115	
97	11	103	105	106	108	111	113	
98	32	108	112	119	
99	39	106	121	122	
100	20	112	
101	25	
102	48	112	116	117	
103	34	106	108	
104	36	114	117	119	
105	32	113	114	125	126	
106	15	112	114	126	
107	41	
108	44	117	121	123	124	
109	25	122	125	128	
110	21	111	118	
111	25	120	121	122	131	
112	49	120	124	128	130	
113	42	123	
114	19	120	123	127	129	133	134	
115	17	119	129	
116	11	121	122	125	
117	23	134	140	
118	15	124	128	136	137	140	
119	42	125	136	
120	32	123	125	131	132	
121	19	123	128	131	139	
122	36	130	131	134	135	139	
123	17	131	142	
124	24	132	137	138	143	144	
125	16	130	135	147	
126	41	129	130	132	139	144	145	
127	26	136	138	139	146	147	
128	43	130	
129	41	135	
130	15	136	137	138	142	144	146	
131	35	135	139	141	142	144	147	152	
132	12	135	146	147	150	152	153	154	
133	33	145	148	
134	28	150	
135	17	144	153	156	
136	22	143	150	152	155	158	160	
137	26	141	142	143	150	157	158	
138	24	143	146	154	156	
139	24	156	
140	20	154	156	159	
141	44	156	162	163	166	168	
142	12	153	
143	41	156	
144	27	151	162	
145	39	149	154	155	164	
146	39	152	154	160	167	
147	36	152	153	154	159	160	
148	23	166	
149	39	155	159	172	
150	45	157	161	164	165	166	168	
151	33	160	162	164	166	169	
152	10	166	171	
153	32	172	
154	40	160	164	172	174	
155	49	165	
156	21	
157	25	167	
158	27	166	171	174	
159	40	168	170	171	173	176	179	
160	29	164	
161	12	167	175	178	
162	43	175	
163	46	173	179	
164	12	171	174	
165	18	172	173	
166	16	170	173	
167	49	173	174	
168	49	172	
169	18	175	179	
170	25	179	
171	11	
172	22	
173	45	179	
174	47	177	178	
175	43	
176	13	
177	15	
178	29	
179	26	
