node	size	children
0	27	7	9	10	11	12	16	
1	46	6	7	8	9	10	11	12	13	14	17	19	
2	10	9	10	11	17	20	23	
3	47	6	8	9	11	13	16	17	
4	19	10	11	13	15	16	
5	34	8	10	13	15	16	
6	34	22	29	
7	34	18	23	29	
8	39	12	15	16	
9	34	12	15	23	26	28	29	
10	45	15	21	25	26	28	
11	46	17	21	
12	38	18	22	24	26	32	35	36	
13	40	26	35	
14	35	19	23	
15	15	27	32	36	
16	29	21	
17	18	20	31	
18	41	37	
19	20	24	32	
20	25	
21	28	29	35	37	40	41	
22	19	32	37	38	
23	41	
24	45	40	41	44	
25	22	41	47	
26	37	30	33	42	43	47	48	
27	12	34	35	36	40	
28	47	35	36	42	43	45	
29	31	40	43	44	45	48	
30	32	52	
31	16	41	50	
32	17	39	47	49	52	
33	12	39	42	43	
34	44	40	42	47	51	53	
35	48	41	
36	17	42	43	53	
37	36	53	58	
38	49	56	57	
39	19	46	57	
40	31	44	48	55	56	57	
41	41	53	58	
42	20	53	54	
43	49	49	56	57	63	64	66	
44	23	52	58	64	66	
45	17	49	60	
46	23	
47	27	63	
48	49	49	54	61	
49	10	55	56	58	59	62	65	69	
50	24	64	65	69	72	
51	21	58	62	63	73	
52	25	62	63	69	72	
53	21	56	61	64	65	67	69	72	
54	36	64	65	68	
55	41	67	73	
56	31	70	77	
57	16	75	77	80	
58	33	66	71	73	74	
59	29	72	74	
60	43	73	74	80	
61	32	65	79	
62	12	72	73	75	76	85	
63	39	69	77	85	86	
64	35	69	83	87	
65	39	74	78	82	
66	11	72	74	87	
67	31	71	
68	30	75	
69	27	77	78	86	90	91	
70	45	84	86	88	
71	38	81	82	83	86	91	92	
72	45	84	87	88	
73	11	75	78	89	
74	34	82	91	
75	18	91	92	93	98	
76	33	82	98	
77	24	81	87	90	91	
78	42	87	88	95	97	
79	21	88	93	
80	28	98	
81	49	90	92	93	104	106	
82	42	93	100	
83	25	91	93	97	101	
84	40	
85	34	93	99	102	105	
86	25	99	105	
87	42	92	94	96	98	99	
88	15	94	102	
89	42	94	97	100	103	
90	12	97	99	101	107	110	
91	45	101	
92	33	94	
93	31	94	97	105	106	112	
94	31	100	105	108	110	117	
95	21	117	
96	44	116	117	
97	26	111	113	114	115	
98	20	106	107	108	110	111	114	119	
99	44	100	103	105	117	118	119	
100	42	107	112	118	
101	32	118	121	
102	21	112	123	
103	30	123	
104	25	111	118	
105	47	107	108	109	117	121	
106	40	111	114	
107	46	113	120	130	
108	41	116	121	122	130	
109	38	121	122	125	131	
110	39	113	131	132	
111	17	131	132	
112	45	121	124	
113	21	126	128	136	
114	20	120	128	129	
115	33	120	128	132	
116	27	124	127	130	135	
117	13	130	
118	42	123	131	133	
119	23	128	
120	41	130	136	142	143	146	
121	21	133	136	
122	11	133	143	
123	13	128	
124	48	131	136	137	
125	23	137	139	
126	45	137	146	152	
127	39	134	137	138	140	150	
128	35	141	143	145	
129	43	134	
130	18	140	141	142	
131	48	136	138	141	144	
132	44	137	142	151	
133	11	146	
134	26	140	142	148	152	155	
135	16	140	146	
136	32	140	146	151	153	158	
137	18	143	147	
138	40	141	142	144	150	
139	34	140	146	150	158	
140	46	148	154	156	159	161	
141	44	154	157	162	
142	12	151	156	161	
143	36	149	151	157	
144	37	150	154	163	164	
145	35	154	160	
146	18	158	
147	21	157	158	166	
148	12	158	165	166	
149	15	166	167	169	170	
150	49	153	162	168	169	171	
151	45	155	159	161	168	
152	48	157	161	170	
153	40	161	162	175	
154	25	167	171	
155	40	167	
156	38	163	165	166	
157	25	159	170	174	
158	37	170	172	176	
159	43	167	
160	31	175	
161	14	166	169	174	177	178	
162	25	168	175	176	178	
163	17	171	172	173	176	
164	15	167	171	178	
165	31	
166	37	172	178	
167	43	179	
168	19	177	
169	32	173	
170	22	173	177	
171	31	177	
172	21	
173	38	179	
174	15	179	
175	14	179	
176	28	
177	44	178	
178	33	
179	34	
