node	size	children
0	44	8	10	12	25	
1	24	8	9	12	13	15	22	24	
2	27	8	11	15	16	25	
3	45	7	10	11	12	15	16	24	
4	42	12	13	25	
5	17	8	10	12	13	14	18	
6	21	10	11	12	17	21	25	
7	28	18	
8	15	17	19	20	21	
9	32	20	23	
10	34	14	22	23	24	
11	17	15	26	30	
12	20	
13	34	21	31	36	37	
14	47	21	22	31	33	38	
15	19	26	30	32	
16	49	21	28	30	34	36	
17	45	29	31	38	
18	37	24	30	36	38	
19	25	26	43	44	
20	24	40	
21	45	29	31	38	44	
22	12	30	39	41	
23	42	
24	10	26	28	
25	40	27	29	43	
26	14	32	47	
27	35	38	43	
28	46	34	44	48	
29	25	34	35	36	41	51	
30	21	34	41	46	
31	23	40	41	43	
32	39	50	53	
33	22	47	49	54	
34	19	45	48	49	53	54	
35	13	41	51	
36	17	47	53	
37	32	42	43	51	56	
38	41	43	46	47	51	55	57	
39	33	54	
40	49	51	52	
41	32	49	52	58	60	
42	47	59	63	
43	15	46	47	49	51	
44	41	53	63	
45	25	52	62	
46	44	52	54	55	57	59	61	69	
47	48	55	59	66	70	
48	38	57	62	66	68	
49	19	55	65	67	70	
50	43	54	55	57	59	64	67	
51	35	58	62	
52	14	60	62	68	73	
53	43	72	
54	28	64	65	
55	33	
56	44	59	66	72	73	74	
57	39	58	60	66	73	75	
58	24	65	67	68	76	
59	15	64	65	67	74	83	
60	30	64	71	76	78	
61	26	65	71	75	76	82	83	
62	10	74	81	
63	24	71	
64	14	85	
65	31	83	86	
66	26	75	79	82	86	
67	25	73	76	77	85	
68	33	76	79	
69	29	71	74	75	
70	42	74	77	81	84	
71	18	85	93	95	
72	23	80	82	83	91	96	
73	46	95	
74	26	78	79	91	94	
75	16	79	93	
76	14	79	86	90	92	
77	20	82	83	87	
78	42	92	93	100	
79	47	86	88	91	92	
80	14	98	99	
81	19	89	95	98	102	103	
82	13	89	95	99	
83	14	90	99	
84	38	103	109	
85	31	93	94	95	
86	25	97	
87	25	90	106	108	
88	38	90	98	
89	29	90	91	109	
90	19	101	103	111	113	
91	43	97	100	101	107	
92	18	97	98	104	105	107	114	
93	30	97	98	100	101	103	105	106	
94	22	107	113	116	
95	38	97	101	103	107	110	113	116	
96	15	97	99	101	111	113	
97	40	108	
98	48	106	107	109	110	114	119	122	
99	46	116	123	
100	19	104	105	115	
101	43	107	120	
102	16	104	120	
103	26	
104	37	124	126	128	129	
105	25	117	121	126	128	
106	46	111	112	127	
107	49	111	114	
108	28	119	
109	36	128	129	
110	29	111	124	125	
111	30	123	132	
112	47	117	119	
113	39	
114	27	117	119	120	121	128	132	135	
115	26	124	128	129	134	135	
116	36	117	118	121	125	131	134	135	
117	36	126	130	137	138	
118	19	133	134	140	
119	30	138	140	
120	42	126	127	129	131	135	141	
121	29	134	
122	48	127	129	131	
123	31	126	131	134	137	
124	45	137	142	146	
125	19	138	139	
126	16	132	138	140	142	144	145	147	
127	44	132	139	142	144	
128	11	133	
129	46	132	140	
130	43	136	153	
131	18	136	145	
132	42	136	145	149	
133	15	136	137	150	
134	47	136	139	150	
135	34	139	147	154	
136	28	147	152	
137	46	148	151	
138	47	143	156	158	
139	46	146	150	154	156	159	
140	46	145	152	160	161	
141	25	143	156	158	159	
142	37	148	151	
143	12	148	154	166	
144	34	158	165	168	
145	38	151	154	156	
146	45	155	157	
147	31	151	156	168	
148	45	165	166	172	174	
149	28	162	172	174	
150	12	174	
151	36	169	172	
152	33	158	164	165	
153	14	157	158	160	164	171	174	
154	33	174	
155	33	163	165	167	169	178	
156	12	167	172	173	177	179	
157	12	164	168	170	173	176	
158	22	171	175	176	178	
159	45	170	174	
160	34	162	168	169	171	173	176	179	
161	16	165	
162	22	171	173	175	177	179	
163	37	179	
164	10	169	178	
165	32	
166	29	173	
167	44	
168	33	169	171	
169	34	
170	35	177	
171	32	
172	28	176	
173	19	176	
174	46	
175	44	
176	24	
177	45	
178	25	
179	30	
