node	size	children
0	40	7	8	10	11	14	18	
1	43	7	8	9	10	13	14	18	22	
2	31	7	9	10	11	12	14	22	
3	16	6	8	9	11	14	17	24	
4	40	7	8	16	17	
5	18	6	7	8	9	11	14	15	18	22	
6	25	13	15	17	
7	45	14	17	21	24	25	
8	36	
9	23	29	
10	24	23	24	25	26	27	
11	49	25	
12	24	16	21	25	26	27	28	
13	42	24	27	30	31	33	34	
14	14	31	38	
15	13	19	20	22	27	
16	27	
17	30	20	
18	48	19	23	34	
19	14	26	35	38	
20	21	30	38	40	43	
21	10	36	
22	48	34	36	37	42	
23	18	34	42	44	
24	30	34	37	40	
25	47	30	37	40	
26	11	33	44	50	
27	49	33	36	50	
28	44	32	38	43	47	48	
29	35	39	43	50	
30	14	38	
31	30	33	35	48	
32	37	41	42	44	48	57	
33	44	40	48	50	
34	47	40	43	52	56	
35	16	44	53	57	
36	27	41	
37	14	42	45	57	
38	21	42	46	57	
39	44	51	57	63	
40	39	51	56	59	
41	22	50	52	55	
42	38	46	47	52	62	
43	27	49	50	51	54	55	63	
44	45	47	53	56	60	62	
45	39	47	51	53	
46	19	65	
47	24	53	64	65	
48	42	53	56	64	
49	48	66	
50	30	53	66	
51	40	55	56	62	63	70	
52	42	58	
53	43	65	66	67	
54	40	61	64	71	
55	35	70	78	
56	13	72	73	
57	15	59	62	68	72	78	
58	44	60	61	62	65	77	
59	48	74	80	
60	34	79	
61	21	83	
62	13	78	80	83	84	
63	15	72	75	
64	25	65	69	75	76	80	
65	40	75	82	86	89	
66	45	80	86	89	
67	24	76	84	
68	16	72	77	87	89	
69	12	79	81	83	
70	24	75	80	84	89	
71	46	72	82	87	
72	12	81	88	90	
73	46	
74	17	79	85	87	
75	19	79	80	93	
76	14	82	92	
77	37	83	88	95	
78	18	81	83	84	85	
79	46	97	99	
80	43	87	88	95	
81	14	86	100	102	103	
82	49	
83	38	88	89	90	
84	13	85	87	100	
85	33	92	98	109	110	
86	48	96	98	102	109	
87	37	91	93	106	
88	16	98	109	110	
89	10	99	104	105	109	110	
90	13	94	99	
91	26	98	100	109	111	115	
92	19	104	105	108	110	116	
93	25	105	113	114	116	
94	49	99	107	114	
95	49	101	115	
96	32	97	107	
97	24	107	117	120	
98	40	107	
99	33	113	
100	10	112	113	114	
101	46	111	
102	29	104	106	107	120	
103	29	107	113	121	
104	35	113	117	125	126	128	
105	33	114	128	
106	28	113	122	124	
107	31	118	121	
108	24	
109	49	115	
110	34	115	116	119	126	
111	29	124	129	132	
112	17	117	118	119	123	128	130	131	
113	34	120	122	128	130	131	
114	11	126	132	135	
115	25	118	126	130	135	136	
116	28	118	124	133	134	
117	16	123	126	128	131	138	
118	12	123	130	132	141	142	
119	23	127	138	139	140	
120	44	124	132	134	137	138	
121	10	123	131	135	
122	46	125	131	136	139	
123	13	134	143	146	
124	12	134	146	
125	35	133	135	137	139	145	
126	29	133	137	140	145	148	
127	32	142	
128	21	132	
129	31	130	137	
130	28	139	141	142	152	
131	13	154	155	
132	31	137	142	144	148	150	151	154	
133	26	138	145	155	
134	12	139	140	153	
135	31	137	140	
136	48	140	149	
137	32	144	147	152	153	155	157	161	
138	33	160	
139	18	159	161	
140	13	145	146	156	
141	40	143	147	153	157	
142	36	144	156	
143	24	152	
144	34	160	167	
145	20	149	152	155	
146	43	149	155	160	162	164	
147	25	154	157	158	163	
148	32	160	164	165	167	
149	31	172	
150	45	159	161	164	166	172	
151	19	163	165	171	
152	35	161	170	
153	32	158	164	173	
154	24	156	165	168	171	
155	48	160	161	172	
156	45	172	
157	31	177	178	
158	24	169	178	
159	31	163	169	171	176	
160	18	165	
161	32	169	173	177	
162	11	169	
163	12	169	179	
164	33	178	179	
165	47	
166	20	170	
167	12	
168	25	179	
169	11	
170	18	174	
171	34	174	175	177	178	
172	30	174	176	179	
173	33	176	
174	10	
175	39	
176	17	
177	11	
178	42	
179	14	
