node	size	children
0	37	7	9	10	12	14	15	21	23	
1	40	6	8	9	15	18	24	
2	41	9	10	12	16	17	18	19	25	
3	41	9	10	12	18	21	
4	12	10	12	13	16	25	
5	16	9	10	11	16	20	21	22	
6	35	12	14	20	26	30	
7	13	18	27	28	
8	19	13	15	16	29	
9	23	14	25	26	
10	17	13	17	18	25	26	
11	29	16	19	25	
12	11	26	27	
13	40	22	24	25	32	
14	37	21	24	27	
15	22	19	22	29	30	34	
16	14	22	29	30	33	37	
17	47	23	24	
18	44	23	27	31	32	35	
19	40	29	31	33	44	
20	22	27	30	31	
21	14	28	37	
22	34	27	28	29	32	38	42	
23	17	30	38	
24	42	32	37	
25	30	31	34	36	
26	29	43	50	
27	25	38	39	
28	43	33	38	40	44	
29	17	34	39	40	43	46	47	
30	30	39	43	49	
31	43	32	33	43	46	
32	40	42	44	47	52	
33	27	40	42	53	
34	37	39	45	46	47	53	57	
35	44	40	45	47	51	
36	39	52	54	
37	21	40	41	42	47	52	53	
38	14	56	57	59	63	
39	35	50	
40	27	49	51	52	63	
41	35	45	
42	28	48	54	55	
43	26	49	54	55	57	60	
44	23	52	
45	28	51	58	61	
46	30	61	66	70	
47	13	66	70	
48	48	53	54	61	62	63	68	
49	23	51	54	66	
50	38	55	58	62	63	
51	49	65	
52	25	60	68	
53	44	63	76	
54	10	58	66	
55	12	71	
56	22	65	
57	45	62	
58	25	65	67	69	70	73	75	78	82	
59	35	64	67	70	73	
60	31	72	
61	12	68	82	
62	18	65	68	73	77	78	79	
63	17	68	75	
64	48	84	89	
65	22	78	84	87	
66	24	73	79	87	
67	48	85	
68	34	80	84	85	
69	24	80	89	
70	13	73	74	75	89	
71	49	77	81	84	86	87	91	
72	13	84	
73	43	82	83	
74	31	82	92	
75	20	78	82	85	86	89	
76	23	85	92	95	
77	39	95	100	
78	24	87	90	95	96	
79	49	88	90	95	
80	21	90	93	
81	21	85	87	90	93	94	95	99	
82	29	89	93	96	
83	28	97	99	107	
84	41	99	105	
85	31	94	
86	28	
87	39	92	100	
88	21	98	105	107	
89	11	99	100	104	107	
90	30	97	101	111	112	114	
91	46	112	
92	10	106	111	113	
93	45	100	102	107	108	
94	45	104	110	
95	13	102	
96	49	104	107	114	
97	21	108	110	112	114	121	
98	22	108	
99	29	110	112	113	120	
100	25	102	115	119	
101	24	103	106	114	121	
102	10	110	111	113	115	118	120	123	
103	30	117	122	
104	38	111	119	125	
105	14	109	111	117	119	
106	42	117	121	125	
107	45	119	120	125	126	
108	23	121	
109	49	121	126	
110	26	115	128	129	
111	39	117	123	131	132	
112	19	117	119	128	
113	27	
114	16	116	119	134	
115	28	125	140	
116	19	122	123	126	137	138	
117	12	130	141	
118	40	124	125	131	140	141	
119	22	128	141	
120	36	124	125	126	127	129	135	137	139	
121	17	129	135	139	
122	46	137	139	140	144	145	
123	48	139	143	146	147	
124	47	133	134	142	143	
125	20	142	143	144	
126	12	129	137	143	145	
127	21	140	
128	17	129	131	146	
129	27	140	142	147	
130	33	139	142	149	
131	17	136	143	144	146	150	
132	14	137	148	150	
133	22	135	147	
134	45	142	146	148	152	
135	39	150	153	156	158	
136	17	145	158	159	
137	34	142	158	
138	47	146	
139	41	156	
140	33	
141	44	152	154	155	156	159	
142	17	148	150	164	
143	29	148	153	159	161	164	
144	19	157	
145	47	
146	20	148	151	152	159	161	166	
147	43	156	159	
148	34	157	158	167	170	172	
149	22	156	164	
150	14	166	169	
151	28	158	160	167	
152	33	155	159	163	
153	32	156	166	168	
154	10	157	165	
155	35	170	177	
156	25	170	
157	46	162	172	173	176	
158	14	166	175	176	
159	17	161	162	167	172	
160	31	161	170	173	177	178	
161	35	175	179	
162	12	168	170	172	179	
163	22	172	177	179	
164	18	174	176	
165	28	168	169	
166	29	171	
167	25	173	
168	45	173	178	
169	30	178	179	
170	48	178	
171	36	173	174	178	179	
172	24	
173	15	
174	41	
175	43	
176	14	
177	38	
178	45	
179	29	
