node	size	children
0	26	10	12	18	21	25	
1	26	11	17	19	21	
2	17	6	15	18	19	21	
3	24	7	8	9	10	11	13	14	22	24	
4	22	6	7	9	14	16	
5	44	6	11	12	13	25	
6	22	
7	37	17	30	
8	14	17	19	31	
9	39	20	23	24	31	
10	13	13	23	26	29	
11	22	13	21	
12	28	13	18	25	28	
13	34	21	22	33	38	
14	28	19	35	36	39	
15	33	28	30	
16	34	22	25	27	29	33	38	
17	21	22	35	
18	47	22	23	28	30	35	37	
19	41	40	45	
20	13	37	42	44	
21	33	29	37	
22	16	29	32	
23	34	28	32	44	
24	24	41	
25	45	35	37	
26	15	45	47	50	
27	44	34	37	40	44	45	47	51	
28	36	33	36	40	42	50	51	
29	34	33	40	41	44	
30	19	37	39	40	41	43	49	51	
31	44	38	39	47	
32	43	41	
33	24	48	54	
34	42	42	44	48	54	
35	23	45	50	
36	33	41	44	54	56	
37	11	46	47	50	53	56	
38	36	41	51	
39	35	40	55	
40	19	48	52	61	
41	44	50	53	54	60	61	
42	12	46	49	59	60	61	62	63	
43	31	47	57	63	
44	37	48	55	56	
45	45	48	49	
46	22	55	70	
47	32	53	54	55	58	66	
48	12	56	58	
49	26	55	56	
50	46	
51	17	61	
52	34	71	72	75	
53	42	75	
54	34	70	71	73	76	
55	17	58	69	71	75	
56	38	64	73	76	
57	20	59	65	67	72	
58	11	68	71	73	74	79	82	
59	41	69	75	77	
60	44	64	67	68	69	72	78	79	
61	35	68	69	72	73	
62	43	66	
63	15	64	68	71	77	82	
64	27	84	86	
65	11	84	85	
66	36	76	79	86	
67	49	74	81	86	
68	20	75	82	83	85	
69	14	71	77	79	
70	13	75	81	83	84	87	
71	24	79	92	
72	11	78	89	
73	31	78	81	84	87	
74	26	78	80	81	
75	42	87	
76	26	81	82	85	90	95	
77	27	86	89	101	
78	47	85	96	97	99	
79	30	85	101	
80	47	87	101	
81	45	88	90	93	97	
82	20	86	90	92	
83	12	91	94	103	104	106	
84	27	90	95	96	102	108	
85	18	90	95	97	104	107	
86	34	89	107	108	
87	40	106	108	
88	20	103	104	105	106	107	
89	11	96	98	100	102	112	114	
90	11	110	113	
91	12	99	108	114	
92	30	100	104	
93	32	105	
94	37	100	104	
95	14	100	102	
96	17	103	106	107	118	119	120	
97	41	109	110	114	119	
98	21	112	119	
99	45	105	110	111	116	
100	22	112	115	116	119	
101	28	105	114	119	
102	46	112	117	120	123	
103	13	117	
104	20	116	
105	42	
106	14	112	118	
107	29	124	
108	25	110	123	125	
109	21	118	122	124	127	128	130	132	
110	30	127	128	
111	14	118	120	121	
112	42	116	128	134	
113	24	123	126	
114	13	126	128	131	134	
115	18	121	130	139	
116	46	139	
117	26	123	124	130	131	134	
118	30	122	141	
119	23	128	129	134	137	139	
120	47	122	127	129	131	135	
121	20	131	139	
122	21	132	136	145	148	
123	49	143	145	
124	48	131	148	
125	13	131	141	
126	26	129	135	137	138	140	141	144	
127	23	133	146	
128	33	149	152	
129	33	137	142	144	149	150	151	
130	38	138	147	149	
131	24	147	
132	34	135	141	148	
133	40	135	143	150	
134	44	136	138	143	149	
135	10	144	155	
136	26	144	146	151	
137	42	
138	32	143	146	160	
139	36	146	150	151	
140	43	146	150	155	157	
141	39	146	
142	14	149	153	
143	21	150	155	167	
144	47	162	
145	25	151	160	166	
146	11	162	
147	32	151	153	155	160	167	
148	49	150	154	164	165	167	
149	23	158	162	171	172	
150	32	157	158	160	161	166	171	172	
151	16	156	173	
152	37	169	
153	48	159	160	167	168	
154	11	157	166	173	174	
155	10	162	163	167	168	
156	29	164	166	167	170	176	
157	42	173	176	
158	12	166	173	174	177	
159	12	162	168	174	
160	35	163	
161	33	176	177	
162	20	177	178	
163	12	174	179	
164	35	174	179	
165	35	178	179	
166	18	171	172	178	
167	31	
168	34	
169	17	
170	33	
171	14	
172	27	176	
173	10	178	
174	27	175	177	
175	23	
176	42	
177	35	
178	10	
179	30	
