node	size	children
0	49	9	12	13	14	20	24	
1	16	8	12	13	25	26	
2	30	10	11	12	14	22	25	
3	15	9	20	28	
4	14	9	11	12	16	18	20	
5	10	8	9	10	11	12	14	16	23	
6	23	14	15	26	
7	47	20	
8	28	23	25	28	
9	46	20	
10	38	18	21	36	
11	11	22	30	
12	11	15	18	22	25	26	30	32	
13	37	19	25	
14	41	17	26	31	34	35	
15	14	29	33	36	43	
16	30	24	26	33	35	
17	12	32	
18	46	28	34	35	45	
19	31	42	
20	25	27	40	43	
21	20	29	33	41	
22	48	33	36	
23	19	32	33	36	37	52	
24	38	32	38	41	43	46	51	
25	16	44	49	50	
26	43	31	36	38	42	44	47	52	
27	45	36	50	
28	35	33	35	50	51	
29	34	34	39	
30	36	37	47	48	
31	25	38	42	49	56	
32	11	48	57	
33	49	41	59	
34	10	58	
35	27	42	44	45	
36	23	41	44	46	48	50	56	
37	49	45	55	58	
38	33	
39	46	
40	30	59	61	64	
41	23	
42	11	49	51	54	
43	15	50	51	52	60	
44	39	
45	44	46	64	68	
46	12	55	59	65	69	
47	43	66	67	
48	38	55	59	67	69	71	76	
49	25	58	71	74	
50	27	55	58	61	69	71	
51	37	53	61	71	74	
52	47	64	69	
53	21	62	67	68	76	80	
54	47	72	74	75	76	79	
55	48	66	72	80	
56	35	
57	27	62	80	
58	25	63	75	
59	12	64	68	81	
60	44	66	71	72	
61	48	74	76	82	87	
62	15	89	
63	45	72	74	76	79	89	
64	34	69	76	77	88	89	
65	11	70	73	75	87	91	
66	39	72	75	84	91	
67	49	73	81	83	84	87	89	
68	16	75	
69	24	80	88	94	99	
70	40	80	86	88	92	94	97	
71	15	78	86	88	94	95	
72	15	87	97	
73	22	81	96	
74	40	80	82	85	88	94	99	
75	26	87	89	94	99	
76	27	84	94	
77	41	89	95	96	97	
78	17	90	96	103	
79	26	86	88	103	
80	43	85	86	91	96	
81	49	103	
82	42	87	91	
83	35	96	
84	13	90	93	99	105	
85	28	98	100	106	
86	14	95	104	107	110	
87	37	95	97	99	100	101	113	
88	15	96	111	113	
89	34	93	108	
90	42	105	113	
91	17	100	106	
92	13	97	103	
93	24	100	107	108	111	116	117	
94	32	118	
95	19	100	102	114	118	120	
96	23	101	104	107	110	114	118	120	
97	37	102	109	112	
98	30	102	111	114	115	
99	10	107	111	112	120	
100	47	110	124	125	
101	44	110	116	127	
102	46	110	114	118	
103	21	114	122	123	
104	41	113	115	120	123	126	128	
105	33	115	119	124	
106	14	115	121	124	127	
107	49	115	123	127	128	
108	19	118	121	125	126	128	129	134	137	
109	19	133	136	
110	25	127	132	
111	10	119	122	126	129	130	137	
112	16	133	
113	40	119	125	136	
114	29	126	135	140	142	
115	36	124	131	138	
116	41	122	123	134	135	141	
117	37	123	124	130	137	
118	15	124	143	
119	32	127	130	138	
120	49	123	130	131	132	135	140	
121	47	135	142	
122	23	131	139	141	146	
123	20	133	151	
124	23	130	136	
125	15	137	
126	11	131	134	145	
127	47	130	131	134	136	
128	10	132	147	148	
129	15	131	146	148	
130	11	142	147	158	
131	47	138	139	144	145	158	159	
132	31	138	139	141	142	
133	30	139	157	
134	11	140	141	149	150	151	157	
135	33	141	149	
136	26	149	156	158	
137	30	138	142	146	149	157	
138	27	148	
139	31	158	
140	13	163	
141	27	146	149	166	
142	27	161	166	
143	26	154	159	161	166	
144	49	154	163	
145	18	152	154	165	
146	45	152	158	163	165	173	
147	35	159	162	167	
148	20	155	160	162	163	167	172	
149	20	153	162	172	
150	10	153	154	157	174	
151	33	164	169	170	174	
152	41	
153	42	174	181	
154	26	175	
155	29	173	175	178	179	
156	25	171	175	178	
157	36	174	
158	32	168	174	182	
159	38	179	
160	43	185	
161	49	176	180	
162	10	168	180	181	184	
163	45	179	184	
164	25	170	175	185	
165	18	170	178	180	184	
166	24	169	177	184	185	
167	29	
168	22	178	
169	39	177	178	184	
170	22	180	181	185	187	
171	38	183	
172	38	
173	12	176	180	
174	46	180	
175	17	185	
176	23	
177	26	189	
178	31	184	186	
179	48	
180	38	183	
181	31	183	188	
182	41	183	
183	10	
184	31	
185	46	
186	31	
187	20	
188	12	
189	27	
