node	size	children
0	11	10	12	23	26	27	28	29	
1	30	7	12	13	16	21	26	28	
2	36	9	10	11	13	14	16	20	21	25	28	
3	46	10	13	16	17	18	20	
4	16	8	13	19	21	24	27	
5	45	7	10	11	13	19	27	
6	26	8	9	10	11	12	18	19	25	26	28	
7	43	
8	34	15	20	36	
9	14	17	20	
10	39	19	
11	26	
12	44	16	19	25	
13	37	16	17	24	
14	34	24	26	
15	40	24	25	26	30	
16	34	22	37	
17	32	35	38	43	44	
18	35	30	43	44	
19	49	28	34	
20	16	25	26	32	35	
21	45	27	28	29	33	36	38	40	41	43	
22	20	31	34	36	37	
23	44	35	44	51	
24	15	33	35	43	44	52	
25	18	33	35	
26	39	31	33	38	44	46	50	
27	11	46	50	
28	41	45	49	52	
29	42	36	37	48	52	
30	37	47	49	53	
31	25	49	58	59	
32	45	39	45	49	55	
33	17	46	59	
34	28	47	51	52	56	60	
35	34	42	45	49	54	
36	26	45	48	51	
37	32	51	56	57	59	61	
38	47	51	52	59	62	63	
39	37	61	
40	23	58	62	64	66	
41	32	67	
42	30	56	57	61	
43	39	45	55	62	67	
44	18	47	67	
45	28	58	70	71	
46	12	
47	36	57	60	
48	43	63	67	68	69	70	
49	30	56	64	
50	13	64	70	72	74	
51	21	53	74	
52	48	74	
53	24	61	65	77	
54	22	65	76	
55	11	61	67	73	79	
56	23	61	71	73	74	
57	39	62	71	82	
58	40	62	
59	48	64	72	77	
60	39	71	77	
61	23	70	75	80	83	
62	27	73	75	89	
63	19	73	75	76	82	84	85	88	
64	35	69	72	
65	27	72	75	
66	28	71	78	84	
67	24	69	70	85	87	91	
68	47	82	92	95	
69	39	82	90	91	94	
70	46	82	86	94	
71	24	84	91	93	
72	22	78	91	98	
73	25	79	84	89	93	
74	15	78	81	90	94	95	
75	30	84	90	95	
76	39	
77	15	90	
78	10	85	104	
79	39	85	90	
80	48	85	95	96	106	
81	37	84	87	97	106	
82	26	90	93	94	96	
83	15	89	101	
84	31	
85	48	98	110	111	113	
86	17	94	105	110	
87	16	103	104	109	113	
88	14	93	96	108	
89	12	93	96	97	100	103	
90	45	94	111	
91	35	98	99	108	112	114	
92	41	104	108	109	110	121	
93	46	104	109	113	117	119	
94	20	100	101	103	109	115	
95	22	107	108	110	114	122	
96	35	103	110	113	114	117	119	
97	43	102	105	111	114	
98	42	100	111	
99	39	121	122	
100	22	108	109	118	120	126	
101	47	117	121	126	
102	41	121	130	
103	30	126	130	
104	36	112	118	120	125	127	
105	47	114	121	124	
106	39	116	120	
107	24	109	110	114	118	120	
108	14	128	133	137	
109	33	120	125	134	
110	15	123	
111	39	115	118	131	
112	17	130	131	134	136	137	138	
113	38	117	122	125	134	
114	19	115	133	
115	28	138	143	
116	40	129	143	
117	36	128	137	143	144	145	
118	48	124	128	132	136	139	142	
119	21	
120	32	123	125	128	136	138	
121	46	124	125	131	136	139	144	
122	14	123	144	
123	23	135	
124	26	133	
125	37	131	134	145	
126	10	131	140	
127	40	134	
128	35	132	133	135	138	139	142	144	148	
129	19	133	136	144	146	
130	23	133	145	
131	30	139	140	146	156	
132	38	140	142	154	158	
133	21	140	159	
134	37	148	
135	38	139	148	158	
136	18	139	147	
137	34	141	156	159	
138	17	154	
139	48	
140	35	152	153	162	166	
141	11	146	155	162	165	
142	18	150	154	165	166	
143	15	159	165	
144	24	149	151	161	164	
145	15	146	156	158	159	160	
146	49	
147	21	172	
148	35	166	173	
149	18	154	159	164	174	
150	39	160	174	
151	40	
152	39	157	159	
153	41	161	165	167	170	
154	16	166	173	175	
155	36	164	168	172	173	175	
156	25	162	175	176	
157	15	161	171	
158	44	166	171	172	
159	38	161	168	173	176	
160	27	163	169	178	
161	25	172	174	177	
162	15	171	174	181	185	
163	17	176	184	
164	24	169	176	177	179	188	
165	17	178	183	186	
166	16	171	183	185	
167	48	176	181	183	187	189	
168	23	181	185	
169	15	178	181	183	
170	23	184	
171	17	181	187	
172	33	
173	38	186	187	188	
174	10	177	179	180	182	
175	27	182	184	
176	26	182	183	
177	33	
178	23	
179	39	184	186	
180	32	185	
181	21	184	
182	22	
183	12	
184	13	
185	25	
186	46	
187	18	
188	27	
189	21	
