node	size	children
0	12	8	11	13	18	19	22	
1	19	8	11	15	16	17	18	19	
2	49	8	12	15	17	23	26	
3	48	14	15	16	18	19	21	
4	23	8	10	15	16	21	26	
5	35	10	11	13	16	22	24	25	
6	34	11	17	22	
7	28	9	12	18	21	
8	31	21	32	35	
9	38	30	35	
10	34	20	21	31	
11	43	19	20	36	
12	20	16	17	20	29	30	31	
13	34	24	27	
14	15	22	36	
15	21	17	22	
16	20	24	37	39	41	42	43	45	
17	15	28	30	35	42	
18	22	
19	29	42	
20	38	26	37	
21	49	23	24	25	
22	46	35	40	42	
23	18	32	34	37	42	51	52	
24	20	37	40	41	45	51	
25	41	33	35	38	45	52	
26	28	37	40	
27	25	32	44	
28	42	30	38	47	52	
29	44	30	38	47	48	50	
30	33	48	51	
31	30	39	42	48	
32	42	38	39	47	
33	12	39	
34	41	52	55	58	
35	38	45	56	59	
36	43	39	44	48	
37	13	39	46	59	
38	49	49	59	
39	23	63	
40	43	
41	48	47	48	53	59	
42	30	47	48	55	65	66	
43	33	46	49	55	56	58	65	66	
44	25	51	53	65	
45	16	52	58	64	
46	15	54	60	63	64	66	67	68	69	71	
47	22	58	64	67	
48	13	68	69	
49	29	53	54	55	72	
50	44	63	66	73	
51	41	
52	14	55	57	60	62	74	
53	42	61	65	78	
54	30	66	68	
55	34	68	70	71	72	73	74	
56	10	65	72	74	77	
57	25	61	71	76	
58	13	61	67	70	74	
59	27	77	
60	29	62	63	64	65	70	75	
61	18	69	74	86	
62	47	80	83	88	
63	33	76	77	79	81	85	
64	21	84	87	
65	19	69	73	78	
66	43	73	75	78	83	
67	47	69	76	80	85	86	89	
68	39	76	80	82	
69	48	82	90	
70	43	87	93	
71	47	75	79	82	85	
72	36	88	
73	47	81	86	87	96	
74	40	76	80	84	91	
75	25	91	101	
76	38	86	99	
77	17	93	100	
78	15	97	99	103	
79	35	103	
80	35	89	90	92	96	
81	25	85	103	
82	10	90	95	
83	48	91	93	99	101	106	107	
84	28	100	109	
85	42	90	92	93	105	108	109	
86	46	92	93	101	
87	29	92	95	
88	25	91	92	94	98	
89	31	91	96	98	109	110	
90	48	102	106	107	114	
91	25	100	107	
92	19	115	116	
93	17	104	105	114	116	
94	29	
95	11	98	112	117	
96	17	99	105	108	
97	19	106	122	
98	45	107	109	119	120	
99	28	105	123	
100	41	114	118	120	123	
101	30	105	110	111	113	118	119	123	
102	27	106	119	120	125	
103	30	106	109	110	118	119	
104	22	129	130	
105	30	123	130	132	
106	18	118	119	131	
107	40	112	121	
108	45	121	132	
109	45	121	126	127	128	130	131	132	
110	39	111	116	118	123	129	130	
111	29	121	128	134	135	
112	18	129	131	
113	22	124	125	130	133	134	
114	16	122	125	
115	37	120	125	137	
116	14	
117	12	140	
118	25	126	135	140	
119	10	139	145	146	
120	31	129	
121	21	128	129	133	146	
122	33	128	132	140	146	
123	43	133	144	146	
124	27	132	134	135	145	
125	29	126	137	139	141	146	
126	25	138	147	
127	28	141	144	
128	41	141	148	151	153	155	
129	19	133	134	140	148	
130	18	136	143	144	145	155	
131	41	133	135	143	
132	11	143	
133	37	141	142	148	153	156	163	
134	36	141	149	152	156	162	
135	31	148	149	160	163	
136	25	143	
137	21	149	154	156	163	
138	39	143	145	155	159	
139	14	141	159	
140	33	145	152	163	
141	45	155	156	
142	15	150	163	166	
143	29	157	162	
144	14	169	
145	47	155	156	158	
146	22	167	
147	16	164	
148	35	167	
149	13	156	159	176	
150	24	171	172	176	178	
151	18	160	165	178	
152	34	158	
153	32	157	158	161	168	173	174	
154	11	157	169	173	
155	33	157	159	164	167	173	
156	32	173	180	
157	29	170	172	
158	31	165	176	
159	47	166	167	
160	34	166	167	172	182	
161	37	168	178	
162	24	166	169	
163	28	165	169	173	174	178	185	
164	17	185	189	
165	29	177	180	181	186	
166	30	171	175	180	
167	27	182	
168	41	181	182	
169	27	177	181	183	186	188	189	
170	43	178	181	
171	24	183	
172	49	183	185	187	
173	27	180	
174	42	
175	18	183	189	
176	34	179	189	
177	22	184	185	188	189	
178	47	
179	37	187	188	
180	35	
181	31	186	
182	17	
183	27	
184	12	
185	42	186	
186	49	
187	16	
188	30	
189	21	
