node	size	children
0	36	8	9	10	11	13	15	22	24	27	29	
1	46	7	8	9	12	13	14	21	29	
2	37	9	12	16	20	21	
3	14	7	8	9	10	13	20	21	23	
4	27	8	10	13	16	17	18	20	24	
5	35	7	10	12	13	14	15	16	26	29	
6	19	9	10	12	17	19	20	23	
7	32	20	
8	10	27	32	33	
9	33	15	32	33	
10	17	15	16	35	
11	32	16	27	34	
12	10	28	34	
13	20	20	23	29	
14	49	15	32	
15	15	26	32	34	40	43	
16	32	22	30	
17	18	33	34	37	
18	24	34	38	
19	25	26	
20	22	25	37	39	40	
21	21	35	36	
22	22	31	42	44	46	49	
23	42	31	35	41	49	
24	18	35	43	51	
25	38	30	33	39	41	
26	31	37	40	42	43	
27	17	35	
28	25	31	41	46	48	
29	11	31	33	36	46	48	51	
30	33	49	
31	42	38	42	46	
32	46	38	51	55	
33	26	38	47	51	54	
34	12	52	54	
35	39	42	43	45	50	52	53	
36	11	41	43	53	
37	29	45	46	
38	41	52	53	59	65	
39	43	45	54	
40	29	49	
41	10	45	56	58	59	63	
42	45	49	51	52	
43	14	45	
44	31	47	49	58	62	64	
45	44	61	62	65	
46	19	53	60	72	
47	36	57	62	
48	19	62	64	66	69	
49	42	58	62	
50	47	69	71	
51	10	58	61	67	
52	10	65	78	
53	12	68	75	77	
54	12	68	69	72	76	
55	47	65	68	80	
56	28	65	74	75	78	
57	22	64	68	70	73	75	79	
58	15	62	79	80	
59	13	67	
60	39	82	
61	17	68	
62	16	70	77	80	81	
63	47	67	70	
64	46	67	75	87	
65	46	77	78	
66	37	70	78	81	84	85	
67	33	81	86	87	90	
68	38	87	91	
69	38	75	79	86	90	92	
70	42	83	85	88	
71	32	74	85	88	
72	38	74	
73	45	91	
74	12	88	93	
75	49	88	93	101	
76	48	85	94	96	97	98	99	101	
77	30	83	89	99	101	
78	18	84	92	101	
79	29	91	
80	42	83	88	91	93	100	
81	15	106	
82	28	
83	39	90	98	100	107	108	
84	47	94	97	100	103	
85	34	107	
86	16	96	
87	17	97	98	
88	43	96	99	106	110	115	
89	44	96	107	115	
90	14	95	108	115	
91	19	95	102	108	110	112	115	
92	19	108	109	111	
93	24	111	112	113	
94	36	96	99	102	104	106	109	111	
95	27	107	109	122	
96	14	114	120	121	
97	25	106	
98	38	112	114	
99	39	107	110	114	120	122	
100	19	104	105	117	
101	29	102	104	108	109	111	118	
102	46	110	111	112	126	128	129	
103	41	117	120	122	124	
104	13	110	114	
105	11	116	125	
106	16	117	129	
107	10	109	125	
108	46	115	127	
109	25	118	129	
110	49	118	122	124	127	133	
111	20	116	119	123	124	
112	34	118	123	133	
113	40	117	123	124	131	
114	22	130	136	
115	18	117	129	132	134	
116	46	134	138	
117	41	132	
118	32	131	133	134	
119	43	124	128	131	135	138	
120	43	131	138	
121	13	128	131	143	
122	31	125	132	133	138	143	
123	17	147	152	
124	21	151	152	
125	21	134	137	138	144	152	
126	16	130	136	145	
127	14	130	136	145	147	
128	49	132	136	145	
129	47	130	134	139	144	152	
130	30	137	140	141	142	154	155	156	
131	44	137	144	156	157	
132	12	145	147	152	156	159	
133	12	137	139	144	145	148	152	154	
134	48	149	150	157	160	
135	25	143	
136	46	147	
137	19	146	
138	23	148	150	151	156	167	
139	12	149	150	
140	31	153	157	166	167	
141	31	146	149	150	151	153	155	163	164	167	
142	42	147	151	167	
143	34	148	153	164	
144	19	149	162	
145	36	160	164	169	
146	41	161	
147	24	158	163	
148	12	165	
149	34	154	155	170	
150	29	153	162	
151	35	153	168	174	
152	17	153	163	170	
153	49	163	177	
154	30	166	169	180	
155	25	166	175	176	182	
156	34	165	167	172	
157	42	
158	21	161	162	180	182	
159	40	163	
160	27	182	
161	10	169	187	188	189	
162	17	169	171	188	
163	46	168	179	182	187	188	
164	21	168	179	184	188	189	
165	14	
166	35	179	181	189	
167	32	170	172	173	185	
168	27	183	
169	14	183	184	
170	33	176	177	183	184	185	
171	47	176	178	183	187	
172	47	
173	13	177	180	183	185	
174	43	
175	43	187	188	
176	30	
177	37	186	
178	35	184	185	
179	28	188	189	
180	40	185	
181	40	185	
182	47	
183	11	
184	10	
185	34	
186	10	
187	16	
188	26	
189	34	
