node	size	children
0	40	7	8	9	11	15	19	21	27	28	
1	19	9	19	20	21	
2	27	8	10	11	15	21	25	
3	42	7	8	9	10	12	14	17	21	22	23	
4	34	7	8	10	12	13	14	17	19	23	
5	41	9	12	14	16	17	18	21	26	
6	10	8	9	10	11	12	14	17	18	19	28	
7	26	16	33	
8	42	20	32	
9	27	22	24	29	
10	19	23	24	27	32	36	
11	33	22	23	35	
12	45	16	18	33	
13	46	18	24	31	
14	37	
15	44	22	36	
16	21	24	26	
17	36	35	
18	44	23	30	31	35	38	
19	38	36	42	
20	34	32	33	
21	11	29	33	40	
22	12	34	38	47	
23	46	44	48	49	
24	41	39	46	50	
25	46	32	33	37	40	
26	34	40	
27	12	32	38	
28	25	
29	20	41	42	54	
30	23	38	42	43	48	55	
31	49	38	40	
32	13	42	45	48	
33	29	37	39	48	
34	49	38	39	47	51	52	54	
35	22	39	42	49	55	58	
36	42	50	55	
37	22	45	46	47	55	57	59	61	
38	12	55	61	
39	33	45	46	50	65	
40	29	46	49	60	
41	39	48	54	59	
42	25	46	47	59	62	
43	35	45	47	50	53	59	60	62	
44	34	51	54	57	
45	14	63	64	68	
46	23	52	61	64	69	
47	39	52	56	58	62	
48	39	52	59	
49	46	52	62	63	66	
50	48	51	72	
51	46	61	80	
52	47	64	71	74	75	79	
53	48	62	64	72	74	
54	16	60	64	70	
55	23	69	77	
56	40	59	63	66	67	71	72	
57	26	67	72	
58	40	67	68	
59	23	69	73	75	79	86	87	
60	11	68	69	71	81	83	
61	35	68	71	72	
62	36	71	74	81	
63	36	66	67	69	81	
64	30	67	73	76	79	85	86	
65	26	73	78	
66	37	78	80	83	94	
67	42	76	78	79	85	86	87	88	94	
68	31	94	
69	41	74	75	93	
70	39	84	86	92	
71	15	93	
72	40	76	84	85	
73	20	101	
74	26	92	99	
75	39	81	85	87	91	97	98	102	
76	22	
77	19	82	87	89	99	
78	17	81	91	98	
79	14	97	99	
80	48	83	97	
81	16	91	
82	14	90	91	95	108	
83	21	92	97	108	
84	24	92	96	104	
85	22	91	104	107	
86	48	90	92	93	94	
87	42	94	108	
88	16	96	106	108	114	
89	14	98	110	
90	10	96	108	111	117	
91	37	111	
92	14	96	97	100	102	104	110	111	
93	11	98	99	102	
94	49	103	107	112	113	
95	20	96	113	115	
96	41	109	112	114	122	
97	11	105	121	122	123	
98	37	119	121	123	
99	30	109	116	119	120	
100	25	104	105	111	113	
101	27	104	109	111	118	
102	15	107	120	121	
103	31	116	123	
104	11	110	117	131	
105	20	124	125	
106	45	127	
107	42	110	112	120	125	127	
108	38	114	125	128	
109	19	113	122	127	128	
110	41	139	
111	42	138	
112	15	123	136	138	
113	14	136	139	
114	43	128	138	
115	19	120	121	124	133	137	
116	34	121	137	
117	15	120	121	125	127	136	
118	22	137	145	
119	21	143	147	
120	10	129	138	144	145	
121	26	135	136	137	
122	23	126	129	134	135	139	141	
123	18	126	130	143	
124	31	125	126	127	128	130	137	141	
125	38	132	141	143	145	
126	30	134	
127	48	134	140	149	
128	46	151	153	154	
129	23	146	149	152	
130	42	132	147	
131	44	145	147	149	150	153	
132	49	145	151	155	162	
133	31	157	160	
134	47	144	146	150	160	
135	26	140	154	
136	26	140	157	159	160	
137	17	141	147	149	154	159	
138	43	142	144	148	149	162	
139	46	143	155	
140	14	156	169	
141	47	149	161	166	
142	12	169	
143	25	158	
144	26	154	155	164	169	
145	42	151	152	160	163	
146	33	165	167	
147	22	154	169	
148	33	155	162	165	169	
149	38	159	168	
150	49	157	175	
151	40	
152	41	166	173	
153	46	166	
154	37	159	160	164	167	168	173	176	
155	21	168	171	172	178	
156	29	164	170	182	
157	45	165	184	
158	18	166	178	
159	17	164	176	178	
160	39	180	
161	31	168	169	171	174	183	185	
162	12	174	
163	14	174	182	185	188	
164	21	171	174	176	180	182	
165	22	170	176	185	
166	16	170	178	181	
167	13	
168	38	171	173	178	185	188	
169	14	177	185	
170	35	
171	28	189	
172	28	179	
173	10	180	189	
174	24	
175	31	189	
176	11	178	188	189	
177	48	185	
178	35	
179	38	188	
180	28	
181	22	
182	42	188	
183	14	187	
184	40	188	
185	36	186	
186	37	
187	32	
188	30	
189	36	
