node	size	children
0	19	7	10	12	15	18	20	
1	26	7	11	25	28	
2	31	8	9	21	22	24	25	28	
3	15	12	14	17	18	26	
4	30	7	9	11	18	23	
5	37	7	8	9	13	18	23	
6	29	7	8	9	12	20	
7	23	15	17	18	21	27	30	
8	42	22	24	27	28	32	
9	31	17	29	
10	48	17	22	24	36	
11	49	18	25	31	
12	36	33	34	35	
13	32	19	28	35	36	
14	42	16	24	30	34	
15	30	24	41	
16	40	29	42	43	
17	38	27	28	31	34	42	44	
18	34	
19	16	23	27	29	31	
20	22	27	36	37	41	44	
21	27	30	41	
22	27	32	38	49	50	
23	42	35	45	47	49	
24	41	31	44	
25	17	30	31	34	44	49	50	
26	24	29	38	41	
27	26	29	48	49	50	
28	32	40	
29	25	39	46	52	54	60	
30	22	39	46	57	
31	46	44	46	58	
32	31	38	39	44	50	57	
33	25	38	45	46	
34	10	41	60	
35	20	48	50	58	59	
36	43	37	59	
37	24	51	53	55	57	
38	15	46	52	
39	10	49	51	52	
40	31	46	56	58	59	62	64	65	
41	41	
42	49	48	52	59	62	
43	14	56	61	
44	12	48	53	55	56	59	61	
45	18	60	65	72	
46	20	63	66	
47	11	61	69	74	
48	45	53	57	63	67	70	71	
49	10	57	61	
50	44	56	59	64	67	
51	30	56	60	67	72	
52	46	68	
53	11	77	
54	36	64	
55	41	63	64	
56	19	63	66	
57	26	61	
58	32	65	66	68	76	80	
59	36	66	74	
60	34	61	66	72	80	
61	27	68	72	75	83	88	
62	45	69	71	81	82	84	86	
63	23	69	80	86	
64	29	68	87	
65	35	69	73	76	79	82	85	
66	31	73	81	84	87	
67	46	70	73	85	88	
68	46	78	83	86	
69	12	81	83	86	87	95	
70	29	77	78	83	
71	48	88	
72	37	79	84	85	88	
73	38	83	89	
74	11	87	
75	40	
76	18	91	92	93	
77	14	82	87	101	103	
78	26	86	88	91	95	98	
79	33	92	93	94	
80	14	85	93	97	
81	25	82	85	91	95	100	103	
82	34	99	105	
83	19	102	108	110	
84	17	109	110	
85	17	109	
86	34	109	
87	30	96	97	99	107	
88	47	90	92	95	98	104	
89	14	96	105	108	115	
90	38	97	111	116	
91	42	97	99	103	114	
92	25	113	116	
93	11	113	
94	16	105	111	113	115	
95	29	106	108	109	110	111	115	
96	32	110	119	
97	16	108	118	120	123	124	
98	47	125	
99	35	108	113	119	
100	39	106	114	119	123	124	125	
101	23	111	116	117	123	
102	45	109	110	114	
103	26	114	121	122	124	125	
104	43	117	125	131	
105	36	115	132	
106	11	120	121	124	127	128	
107	49	123	
108	42	111	115	123	127	131	132	
109	45	121	122	126	127	
110	42	112	119	126	
111	37	120	133	137	138	
112	33	127	128	130	137	138	
113	23	
114	43	134	
115	14	133	
116	39	139	
117	14	121	138	
118	46	119	122	136	137	
119	22	138	
120	49	130	146	
121	26	129	131	132	135	136	142	
122	40	
123	10	133	
124	31	135	
125	25	129	137	144	
126	39	134	138	139	140	148	
127	43	134	
128	13	135	140	147	
129	27	140	143	153	
130	45	147	
131	28	134	141	154	
132	11	134	148	
133	37	146	149	152	156	158	159	
134	38	140	150	154	156	
135	46	147	157	
136	44	142	144	145	150	157	160	
137	33	141	145	151	154	158	
138	20	143	152	155	158	
139	37	159	
140	44	157	158	
141	47	157	158	
142	12	156	159	161	165	
143	24	147	155	
144	45	147	148	152	160	162	164	
145	10	155	162	165	166	168	
146	19	152	154	157	158	168	
147	33	
148	47	
149	14	164	
150	19	175	
151	15	169	
152	25	156	162	175	
153	25	166	175	
154	48	169	
155	18	168	172	174	183	
156	22	163	167	168	177	181	182	
157	35	171	181	
158	22	164	174	179	
159	19	163	164	165	172	174	
160	47	162	165	170	173	177	179	180	
161	43	162	172	181	183	
162	13	172	175	177	179	187	
163	15	180	182	188	
164	39	174	185	
165	47	169	
166	33	187	
167	35	174	
168	19	175	
169	36	181	184	
170	10	182	184	188	189	
171	25	180	183	
172	30	182	
173	27	187	
174	49	187	
175	13	176	178	179	180	185	
176	24	184	
177	20	184	185	188	
178	26	184	185	186	
179	17	
180	14	185	186	187	
181	11	185	
182	31	184	
183	49	189	
184	16	
185	23	
186	27	
187	20	
188	47	
189	38	
