node	size	children
0	22	7	12	24	
1	33	20	27	
2	21	7	10	11	12	16	17	19	21	26	
3	40	7	10	14	16	20	
4	39	7	9	10	11	17	
5	31	10	17	22	
6	11	8	13	14	
7	27	19	23	34	
8	25	15	24	25	30	31	33	
9	27	14	21	
10	21	20	33	35	
11	16	18	26	29	34	
12	25	14	28	29	
13	32	35	
14	42	22	27	33	
15	22	41	
16	18	28	32	
17	28	22	41	42	
18	24	42	
19	16	
20	12	24	27	29	
21	28	30	38	41	43	
22	28	29	30	37	44	
23	23	28	35	43	
24	45	35	39	42	43	49	
25	46	33	40	
26	17	30	
27	48	29	32	35	43	
28	33	36	45	51	
29	29	36	51	53	
30	35	39	42	
31	27	39	53	55	
32	25	43	48	
33	38	42	54	
34	24	41	47	49	
35	19	38	42	46	50	51	52	
36	47	44	53	
37	22	44	47	52	59	62	63	
38	23	55	63	64	65	
39	26	49	57	
40	30	52	56	63	65	
41	14	60	63	
42	40	62	
43	17	51	53	55	57	59	60	72	
44	31	55	62	69	
45	10	52	62	
46	36	51	59	65	70	
47	32	70	
48	16	53	63	69	
49	20	60	61	67	72	
50	10	64	74	75	
51	42	66	
52	29	61	62	64	75	
53	10	75	
54	13	58	61	64	66	70	71	75	
55	47	61	70	
56	35	64	65	67	68	73	79	
57	23	64	68	77	
58	49	72	73	74	82	
59	35	70	73	80	
60	10	68	80	
61	25	66	74	77	78	80	82	
62	44	67	71	79	85	
63	14	66	69	70	71	
64	20	68	73	82	
65	23	66	72	73	75	76	77	82	
66	21	83	90	92	
67	42	82	88	
68	25	74	77	83	87	92	
69	38	83	85	86	91	
70	21	84	94	
71	24	74	84	85	95	
72	24	76	83	88	
73	42	87	100	
74	46	92	100	
75	22	89	93	96	99	
76	21	88	95	96	
77	31	89	94	
78	10	91	93	94	
79	36	81	87	89	91	92	94	
80	39	93	103	107	
81	49	93	
82	36	100	104	
83	18	88	92	97	99	108	
84	22	
85	22	96	100	102	
86	21	89	92	100	102	106	
87	46	94	107	110	
88	46	98	104	
89	37	98	104	108	111	113	
90	33	99	101	104	106	107	
91	12	96	
92	49	111	116	
93	39	98	109	
94	31	
95	16	109	111	115	117	
96	36	103	113	118	119	
97	43	104	113	118	119	126	
98	32	105	115	119	
99	38	107	108	112	114	116	118	119	
100	13	112	113	118	126	
101	49	108	109	124	
102	21	107	108	112	
103	21	112	123	128	132	
104	23	129	130	133	
105	23	114	123	
106	49	111	112	114	124	
107	46	115	116	119	131	
108	16	129	
109	19	120	131	133	
110	14	114	118	120	123	128	133	
111	12	123	125	129	132	133	140	
112	28	121	128	130	
113	45	132	
114	17	120	127	129	130	131	
115	38	122	131	133	134	140	
116	26	124	129	135	138	
117	22	122	123	
118	44	124	127	128	132	138	139	
119	35	141	146	149	
120	46	
121	38	140	143	
122	42	132	136	145	
123	10	132	
124	44	
125	22	130	
126	11	130	134	138	147	
127	36	134	135	143	149	154	
128	18	134	143	152	154	
129	17	136	144	147	152	154	155	
130	10	142	
131	39	138	142	144	145	
132	34	138	146	149	
133	23	137	145	152	
134	38	149	151	153	154	156	157	158	162	163	164	
135	21	142	145	146	150	151	154	160	
136	41	160	
137	48	145	159	162	163	
138	40	143	150	156	163	
139	37	142	148	153	
140	32	149	151	153	155	
141	32	142	153	156	
142	23	156	157	159	161	
143	28	155	159	160	169	
144	49	150	153	161	
145	25	155	160	
146	35	151	155	162	
147	28	156	163	164	
148	45	155	163	168	170	
149	20	152	153	
150	30	160	164	165	
151	47	164	171	
152	24	161	165	
153	12	167	168	172	174	
154	49	160	165	168	171	173	175	
155	13	165	168	172	
156	13	164	166	167	177	179	
157	18	168	170	
158	18	171	172	174	178	185	186	
159	15	171	181	182	
160	27	175	182	183	
161	45	173	174	178	
162	14	165	180	
163	12	166	181	186	
164	25	183	
165	37	182	
166	38	173	175	179	184	186	
167	43	176	188	
168	24	172	174	176	180	181	182	
169	25	173	176	179	181	184	
170	16	179	180	187	
171	22	
172	33	
173	15	181	
174	42	186	
175	22	180	182	184	
176	36	188	
177	21	184	
178	48	186	189	
179	37	
180	37	188	
181	11	
182	34	
183	24	
184	10	
185	12	
186	49	188	189	
187	31	
188	19	
189	41	
