node	size	children
0	17	8	9	11	18	22	23	27	
1	31	7	8	9	10	21	29	
2	34	7	11	13	24	29	
3	21	7	9	11	13	25	28	29	
4	48	12	13	14	27	
5	42	7	10	12	13	18	19	
6	45	7	8	9	10	11	13	14	17	18	24	26	27	28	
7	26	22	26	29	30	32	
8	15	14	16	23	33	36	37	
9	17	15	26	29	33	
10	21	20	23	24	26	29	33	
11	26	17	19	22	25	35	36	
12	17	30	35	36	
13	30	15	22	35	36	
14	26	25	
15	38	
16	41	24	27	39	
17	20	27	34	
18	10	22	25	41	
19	15	43	
20	27	24	35	43	
21	37	
22	11	40	41	44	48	
23	41	30	41	44	52	
24	11	38	42	44	
25	40	40	43	
26	24	33	40	41	
27	32	46	47	50	
28	46	38	40	48	
29	35	31	36	38	43	46	47	
30	40	45	46	54	
31	11	54	57	58	
32	11	46	48	57	
33	25	52	
34	31	42	52	59	
35	45	39	46	51	
36	37	41	43	50	56	
37	41	38	40	46	52	
38	47	59	63	66	
39	40	50	
40	44	51	55	56	66	
41	39	53	
42	14	49	50	60	67	
43	21	49	53	58	60	
44	44	61	
45	32	64	
46	35	53	59	65	67	73	
47	18	63	65	
48	31	63	
49	40	53	59	60	67	68	70	71	75	
50	40	54	68	
51	16	
52	34	59	61	67	75	
53	47	65	66	
54	40	64	78	79	
55	18	72	82	
56	43	62	65	75	77	
57	22	70	74	79	
58	28	72	81	
59	41	63	81	
60	14	72	83	
61	34	80	85	86	
62	29	69	73	
63	15	69	74	81	84	90	
64	12	74	
65	39	76	88	
66	10	71	74	81	82	83	88	
67	28	74	77	90	
68	16	90	94	
69	21	77	86	94	
70	23	81	89	97	
71	49	96	
72	18	77	85	92	
73	35	77	80	93	97	
74	29	82	88	
75	47	77	79	80	85	93	97	
76	36	84	90	
77	45	84	92	96	97	
78	31	86	91	96	99	102	
79	19	94	99	101	
80	15	85	90	98	100	
81	24	84	87	92	96	98	100	
82	20	84	92	93	98	104	105	
83	18	91	97	98	99	
84	31	92	102	
85	33	91	102	103	108	
86	25	93	95	98	103	113	
87	49	100	113	
88	25	94	106	111	
89	48	107	
90	33	
91	21	99	106	107	113	
92	30	101	
93	39	
94	16	110	
95	45	101	108	116	117	118	
96	26	101	110	118	
97	40	101	
98	19	99	106	109	114	
99	47	111	
100	32	109	110	111	
101	17	108	112	115	118	
102	34	107	127	128	129	
103	17	110	117	122	123	127	129	
104	21	107	117	118	119	
105	30	119	127	128	
106	10	117	123	131	
107	30	118	130	
108	36	120	123	124	129	
109	32	123	
110	38	117	118	119	126	129	
111	43	119	121	124	129	135	136	
112	12	124	126	
113	21	117	121	124	131	
114	12	143	
115	22	125	126	137	
116	12	123	124	126	127	141	
117	35	124	125	128	138	
118	24	132	133	136	137	141	144	
119	40	128	137	
120	32	122	140	
121	35	144	
122	13	141	144	147	152	
123	15	134	139	148	150	
124	49	142	146	
125	41	130	141	
126	17	145	
127	30	146	148	
128	45	137	142	143	148	150	
129	11	
130	12	139	140	152	154	
131	46	144	157	
132	10	144	147	155	159	
133	25	147	148	149	159	
134	21	154	159	
135	21	145	146	147	151	154	159	160	
136	13	151	
137	28	151	
138	11	159	
139	22	157	158	163	165	
140	36	155	156	165	
141	17	166	
142	38	146	155	156	161	163	165	167	
143	27	148	152	165	
144	29	153	164	166	167	
145	16	
146	45	154	164	168	
147	28	154	162	172	175	
148	30	153	158	164	173	
149	34	155	158	163	165	
150	15	153	154	167	169	
151	28	155	159	168	169	170	174	
152	17	157	165	170	
153	25	168	176	
154	10	163	171	174	175	
155	16	169	171	177	
156	48	164	166	177	
157	36	178	181	
158	16	181	182	
159	33	176	178	179	183	
160	11	162	174	181	182	
161	38	184	186	
162	31	168	171	174	179	180	181	187	
163	29	170	180	
164	16	169	177	179	186	187	
165	16	171	174	182	
166	29	184	186	189	
167	15	181	186	187	
168	35	
169	44	
170	31	
171	33	188	
172	39	177	178	179	181	185	187	189	
173	24	176	178	184	186	189	
174	12	176	182	
175	38	176	182	
176	16	185	188	
177	12	188	
178	40	184	185	
179	14	187	
180	12	187	
181	45	189	
182	19	188	
183	30	188	189	
184	11	
185	19	
186	20	
187	45	
188	40	
189	38	
