node	size	children
0	14	13	14	17	
1	39	7	8	10	23	
2	21	7	11	12	13	17	19	
3	14	7	10	12	16	20	28	
4	46	10	15	16	20	24	
5	29	7	8	9	11	16	18	20	21	24	27	
6	26	7	11	18	26	
7	41	20	34	
8	15	22	27	31	
9	49	21	22	32	
10	16	17	19	24	27	30	
11	46	26	28	
12	29	20	28	32	33	
13	37	16	28	
14	22	20	29	35	
15	22	24	34	37	
16	16	25	27	32	33	37	
17	28	26	29	42	
18	14	22	
19	49	25	30	32	
20	46	24	25	
21	31	25	34	42	
22	48	30	37	45	46	49	
23	42	43	
24	44	31	33	
25	27	29	34	42	
26	37	33	35	
27	35	44	47	49	
28	18	34	42	
29	41	41	49	52	
30	30	38	46	52	57	
31	47	41	42	52	54	
32	39	39	40	
33	33	36	38	47	48	50	54	57	
34	20	39	44	52	55	
35	33	37	40	41	
36	14	44	45	49	62	63	
37	45	44	56	60	
38	16	44	56	58	59	
39	27	57	
40	40	51	55	58	61	64	
41	23	46	61	63	
42	33	51	56	58	61	
43	40	68	72	
44	21	
45	14	51	67	70	
46	45	53	64	67	71	
47	47	50	52	55	56	59	63	64	
48	23	55	58	70	
49	19	56	58	63	67	
50	24	61	62	69	80	
51	47	58	63	68	72	76	79	
52	25	59	
53	38	65	
54	44	59	72	
55	44	77	
56	38	59	62	69	73	74	75	76	
57	16	66	
58	43	70	71	
59	15	77	88	
60	29	67	70	80	81	
61	36	74	83	
62	29	74	76	80	82	84	
63	22	67	70	
64	34	77	86	
65	28	66	70	77	
66	38	78	82	87	88	89	90	
67	36	76	85	89	
68	15	79	80	81	92	
69	42	95	96	
70	24	74	78	80	83	95	
71	38	74	86	
72	44	82	95	
73	40	81	86	88	98	101	
74	22	83	88	93	95	101	
75	46	91	94	97	
76	14	81	83	92	94	100	102	104	
77	24	89	90	94	97	
78	48	104	
79	29	82	88	91	101	
80	17	81	101	
81	41	89	95	99	105	108	
82	14	89	90	100	103	
83	45	90	94	103	104	
84	34	
85	12	90	99	
86	24	89	96	101	107	110	
87	23	96	107	109	
88	39	96	104	108	111	
89	38	98	109	117	
90	42	99	112	
91	29	98	
92	46	98	99	104	115	117	119	
93	34	97	103	110	
94	30	
95	40	98	113	114	117	
96	18	115	117	119	
97	42	
98	43	110	111	113	115	118	119	124	
99	34	107	
100	45	109	110	111	114	116	117	
101	46	105	107	118	127	
102	24	106	122	
103	35	105	122	
104	16	113	120	124	
105	19	119	122	125	127	
106	41	121	132	
107	44	113	115	116	126	133	
108	43	115	116	119	123	
109	23	113	115	116	130	131	134	
110	15	123	
111	24	116	125	131	
112	48	125	126	131	
113	43	122	134	136	137	140	
114	41	123	126	132	
115	36	
116	19	126	
117	35	120	129	133	139	
118	44	123	131	
119	39	122	
120	29	141	
121	11	128	131	145	148	
122	43	128	139	
123	27	132	135	139	
124	35	131	146	
125	24	132	141	143	144	
126	38	140	
127	28	143	
128	45	136	137	145	152	
129	47	143	144	149	
130	26	135	136	138	141	152	
131	21	141	154	
132	40	139	
133	49	137	139	142	147	151	155	
134	35	135	149	152	
135	28	162	
136	43	149	160	
137	26	144	145	147	149	150	155	161	163	
138	20	142	149	151	
139	33	143	159	164	
140	49	146	150	158	163	
141	42	144	146	151	162	163	
142	46	153	156	165	
143	23	150	153	158	159	160	165	168	
144	20	150	156	165	
145	35	150	167	
146	21	167	168	
147	35	150	155	
148	27	151	152	
149	29	156	165	168	172	
150	12	180	
151	47	167	177	178	
152	42	160	173	174	176	
153	47	157	166	167	169	
154	48	162	163	171	173	176	180	
155	21	157	160	161	162	172	180	
156	18	161	162	168	178	
157	29	165	173	183	187	
158	17	173	186	
159	20	170	171	
160	37	187	
161	31	181	
162	43	172	174	182	187	
163	14	167	168	
164	20	187	
165	48	174	179	188	
166	20	174	178	186	
167	19	173	174	176	
168	16	175	189	
169	19	178	183	188	
170	28	173	176	181	189	
171	35	178	181	189	
172	37	178	182	185	
173	31	
174	11	184	
175	24	
176	29	184	
177	44	
178	14	182	187	189	
179	30	187	
180	10	182	
181	35	
182	45	
183	49	189	
184	20	
185	34	
186	31	
187	18	
188	12	
189	23	
