node	size	children
0	30	11	19	21	28	
1	32	11	14	15	17	22	
2	42	12	14	24	
3	19	8	12	17	21	24	
4	19	9	14	20	22	23	
5	49	8	11	12	14	22	28	
6	43	10	12	13	
7	39	12	18	28	
8	42	19	20	23	27	
9	47	22	25	27	30	
10	32	24	30	35	
11	35	16	17	22	31	35	
12	28	24	26	
13	10	26	36	
14	13	23	25	27	29	
15	42	28	29	30	32	33	41	42	
16	35	25	32	36	
17	40	27	28	31	
18	23	32	37	
19	33	32	33	40	
20	20	24	37	
21	41	24	26	30	33	39	41	
22	47	42	
23	20	30	35	41	45	47	
24	40	31	41	
25	22	33	38	43	47	51	
26	12	33	44	47	50	
27	19	
28	16	
29	47	34	46	
30	48	37	48	
31	36	43	50	51	52	54	57	
32	21	44	49	50	
33	37	44	49	50	53	
34	18	40	49	50	
35	28	38	53	
36	39	37	40	55	
37	33	54	56	64	
38	34	58	
39	17	49	55	65	
40	15	52	55	56	
41	26	45	49	52	57	61	64	
42	32	46	57	58	
43	43	45	61	
44	30	
45	47	59	70	
46	15	56	68	70	
47	15	
48	41	64	70	72	
49	23	56	60	67	69	
50	29	52	63	66	69	
51	19	52	
52	36	63	65	67	71	76	
53	43	63	
54	19	70	71	78	
55	48	61	70	71	72	
56	16	67	75	77	
57	31	62	64	
58	23	67	75	76	
59	15	67	81	86	
60	28	84	
61	26	73	
62	36	78	84	
63	49	68	
64	13	81	83	
65	43	69	73	74	76	77	85	
66	23	78	80	81	83	90	
67	36	78	84	90	92	
68	31	73	89	
69	43	88	
70	44	
71	20	78	79	82	
72	25	80	82	84	85	89	
73	47	83	94	101	
74	46	83	86	88	100	
75	31	81	83	87	93	100	
76	29	80	97	100	
77	39	92	101	
78	15	98	
79	24	86	91	101	
80	23	95	
81	49	98	106	108	
82	24	103	106	108	
83	10	88	102	103	105	108	
84	34	87	90	105	
85	19	101	
86	24	92	95	105	107	109	
87	16	106	107	110	111	113	
88	17	99	103	104	110	
89	11	97	99	103	106	110	115	117	
90	42	114	
91	29	96	98	106	
92	26	95	96	109	
93	24	97	100	101	102	104	110	112	113	114	
94	17	111	112	119	
95	17	107	108	125	
96	20	115	116	120	124	
97	44	108	111	118	
98	16	105	113	114	121	122	
99	49	113	114	125	
100	37	103	104	109	119	123	
101	42	107	109	111	116	125	
102	29	116	125	127	130	132	
103	13	111	116	123	129	
104	27	
105	44	118	120	127	130	
106	22	113	123	
107	44	110	111	115	123	
108	46	119	120	
109	44	112	132	
110	12	120	126	137	139	
111	30	139	
112	48	120	126	134	135	
113	13	120	
114	20	118	123	125	129	136	
115	24	118	123	
116	21	118	121	122	126	
117	12	121	122	126	127	129	
118	14	127	130	
119	36	133	137	141	146	
120	19	128	135	
121	48	128	129	141	
122	37	142	
123	40	127	128	130	131	141	
124	24	129	146	
125	11	135	138	139	141	142	143	
126	48	134	135	
127	17	138	149	
128	46	137	138	
129	26	134	137	154	
130	49	140	
131	46	139	
132	23	144	
133	45	142	145	
134	34	142	148	157	159	161	
135	17	147	148	150	153	158	
136	12	151	154	
137	41	146	147	148	154	
138	17	141	142	145	147	152	154	157	
139	25	150	152	
140	20	150	151	160	
141	19	147	150	157	160	165	166	
142	49	147	149	155	159	163	166	
143	13	151	166	
144	19	149	150	151	158	
145	43	149	154	160	164	
146	44	151	156	160	162	164	
147	28	158	160	162	164	167	168	
148	14	155	157	161	164	
149	29	155	156	161	166	170	
150	47	169	174	
151	40	156	161	165	169	174	
152	27	161	169	
153	15	156	161	
154	10	155	159	160	162	
155	11	165	167	175	178	
156	17	172	181	
157	31	168	172	
158	15	174	176	180	182	
159	20	165	171	175	182	
160	30	166	167	169	182	183	
161	27	163	165	169	177	
162	36	173	177	182	187	188	
163	38	176	182	187	
164	13	185	187	
165	15	174	183	187	
166	21	176	178	
167	30	172	176	180	186	
168	35	170	172	175	177	184	
169	33	189	
170	44	187	
171	14	177	182	
172	30	
173	49	
174	42	179	185	
175	34	179	
176	31	183	189	
177	10	186	187	
178	10	
179	36	
180	34	185	189	
181	11	
182	26	185	
183	26	185	186	
184	23	
185	12	
186	29	
187	48	
188	41	
189	25	
