node	size	children
0	38	14	22	28	
1	23	12	27	
2	10	8	13	16	
3	48	8	13	14	16	18	22	24	
4	10	8	10	13	16	21	22	26	27	
5	12	8	12	13	14	16	20	22	24	29	
6	22	8	9	17	20	22	23	
7	18	8	9	11	15	18	21	
8	35	32	35	
9	41	18	34	
10	16	18	29	30	34	
11	20	16	19	25	29	34	
12	13	28	
13	44	23	37	
14	13	19	23	24	25	29	34	
15	46	30	36	
16	22	25	27	38	
17	18	23	26	29	39	41	44	
18	23	25	31	36	44	
19	46	30	
20	45	33	43	
21	48	33	43	44	
22	42	35	39	42	44	
23	23	36	50	
24	39	36	38	45	
25	38	45	
26	12	34	
27	35	35	38	45	
28	31	34	
29	12	33	
30	40	
31	35	39	40	45	50	52	57	
32	32	38	39	48	52	
33	40	39	57	58	
34	36	40	44	51	59	
35	43	45	
36	17	50	56	
37	47	43	54	59	
38	26	46	47	49	52	54	55	
39	21	46	58	59	61	64	66	
40	38	50	53	
41	14	46	
42	16	55	63	65	
43	39	50	53	55	64	
44	13	51	58	61	63	
45	38	53	59	67	71	73	
46	30	67	73	
47	15	63	64	66	69	
48	35	53	60	63	69	71	
49	25	62	64	65	68	
50	31	61	64	70	74	
51	21	63	67	71	73	
52	17	59	74	
53	29	68	70	
54	38	65	66	77	
55	26	61	73	
56	14	68	71	75	
57	16	78	
58	23	73	76	
59	33	62	69	70	74	77	78	79	80	
60	43	73	74	
61	37	68	72	80	86	88	
62	40	68	81	90	
63	14	68	74	78	80	88	
64	25	78	80	85	89	
65	17	85	89	
66	11	
67	11	70	76	77	78	86	
68	24	82	83	91	93	
69	28	80	83	85	90	92	94	
70	48	76	77	83	87	97	
71	20	87	93	95	98	
72	25	93	
73	21	84	93	94	
74	36	89	93	
75	28	86	89	105	
76	22	95	98	100	101	
77	24	87	97	101	
78	27	86	91	96	
79	25	83	85	87	91	102	
80	44	85	102	
81	16	92	96	
82	18	90	103	104	105	
83	16	91	100	
84	29	103	105	111	
85	33	103	
86	18	103	105	107	112	
87	40	100	104	
88	22	104	
89	45	94	97	
90	15	110	
91	17	99	100	118	120	
92	46	99	101	118	
93	14	99	102	117	118	120	
94	15	100	102	105	
95	16	102	106	108	114	120	
96	39	99	101	102	110	
97	11	99	103	116	119	
98	44	99	110	112	
99	14	108	122	124	125	
100	46	108	109	111	114	
101	10	111	113	124	
102	31	106	108	127	128	
103	41	110	111	114	124	
104	47	111	
105	46	112	120	125	
106	13	116	120	121	124	127	130	132	134	
107	33	121	134	
108	32	113	117	121	124	130	
109	18	114	117	130	134	
110	43	115	116	122	128	132	
111	33	117	118	126	127	134	
112	39	116	121	126	
113	15	129	136	
114	19	127	
115	46	122	125	140	141	
116	30	133	134	
117	21	124	137	140	
118	29	137	
119	19	123	137	
120	45	123	141	
121	18	135	139	143	
122	38	142	146	
123	31	134	150	
124	42	129	130	137	138	
125	12	129	136	
126	42	130	131	
127	46	145	
128	11	133	144	148	149	
129	21	149	153	154	
130	11	141	151	153	154	
131	11	138	145	147	150	
132	33	136	138	139	141	150	
133	21	138	139	141	144	145	147	149	157	
134	10	136	137	139	142	143	151	155	157	
135	33	138	153	
136	14	144	149	150	154	159	160	
137	36	145	148	153	
138	35	150	154	
139	47	155	161	163	
140	23	145	151	162	165	
141	15	147	156	165	
142	15	149	150	
143	17	149	151	152	155	162	
144	10	170	
145	34	158	170	
146	37	167	170	172	
147	25	160	169	172	
148	32	157	172	
149	25	164	
150	33	159	164	166	167	
151	30	172	
152	27	162	164	169	170	175	178	
153	11	162	172	175	
154	17	166	171	176	
155	40	159	163	165	177	
156	42	175	176	
157	11	165	170	178	179	
158	36	
159	45	166	171	172	181	187	
160	23	166	180	182	
161	36	
162	41	186	
163	36	182	185	
164	34	179	185	
165	16	168	170	173	177	183	
166	37	176	181	186	187	189	
167	13	173	178	181	
168	22	
169	38	176	189	
170	18	174	180	183	
171	19	180	181	186	188	
172	23	175	180	
173	43	185	186	
174	16	182	
175	39	181	189	
176	25	183	185	
177	26	184	
178	48	184	
179	33	186	187	
180	46	188	189	
181	24	189	
182	28	
183	16	
184	30	
185	28	
186	47	
187	15	
188	43	
189	21	
