node	size	children
0	30	7	10	11	13	15	16	18	20	21	27	29	
1	13	7	11	18	26	
2	26	17	
3	23	7	9	10	11	12	16	23	
4	19	10	11	14	16	17	18	20	21	
5	19	7	8	9	10	11	14	15	17	18	19	21	27	
6	48	7	17	18	19	20	21	26	28	29	
7	49	15	16	19	25	33	
8	23	14	15	30	36	
9	12	22	28	30	
10	49	14	17	22	33	
11	26	22	24	33	
12	42	19	25	35	36	
13	34	24	25	26	29	36	
14	26	36	40	
15	13	32	34	35	40	
16	41	24	40	
17	26	27	40	
18	30	34	36	37	43	
19	25	22	23	28	31	34	
20	38	23	37	
21	31	25	33	35	37	39	43	44	
22	34	34	38	50	
23	12	49	
24	16	32	37	42	43	46	
25	34	
26	44	50	
27	41	30	36	37	41	
28	44	32	33	34	44	
29	28	32	43	52	
30	35	44	47	49	60	
31	23	58	
32	24	40	43	58	59	
33	36	49	50	
34	38	49	53	55	
35	37	51	
36	32	44	51	53	
37	43	52	54	55	
38	48	52	61	62	
39	47	64	
40	39	47	52	59	67	
41	32	48	50	62	67	
42	21	45	53	56	59	64	
43	17	49	57	63	
44	38	50	51	56	59	
45	41	55	60	71	
46	23	62	74	
47	40	74	
48	23	59	66	
49	28	58	64	65	
50	42	62	
51	42	61	63	66	67	74	
52	22	54	66	
53	49	73	
54	24	61	67	76	80	
55	39	62	68	76	77	80	82	
56	19	65	66	72	80	81	
57	17	66	72	74	78	
58	31	73	75	79	82	
59	44	67	68	75	81	82	
60	12	69	70	73	76	79	82	
61	41	69	75	79	
62	25	68	80	83	
63	21	68	88	
64	37	69	90	
65	34	68	69	73	76	82	
66	33	74	76	80	83	
67	27	69	71	72	80	82	87	
68	32	
69	39	
70	21	78	95	
71	25	76	84	86	96	
72	13	
73	11	79	87	
74	27	92	96	
75	47	84	86	89	93	
76	11	99	104	
77	48	86	87	94	98	
78	22	99	100	
79	19	85	87	92	94	99	
80	12	86	97	101	102	103	
81	13	87	
82	47	87	102	
83	30	85	94	103	
84	19	96	
85	35	104	110	
86	49	94	100	101	103	108	
87	44	100	101	
88	41	91	96	98	101	109	
89	18	108	
90	19	101	106	107	110	
91	47	100	109	110	118	119	
92	23	102	111	
93	13	101	113	118	
94	35	102	104	109	116	
95	11	105	113	
96	17	102	109	
97	27	102	107	110	115	117	119	
98	40	108	
99	24	117	118	
100	19	109	118	119	123	127	
101	25	108	113	121	
102	10	106	111	114	122	124	
103	37	
104	14	113	115	124	
105	23	107	108	111	112	118	120	121	
106	41	116	124	126	128	133	134	
107	17	115	116	120	126	128	134	
108	37	116	120	125	129	
109	11	131	
110	37	127	
111	47	117	119	
112	30	117	122	125	
113	31	126	130	141	
114	24	129	136	137	139	
115	43	125	139	
116	48	120	124	126	128	130	132	133	
117	15	
118	47	121	122	124	125	126	134	135	139	
119	24	120	123	125	127	131	133	135	
120	44	128	144	148	
121	18	145	
122	25	128	138	146	
123	44	135	144	
124	38	134	135	148	
125	20	135	
126	19	131	134	139	
127	33	140	144	146	
128	17	143	
129	44	138	151	
130	31	139	146	151	
131	27	153	
132	35	138	140	142	
133	17	151	154	155	
134	27	140	155	
135	34	143	145	149	154	
136	43	143	147	153	163	
137	14	142	146	152	
138	41	162	163	
139	45	154	159	
140	23	154	
141	28	145	
142	23	156	162	167	
143	33	149	161	162	171	
144	24	149	153	154	158	159	166	
145	31	149	150	151	164	165	
146	24	155	160	161	171	
147	10	158	166	
148	27	160	170	
149	43	156	161	172	
150	37	156	157	159	167	169	172	173	175	
151	19	159	173	
152	24	170	171	
153	27	157	
154	19	159	172	
155	43	158	161	163	170	176	
156	42	180	184	
157	31	165	174	179	186	
158	29	165	168	174	
159	12	165	183	
160	18	176	183	
161	23	
162	47	171	177	185	
163	26	172	174	178	184	
164	44	178	184	188	
165	44	172	175	176	178	185	188	189	
166	34	178	188	
167	17	172	174	175	181	
168	15	180	186	
169	17	175	
170	28	187	
171	48	181	183	
172	20	
173	16	
174	21	187	
175	18	
176	27	182	183	185	
177	48	186	
178	45	180	
179	39	
180	12	189	
181	12	
182	26	
183	42	
184	29	187	188	
185	42	189	
186	45	
187	27	
188	40	
189	46	
