node	size	children
0	23	21	29	
1	40	18	21	22	24	28	
2	16	10	11	17	
3	44	11	12	13	15	16	18	
4	38	7	8	9	11	13	15	17	19	21	
5	40	9	10	15	16	22	28	29	
6	39	9	15	19	26	27	
7	13	
8	29	18	23	24	26	27	30	33	
9	40	18	21	24	
10	20	14	
11	49	35	
12	36	14	21	
13	29	19	20	22	29	31	32	
14	46	30	43	
15	40	22	25	26	35	37	42	
16	24	30	32	39	
17	20	37	
18	39	26	
19	49	27	38	
20	33	28	33	35	36	
21	19	24	43	
22	25	30	36	39	44	
23	31	30	37	44	
24	39	36	50	
25	48	32	41	45	
26	16	32	34	43	45	48	
27	16	35	42	43	50	
28	11	33	36	
29	27	36	38	48	
30	33	42	47	
31	40	40	42	57	
32	44	40	41	45	49	55	57	
33	33	37	47	50	53	
34	35	39	47	
35	21	48	58	
36	18	44	45	47	51	52	57	58	59	
37	20	51	56	59	
38	16	47	49	63	
39	20	50	61	67	
40	14	46	49	55	56	65	
41	33	56	65	
42	31	48	50	56	
43	18	45	49	56	60	61	
44	47	52	55	63	66	68	
45	10	60	63	
46	40	53	63	66	73	
47	38	54	58	60	65	
48	22	58	60	
49	32	52	58	71	
50	33	53	59	61	63	65	69	72	73	
51	41	59	62	
52	42	81	
53	36	66	71	73	76	78	
54	13	64	65	67	73	
55	39	75	78	
56	18	67	
57	40	64	67	70	74	78	81	
58	48	61	67	71	79	80	
59	10	65	77	
60	42	80	84	
61	25	76	85	86	
62	49	
63	23	71	73	77	
64	10	71	80	
65	32	69	76	82	
66	38	70	71	74	75	79	
67	37	70	85	
68	33	78	82	94	95	
69	45	76	80	
70	40	80	82	88	
71	18	79	85	88	
72	34	78	86	92	
73	16	76	83	84	87	92	
74	48	92	
75	49	91	
76	40	82	
77	19	83	85	93	94	99	
78	21	82	99	
79	36	91	94	95	98	
80	25	85	
81	31	91	96	99	
82	39	90	93	104	107	108	109	
83	49	92	100	108	
84	12	89	99	100	104	111	
85	14	92	100	102	103	109	
86	45	
87	25	103	106	
88	39	102	
89	25	96	102	108	111	117	
90	21	98	116	
91	44	100	101	103	115	119	
92	25	101	103	119	
93	39	97	105	106	
94	22	98	100	101	
95	49	98	101	104	106	109	110	119	
96	46	106	113	119	121	
97	20	104	114	
98	37	109	124	
99	17	104	118	121	122	124	
100	48	106	
101	45	104	108	110	122	
102	45	108	113	122	
103	10	106	108	125	
104	44	119	125	128	130	132	
105	12	115	116	119	121	123	125	
106	15	112	114	120	123	124	
107	12	113	115	128	
108	13	112	113	115	128	129	
109	24	115	123	127	129	133	
110	30	115	120	121	124	
111	48	
112	15	125	126	130	
113	23	122	130	141	
114	13	121	122	124	134	
115	46	129	138	141	
116	46	138	
117	14	120	126	135	
118	16	122	130	139	
119	20	124	131	
120	26	136	141	142	145	
121	32	135	
122	24	127	131	134	147	
123	48	127	138	
124	40	129	142	
125	46	
126	27	131	148	
127	25	137	140	144	146	148	151	152	
128	43	136	140	149	151	
129	30	135	136	147	155	
130	11	134	136	145	
131	26	136	153	
132	29	148	
133	33	147	
134	27	142	145	155	
135	14	147	150	160	
136	34	142	143	151	155	
137	48	145	155	
138	46	
139	10	142	159	162	
140	38	154	156	
141	34	145	152	156	157	158	161	
142	39	153	161	162	165	167	
143	34	151	157	160	162	
144	14	161	
145	16	155	156	160	
146	14	159	
147	18	150	160	161	
148	25	154	163	
149	27	168	172	
150	12	166	
151	27	165	166	171	177	
152	32	156	159	161	164	171	174	
153	38	160	163	165	176	
154	10	162	163	169	172	175	
155	16	162	168	172	174	176	
156	35	171	175	184	
157	17	165	171	181	182	185	
158	35	166	174	179	182	184	
159	19	166	167	184	185	
160	33	164	168	169	174	176	184	
161	18	163	170	180	181	
162	47	170	173	
163	17	183	
164	16	172	178	181	
165	13	178	181	182	189	
166	11	182	189	
167	12	174	177	186	
168	40	
169	16	182	183	
170	36	
171	33	
172	38	182	184	188	
173	40	178	179	183	
174	25	187	
175	42	180	188	
176	36	185	
177	13	178	183	
178	39	
179	15	
180	25	
181	28	188	
182	23	
183	21	
184	27	187	
185	23	
186	45	
187	35	
188	30	
189	18	
