node	size	children
0	45	7	10	17	
1	28	8	9	15	16	17	
2	37	7	9	12	16	17	
3	31	7	9	10	11	12	13	16	19	20	
4	21	10	12	15	18	19	
5	39	7	9	10	12	15	16	18	19	
6	27	8	12	16	17	18	22	
7	43	
8	22	15	19	27	31	
9	39	26	29	32	
10	22	17	18	23	26	
11	16	27	29	33	
12	27	14	
13	47	25	27	
14	43	28	29	33	35	37	
15	36	28	29	33	36	41	
16	31	22	28	33	38	
17	13	38	41	
18	42	22	30	38	
19	45	24	32	35	
20	47	21	28	34	41	
21	19	35	43	44	
22	45	32	37	39	
23	19	37	39	40	43	46	48	
24	37	42	45	
25	33	38	46	
26	22	35	38	45	
27	17	33	39	43	50	
28	11	37	41	44	51	55	57	
29	20	39	51	55	
30	46	39	50	54	56	58	
31	16	35	41	43	49	50	52	
32	33	44	47	49	57	
33	23	45	51	56	
34	25	47	49	56	57	
35	18	48	54	64	
36	28	46	48	52	53	
37	33	44	56	58	59	62	
38	33	44	45	53	
39	13	57	
40	14	46	55	56	
41	41	44	49	50	60	63	64	
42	29	45	49	52	58	
43	15	56	62	67	
44	42	57	59	68	
45	13	62	67	
46	30	55	57	72	
47	40	58	59	
48	41	72	
49	31	66	68	
50	49	52	53	62	70	
51	27	66	75	
52	22	59	70	76	
53	46	77	79	
54	13	71	
55	19	66	71	74	
56	15	75	
57	16	65	
58	42	59	61	67	70	71	
59	44	66	68	70	76	85	
60	40	73	76	
61	17	68	80	82	84	
62	15	67	71	75	82	84	
63	28	67	71	79	82	86	
64	25	69	73	81	
65	47	66	76	82	86	
66	20	78	89	
67	32	73	85	87	90	92	93	
68	32	74	84	88	93	94	
69	31	73	92	
70	19	77	83	89	
71	10	73	74	91	
72	30	80	88	90	
73	22	82	86	89	
74	27	83	87	92	99	102	
75	45	85	87	88	92	93	99	
76	29	85	87	101	
77	32	87	100	101	
78	30	86	88	95	100	101	
79	34	94	101	102	
80	32	94	103	105	
81	41	93	103	
82	46	89	92	96	97	104	109	
83	25	101	106	109	
84	17	91	97	100	107	108	
85	27	89	90	94	107	109	
86	38	88	90	94	102	107	
87	32	100	108	
88	40	96	98	100	111	
89	47	100	104	107	
90	40	98	103	108	
91	11	108	112	
92	14	102	109	111	
93	43	
94	12	116	
95	44	105	110	
96	31	103	108	112	115	117	120	
97	47	104	112	118	
98	28	113	
99	44	109	113	121	123	
100	43	105	122	
101	37	108	112	
102	43	103	104	
103	31	114	125	129	
104	43	111	115	131	
105	30	111	119	124	
106	45	113	
107	45	115	120	131	
108	32	121	
109	29	113	122	
110	25	133	
111	10	122	129	130	132	135	
112	40	118	120	129	130	135	
113	11	122	123	125	
114	20	117	127	133	138	
115	35	119	123	128	133	
116	46	117	130	
117	37	126	138	139	143	
118	37	131	134	
119	16	
120	48	126	129	130	131	136	142	
121	29	129	131	137	145	
122	12	
123	17	130	134	
124	49	135	138	141	146	
125	28	132	147	153	
126	38	132	140	142	147	
127	38	132	133	139	145	148	153	
128	26	134	141	142	
129	16	134	137	
130	24	134	144	
131	33	135	138	140	143	153	
132	33	146	160	
133	21	145	148	158	
134	16	142	147	150	157	161	
135	23	142	156	
136	39	145	151	152	153	
137	40	145	152	153	
138	20	142	147	152	158	
139	45	147	156	161	
140	40	152	156	157	169	
141	14	152	155	
142	30	155	156	170	
143	47	149	153	157	162	164	168	170	
144	41	
145	31	152	161	167	
146	23	169	
147	43	151	154	157	160	169	
148	35	164	170	176	
149	20	166	172	174	
150	24	163	169	170	175	
151	33	157	170	173	175	
152	13	158	159	
153	45	160	166	
154	12	156	165	176	
155	42	178	179	
156	15	169	170	173	174	181	182	
157	14	176	177	
158	11	166	171	173	176	
159	16	164	172	175	183	
160	46	179	
161	46	166	174	
162	27	166	169	171	
163	24	
164	42	
165	29	182	189	
166	19	
167	34	
168	42	181	182	
169	38	171	
170	15	171	
171	32	181	182	183	184	187	188	
172	38	180	182	184	
173	36	179	
174	17	
175	37	181	185	187	
176	12	
177	18	189	
178	37	186	187	
179	35	
180	12	189	
181	26	
182	39	186	
183	18	
184	23	
185	25	
186	38	
187	34	
188	17	
189	15	
