node	size	children
0	46	7	9	16	18	22	
1	36	7	8	14	16	21	26	29	
2	42	8	10	11	13	14	15	18	19	20	28	
3	24	17	19	21	24	25	28	
4	37	8	9	19	20	21	
5	38	8	9	12	14	18	24	26	
6	37	9	14	
7	49	27	37	38	
8	43	18	24	30	31	
9	41	29	30	33	
10	35	16	20	22	26	29	30	
11	12	16	21	
12	12	16	31	
13	16	16	18	28	30	
14	23	18	19	38	
15	35	
16	14	32	35	36	39	
17	28	35	
18	22	26	39	40	41	
19	22	27	32	
20	42	33	34	38	44	
21	37	23	30	36	38	42	43	
22	20	42	43	
23	17	40	47	48	
24	17	31	33	51	
25	18	42	53	
26	49	33	42	52	
27	25	35	37	
28	10	31	39	49	
29	41	31	48	52	
30	38	41	45	48	49	
31	29	50	52	59	61	
32	47	43	50	61	
33	38	42	43	
34	20	39	43	47	
35	46	41	52	55	56	59	
36	26	39	46	48	49	55	60	
37	43	60	
38	33	50	56	61	
39	35	56	66	
40	22	68	
41	41	51	58	59	68	
42	48	49	50	53	59	63	
43	28	54	56	63	
44	30	47	53	58	61	63	
45	17	52	59	
46	32	61	
47	17	57	62	68	73	
48	40	58	66	
49	48	54	64	67	70	
50	29	58	62	70	71	
51	40	65	
52	25	70	73	
53	19	57	63	67	72	
54	37	66	79	
55	24	70	72	82	
56	32	64	66	68	69	74	
57	48	67	72	73	74	
58	15	68	76	82	
59	13	63	68	73	80	82	
60	36	
61	44	62	76	
62	40	72	76	78	84	
63	45	72	79	84	85	86	
64	17	77	78	79	83	
65	45	75	78	83	86	
66	35	73	
67	30	70	75	77	86	
68	44	77	79	88	90	
69	24	78	88	89	97	
70	44	83	88	
71	20	80	82	95	98	
72	33	81	97	
73	33	88	95	
74	18	91	
75	31	81	83	
76	31	91	102	
77	32	91	102	106	
78	26	84	93	99	102	
79	40	84	92	95	98	101	
80	12	90	105	106	
81	16	86	87	91	95	98	99	
82	29	91	92	94	
83	27	93	94	
84	25	95	104	
85	44	105	107	113	
86	42	96	105	113	
87	46	98	99	
88	41	93	105	
89	29	96	108	112	
90	16	92	100	
91	39	108	110	115	116	120	
92	13	113	120	
93	32	108	
94	30	106	108	
95	17	101	106	
96	31	106	
97	27	99	100	
98	45	99	103	108	115	
99	12	119	124	
100	39	118	
101	31	122	
102	18	107	111	112	115	128	
103	14	110	124	129	
104	24	109	
105	12	114	115	122	
106	48	110	118	
107	37	114	121	124	135	136	
108	20	117	123	128	
109	35	114	115	119	122	126	133	
110	38	119	128	132	135	
111	23	119	123	124	125	126	131	136	
112	46	126	129	
113	17	130	131	
114	18	123	126	127	131	133	138	
115	43	131	136	
116	46	126	132	
117	12	122	123	141	143	
118	33	123	129	134	135	143	
119	17	127	129	133	135	141	
120	31	126	127	129	141	
121	48	124	131	138	
122	20	131	135	138	149	
123	25	146	
124	38	140	141	146	150	
125	35	143	145	146	
126	24	146	148	
127	22	135	145	
128	49	132	
129	31	132	138	140	141	144	147	
130	49	153	157	
131	31	138	144	150	152	153	156	157	158	
132	34	140	151	155	157	
133	15	140	143	144	153	158	
134	18	139	142	148	151	154	155	157	
135	39	137	148	
136	11	150	
137	28	147	154	163	
138	34	148	151	154	163	
139	40	150	158	
140	38	162	166	
141	48	155	162	
142	46	149	159	160	162	
143	21	151	153	155	158	162	
144	49	151	163	166	
145	32	158	159	163	172	
146	47	153	157	172	
147	43	156	169	172	
148	45	154	156	167	172	
149	30	162	166	
150	48	166	168	173	174	
151	48	160	162	163	
152	18	160	166	167	168	175	
153	30	161	163	164	169	170	176	177	
154	46	166	168	169	182	
155	40	
156	11	168	170	176	
157	40	160	168	170	
158	36	165	178	
159	32	
160	34	176	180	184	189	
161	33	180	187	
162	19	170	172	189	
163	43	172	175	176	180	
164	41	168	177	186	
165	22	167	179	183	188	
166	26	167	171	176	181	
167	14	183	188	
168	37	182	184	
169	17	187	
170	43	178	180	184	
171	43	177	183	188	
172	45	
173	26	180	183	
174	15	
175	35	185	
176	35	
177	10	186	
178	16	
179	40	189	
180	31	183	189	
181	35	184	
182	26	
183	12	
184	33	
185	40	
186	38	
187	17	
188	26	
189	37	
