node	size	children
0	28	9	13	14	18	27	
1	17	8	12	13	23	24	26	27	29	30	
2	44	8	9	10	14	15	16	22	23	24	
3	12	8	10	11	12	14	22	31	
4	28	11	12	
5	39	8	11	12	21	23	
6	28	8	9	11	12	18	21	30	
7	41	9	13	15	18	
8	15	31	33	
9	35	19	22	34	35	
10	28	18	24	29	30	32	37	
11	30	23	26	28	29	30	32	
12	35	19	22	23	27	31	32	
13	12	17	22	25	27	30	31	32	36	
14	20	20	27	38	
15	16	18	26	
16	46	28	31	38	44	
17	47	26	
18	48	26	27	29	
19	38	31	36	39	40	42	44	
20	12	28	33	37	41	42	43	
21	22	25	40	
22	37	34	42	
23	17	36	
24	48	35	39	45	47	
25	27	32	36	49	
26	22	35	36	51	
27	19	35	46	
28	44	49	51	
29	13	32	33	36	43	52	
30	37	47	52	
31	11	33	40	
32	36	47	51	54	55	
33	47	42	48	56	57	
34	18	39	45	50	
35	39	39	53	54	
36	47	44	57	
37	47	44	45	46	49	
38	16	45	50	56	
39	39	55	
40	10	50	58	
41	38	47	58	61	65	
42	43	46	48	53	59	
43	44	48	49	60	
44	32	54	55	57	
45	12	60	65	
46	31	59	62	65	
47	22	53	65	69	72	
48	41	59	60	71	
49	38	71	
50	47	57	59	68	
51	45	
52	34	53	59	62	64	68	71	
53	49	60	63	
54	21	60	63	74	81	
55	25	64	70	
56	36	66	70	
57	48	71	77	80	
58	32	63	64	65	72	
59	32	73	79	
60	38	76	85	
61	16	71	77	84	
62	31	73	77	87	
63	46	72	74	79	83	
64	41	67	74	75	78	
65	32	69	73	84	88	
66	25	86	87	
67	44	75	78	85	86	93	
68	47	78	81	87	
69	36	82	92	
70	11	75	
71	23	75	77	83	86	95	
72	12	74	75	91	
73	21	87	91	93	95	
74	49	85	86	87	91	
75	35	87	91	
76	35	82	
77	40	85	100	101	
78	10	97	99	100	103	
79	13	82	
80	17	90	91	103	104	
81	13	
82	16	93	
83	14	95	98	102	104	
84	45	96	98	101	
85	33	89	98	102	106	110	
86	48	98	99	101	
87	42	94	105	
88	33	93	96	98	100	
89	12	112	113	
90	47	106	112	
91	46	98	106	113	116	
92	11	113	
93	21	100	101	106	108	109	110	111	
94	10	101	112	114	
95	36	104	117	
96	23	110	
97	14	106	122	125	
98	16	116	123	127	
99	37	122	127	
100	13	122	
101	31	107	
102	25	120	
103	17	110	121	126	
104	15	109	116	124	126	127	
105	18	118	120	129	
106	14	113	119	124	133	
107	21	113	124	135	
108	37	114	115	123	
109	32	113	115	118	121	125	128	132	135	
110	45	116	118	134	
111	36	114	122	125	135	
112	39	116	121	133	
113	29	125	127	142	
114	14	121	133	
115	10	120	121	131	133	138	
116	28	123	124	125	126	140	
117	32	122	129	140	141	142	
118	23	123	126	129	130	131	135	140	
119	48	129	137	140	142	
120	40	133	134	148	
121	15	129	131	134	137	148	
122	21	128	
123	25	134	141	150	
124	13	134	148	150	
125	43	149	
126	13	138	144	
127	43	128	136	
128	47	137	139	149	151	152	153	
129	17	136	149	150	153	
130	44	
131	31	140	145	
132	49	145	153	155	156	
133	24	139	148	149	
134	39	138	144	
135	38	142	143	151	155	
136	13	146	148	154	
137	18	144	145	
138	32	144	153	157	158	159	161	
139	45	145	149	
140	42	144	
141	44	151	
142	20	145	150	151	155	164	
143	28	147	149	
144	32	152	153	155	
145	22	155	160	
146	14	158	161	165	
147	20	158	168	169	
148	30	163	166	
149	20	156	157	171	
150	35	162	167	
151	28	161	165	169	171	
152	38	
153	29	166	170	172	176	
154	41	176	177	
155	26	170	172	176	178	
156	19	167	168	169	171	177	
157	11	161	168	169	171	
158	47	166	169	184	
159	12	167	170	175	182	
160	12	166	167	172	175	182	
161	44	168	176	177	180	
162	45	166	171	173	174	183	186	
163	19	170	172	174	175	183	
164	38	174	185	
165	26	
166	16	180	188	
167	12	173	185	186	
168	46	175	176	178	181	185	
169	19	184	
170	33	177	185	
171	36	172	177	178	
172	10	179	181	182	187	
173	15	181	182	185	
174	22	
175	21	181	182	187	189	
176	20	184	
177	16	183	
178	30	
179	46	
180	39	
181	29	
182	14	
183	42	187	
184	32	187	
185	37	
186	30	
187	46	
188	42	
189	17	
