node	size	children
0	32	7	12	14	16	18	20	21	28	
1	25	7	8	11	12	18	
2	42	7	9	11	13	14	15	17	18	22	
3	48	11	17	18	19	21	
4	20	7	11	12	13	21	
5	23	7	8	9	12	13	14	21	22	25	28	
6	39	10	12	13	14	17	18	22	28	
7	23	17	19	23	35	37	
8	30	29	33	35	
9	46	17	26	28	35	
10	19	24	28	
11	34	16	20	21	24	32	36	
12	33	35	36	37	
13	38	22	23	25	27	
14	27	22	23	35	37	
15	20	43	
16	33	29	31	32	44	
17	36	
18	43	24	40	
19	22	27	34	43	
20	27	27	30	32	37	40	
21	48	27	29	36	39	
22	26	36	
23	33	32	38	40	42	52	
24	42	52	
25	17	31	37	52	
26	49	44	50	52	
27	30	46	
28	38	40	42	46	
29	11	31	40	41	
30	25	53	55	58	
31	27	41	45	54	58	
32	10	38	39	
33	22	59	61	
34	11	42	57	58	59	
35	43	49	50	55	
36	20	51	53	55	56	
37	49	43	53	55	58	60	
38	14	50	56	59	
39	43	47	50	51	
40	29	46	50	51	54	57	
41	32	51	60	65	
42	40	46	51	65	66	
43	19	53	59	65	68	
44	40	48	56	60	64	66	
45	18	53	
46	37	63	
47	35	67	
48	29	63	65	73	
49	35	66	74	75	
50	38	60	64	69	74	75	
51	38	60	66	75	
52	30	55	
53	36	58	59	60	62	
54	29	72	74	79	
55	24	66	70	
56	30	62	64	79	
57	28	65	66	75	76	
58	28	67	72	74	75	83	
59	14	62	63	64	78	
60	19	63	69	77	
61	36	62	65	73	79	
62	17	70	
63	35	72	82	87	90	
64	11	71	73	87	88	
65	10	83	85	86	
66	14	
67	24	69	74	78	86	89	
68	12	69	70	80	83	87	
69	12	80	95	96	97	
70	24	97	
71	14	93	
72	28	78	80	87	
73	29	86	87	90	96	
74	16	81	91	
75	46	78	91	
76	19	84	88	104	105	
77	23	99	
78	29	98	100	
79	46	89	95	96	
80	13	
81	48	
82	38	94	103	104	
83	10	97	104	
84	27	107	111	
85	19	106	
86	17	102	103	
87	24	95	97	101	
88	40	93	105	108	109	
89	35	92	97	103	109	
90	39	92	100	
91	29	98	105	110	
92	12	119	
93	31	106	
94	43	101	104	106	
95	27	105	113	
96	30	98	
97	23	98	103	113	115	
98	36	107	108	111	
99	49	107	112	115	118	120	
100	27	107	109	118	120	
101	35	107	109	123	
102	29	122	
103	44	107	109	110	117	
104	14	122	125	
105	33	121	126	
106	45	131	
107	31	118	130	
108	23	114	116	118	131	
109	11	123	128	132	133	
110	30	120	
111	12	119	127	
112	32	118	119	121	123	126	127	130	131	
113	22	120	122	131	138	140	141	
114	34	122	128	
115	13	126	132	139	141	
116	31	123	126	127	132	139	
117	32	124	
118	45	122	123	124	130	
119	48	128	129	139	
120	36	135	139	143	149	
121	45	130	138	143	144	145	146	149	
122	36	139	140	148	
123	38	132	134	
124	24	134	147	149	
125	15	132	143	
126	15	131	
127	39	142	147	148	
128	17	145	151	155	
129	43	145	
130	44	136	145	151	
131	36	137	
132	14	140	149	
133	22	153	
134	32	144	
135	17	150	154	158	163	
136	27	157	158	160	162	
137	27	142	146	
138	36	144	149	156	157	161	
139	41	143	148	156	
140	37	143	148	155	156	157	
141	39	144	147	163	
142	45	150	155	159	167	
143	29	151	155	159	167	169	170	
144	31	159	165	167	171	
145	20	162	169	171	
146	27	150	170	172	
147	44	150	152	155	158	161	172	
148	20	151	161	162	168	
149	16	151	162	
150	30	157	158	160	172	173	
151	38	159	160	174	175	177	
152	37	161	165	176	178	
153	48	160	163	166	167	171	174	
154	22	158	159	161	163	164	167	
155	43	167	169	174	175	
156	47	157	160	166	168	169	174	175	
157	10	165	169	174	178	
158	27	172	186	
159	45	168	181	184	
160	36	168	
161	29	171	178	184	
162	11	178	181	185	
163	31	170	172	175	183	185	
164	49	166	172	182	
165	17	179	187	
166	39	176	181	184	
167	30	173	174	184	
168	16	180	
169	29	176	188	
170	34	177	188	
171	40	175	
172	37	176	177	188	
173	41	
174	23	182	
175	11	185	
176	33	184	
177	19	188	
178	49	182	
179	20	189	
180	27	189	
181	16	188	189	
182	13	187	
183	24	187	189	
184	42	187	
185	49	
186	11	
187	38	
188	20	
189	19	
