node	size	children
0	19	7	8	9	11	12	19	20	23	24	25	
1	39	8	11	12	15	17	20	25	
2	17	12	14	16	17	20	23	27	
3	32	7	10	13	20	22	23	
4	19	7	10	11	12	13	15	18	21	
5	13	9	10	11	12	14	
6	44	7	9	11	13	15	16	19	20	23	
7	15	15	21	30	35	
8	32	30	
9	32	25	
10	33	16	21	27	31	36	
11	17	16	22	30	36	
12	43	15	23	31	32	
13	25	25	35	37	
14	48	30	
15	38	26	32	
16	37	25	
17	32	33	
18	38	29	38	44	
19	31	
20	39	23	26	44	45	
21	41	39	45	
22	13	26	27	28	45	
23	19	30	31	34	45	50	52	53	
24	39	33	38	48	
25	39	37	48	
26	32	
27	10	31	32	37	43	
28	26	34	36	39	41	43	46	50	52	53	
29	30	50	53	
30	12	39	46	48	51	52	59	
31	28	39	45	47	52	58	
32	36	39	45	49	
33	36	50	59	
34	38	41	44	47	48	51	
35	26	55	
36	10	44	51	55	
37	43	40	42	54	56	
38	29	48	56	
39	36	51	59	
40	40	59	61	
41	25	56	
42	10	49	
43	49	
44	15	52	65	67	
45	28	52	56	57	
46	26	62	68	75	
47	37	60	66	
48	47	57	58	59	61	62	64	74	75	
49	14	74	
50	27	
51	10	69	
52	43	68	
53	33	59	62	65	66	67	70	72	74	75	
54	20	70	71	75	76	79	
55	11	61	63	
56	46	62	67	69	70	
57	13	61	67	82	
58	28	62	64	65	67	68	
59	29	66	68	79	81	
60	18	61	69	74	79	
61	18	77	88	
62	43	72	81	88	
63	19	69	73	75	81	82	88	89	
64	29	73	78	
65	15	
66	49	70	77	80	82	
67	17	70	72	77	81	82	87	
68	20	71	80	86	
69	11	83	85	
70	25	85	89	96	
71	32	77	85	90	93	
72	21	80	91	93	
73	15	77	82	83	85	87	88	96	
74	27	83	88	89	
75	30	79	83	
76	15	93	103	
77	29	91	103	
78	41	84	87	90	96	
79	39	94	
80	48	95	97	
81	20	83	
82	16	92	
83	21	90	91	92	97	98	
84	22	90	91	92	101	
85	21	95	96	98	106	
86	48	95	98	99	106	108	
87	18	91	97	100	103	110	
88	39	96	
89	25	94	95	107	
90	10	105	112	116	
91	22	109	112	
92	45	102	103	105	111	
93	12	103	109	115	
94	33	112	113	117	
95	21	98	100	107	109	
96	23	97	99	104	106	
97	11	105	
98	45	105	111	112	
99	46	104	109	117	119	
100	33	109	
101	25	112	114	117	
102	21	106	
103	24	
104	42	114	123	129	130	
105	26	114	122	124	
106	37	111	115	118	126	129	
107	27	111	123	129	
108	23	111	119	
109	16	119	121	132	133	
110	41	114	115	119	128	130	132	133	
111	32	122	125	132	
112	13	120	126	127	130	133	137	
113	11	119	120	121	138	140	
114	18	125	130	138	
115	49	135	
116	43	
117	11	123	124	129	133	135	
118	17	121	124	135	
119	40	130	133	146	
120	12	146	
121	14	135	
122	46	131	142	145	
123	39	135	137	141	143	
124	12	129	130	132	136	140	141	
125	16	131	136	137	139	140	145	
126	15	128	137	
127	19	140	141	144	
128	27	141	
129	37	134	144	
130	45	134	143	147	
131	34	134	148	149	
132	18	134	137	138	
133	21	134	
134	17	150	151	
135	38	142	
136	31	142	151	158	
137	35	142	149	162	
138	25	152	157	159	
139	36	141	145	159	
140	13	142	143	146	152	155	
141	40	163	168	170	
142	30	150	165	
143	19	155	163	169	
144	33	151	152	163	164	166	
145	11	152	
146	32	148	153	154	155	164	169	
147	33	150	160	163	164	165	
148	14	156	157	162	168	170	174	176	
149	21	158	173	176	
150	15	167	168	169	171	174	
151	18	161	169	177	
152	36	157	160	167	176	
153	36	157	159	164	175	
154	33	161	165	168	170	174	
155	17	165	167	169	175	184	
156	29	176	184	
157	15	171	183	
158	21	181	
159	42	165	181	182	
160	48	166	183	
161	13	163	164	168	173	174	182	183	
162	41	167	169	173	
163	39	
164	48	184	185	
165	46	175	184	185	
166	22	172	173	182	185	186	189	
167	28	172	177	178	184	186	
168	21	182	
169	36	171	175	
170	40	183	187	
171	31	180	
172	21	
173	37	179	183	
174	42	188	
175	15	
176	45	185	
177	31	182	185	
178	12	
179	21	189	
180	32	
181	16	187	
182	44	186	187	
183	35	
184	10	
185	31	
186	36	
187	47	
188	16	
189	17	
