node	size	children
0	14	8	11	13	20	
1	10	8	11	20	
2	34	9	10	12	22	26	
3	48	17	18	25	26	
4	32	9	14	15	17	18	20	23	24	
5	35	8	9	13	15	16	17	18	20	
6	17	7	11	12	18	20	
7	13	14	17	28	32	
8	29	25	27	31	32	
9	24	15	29	33	
10	48	15	30	31	33	
11	43	18	19	24	26	30	
12	12	32	
13	39	30	
14	26	23	28	35	36	37	38	
15	45	24	25	33	
16	10	21	25	
17	28	39	
18	42	32	36	41	
19	47	23	37	
20	13	33	39	
21	27	
22	29	37	
23	11	34	38	39	40	
24	27	31	
25	27	29	30	37	41	47	
26	44	31	41	46	
27	35	
28	40	48	
29	38	40	42	56	
30	30	36	38	
31	13	39	40	51	
32	32	35	41	42	47	
33	38	41	43	47	54	55	
34	30	46	
35	39	44	46	49	50	53	54	64	
36	24	45	53	62	63	
37	27	42	44	59	
38	32	45	49	57	58	59	
39	31	44	56	
40	45	44	46	54	63	
41	49	44	46	47	49	57	60	
42	29	58	69	
43	15	54	61	68	72	
44	49	68	69	
45	49	58	59	65	66	71	
46	28	49	52	65	
47	20	49	59	62	68	
48	33	65	66	
49	12	67	68	74	78	
50	43	62	75	77	
51	19	75	77	
52	13	64	
53	39	66	69	70	76	78	
54	32	69	70	
55	19	78	
56	45	64	76	
57	33	65	71	75	79	86	
58	13	68	77	86	
59	20	66	88	
60	49	65	66	78	84	87	
61	21	72	76	80	84	
62	27	75	82	85	
63	49	68	77	79	88	
64	38	66	69	73	79	
65	20	76	92	
66	43	73	75	77	
67	15	80	88	95	
68	43	74	79	80	89	
69	22	89	91	
70	39	78	94	
71	13	75	77	90	94	
72	12	84	92	
73	27	84	92	94	98	
74	43	92	98	102	
75	43	102	
76	35	87	93	
77	24	86	99	100	
78	11	87	92	102	
79	43	88	97	100	102	
80	25	81	83	96	
81	20	106	111	
82	40	91	96	98	99	101	
83	24	95	105	108	111	
84	34	95	99	104	
85	28	100	
86	47	90	96	100	102	108	
87	40	95	98	103	106	111	
88	20	
89	31	104	116	
90	36	105	111	117	
91	18	113	117	
92	47	97	106	112	
93	27	112	115	
94	18	100	103	107	117	
95	20	103	111	116	117	119	
96	42	105	112	
97	38	105	108	109	117	121	
98	14	120	
99	25	120	123	125	
100	31	121	125	
101	24	108	112	125	
102	18	106	108	116	119	
103	20	106	110	118	124	126	
104	47	120	123	128	
105	22	120	128	
106	43	117	123	129	133	
107	34	119	124	
108	39	122	
109	40	127	128	130	
110	13	112	124	128	132	134	
111	49	114	
112	36	123	125	
113	18	121	
114	24	126	136	137	
115	29	121	130	132	141	142	
116	35	128	132	134	139	141	
117	41	120	134	136	142	
118	20	127	134	
119	10	127	134	
120	39	129	149	
121	34	128	138	139	140	145	146	
122	47	138	145	
123	30	144	
124	13	131	138	
125	25	140	
126	16	129	140	143	148	
127	43	129	130	142	146	
128	18	144	148	152	
129	26	138	140	143	146	153	
130	43	135	139	145	151	
131	39	152	156	
132	23	137	147	149	150	
133	39	152	
134	44	144	152	153	155	
135	13	145	157	163	
136	38	151	155	161	162	163	
137	22	149	155	158	
138	45	163	
139	49	143	
140	47	143	146	154	155	
141	38	149	156	159	
142	28	145	150	151	152	
143	19	150	151	164	165	
144	17	153	162	
145	14	150	151	
146	44	156	159	
147	16	158	164	165	167	
148	12	154	161	
149	20	150	153	160	170	
150	12	159	166	169	174	
151	26	158	160	163	164	
152	41	163	
153	21	160	161	166	167	176	
154	41	162	
155	49	158	160	174	
156	17	160	162	165	169	173	174	
157	19	170	175	178	
158	38	176	178	
159	39	
160	28	164	165	167	168	169	175	183	
161	22	164	165	170	176	181	184	
162	41	170	173	176	178	181	
163	11	174	181	
164	49	177	183	186	
165	45	171	175	183	184	186	188	189	
166	15	171	172	175	179	182	183	188	189	
167	25	175	184	185	
168	27	171	173	178	185	188	189	
169	27	171	173	181	
170	30	
171	14	183	
172	43	180	184	185	
173	38	179	187	
174	32	179	180	187	
175	43	178	185	187	
176	16	182	184	
177	35	185	
178	11	
179	27	186	188	
180	11	
181	44	187	189	
182	46	
183	35	186	189	
184	30	
185	13	187	188	
186	23	
187	38	
188	40	
189	18	
