node	size	children
0	38	7	8	9	12	13	18	19	
1	17	7	8	11	12	13	20	28	
2	45	9	12	14	15	21	22	
3	46	7	9	10	13	16	17	21	28	
4	27	7	8	9	11	13	26	27	
5	28	7	12	13	17	20	28	
6	33	8	11	12	19	21	27	
7	21	16	24	
8	42	19	22	29	36	
9	20	21	23	
10	36	25	32	
11	13	17	23	
12	27	29	30	32	
13	27	16	26	36	
14	47	32	36	
15	32	22	23	24	36	
16	20	23	27	41	
17	24	25	41	
18	24	32	39	44	
19	40	24	31	38	42	
20	35	21	28	31	36	
21	49	34	35	41	42	48	
22	24	39	47	
23	37	
24	47	42	44	45	
25	10	35	40	44	
26	41	31	37	
27	44	35	37	41	49	50	
28	28	29	33	40	47	50	
29	42	38	40	50	57	
30	22	39	42	56	
31	26	42	47	55	59	
32	31	41	46	49	52	
33	27	40	49	50	54	57	
34	18	46	52	53	
35	14	45	47	49	57	
36	39	41	43	45	51	52	54	
37	33	54	58	
38	11	57	60	62	
39	32	45	47	49	58	66	
40	45	51	
41	22	50	54	66	
42	39	53	57	65	
43	27	65	
44	28	47	66	
45	22	62	73	
46	28	
47	34	62	69	70	73	
48	40	56	58	64	66	73	74	75	
49	12	53	56	59	64	65	67	73	
50	49	53	75	
51	42	56	63	71	
52	20	77	
53	24	61	67	69	75	
54	24	69	71	78	
55	47	62	
56	27	80	
57	45	66	78	
58	22	66	72	73	80	
59	21	69	
60	13	79	85	
61	19	88	
62	46	85	86	
63	20	70	75	76	
64	48	78	
65	47	89	
66	39	68	69	78	81	84	85	88	
67	49	69	81	
68	35	79	89	
69	16	85	94	95	
70	32	79	81	92	
71	25	81	82	86	
72	38	77	81	82	86	96	97	
73	27	81	
74	41	79	83	
75	36	83	94	95	
76	19	88	96	
77	43	87	91	97	
78	38	92	96	98	100	
79	37	95	98	103	104	
80	26	83	89	92	94	103	
81	12	90	92	102	
82	22	84	88	93	98	104	
83	41	91	106	
84	33	93	109	
85	25	95	101	112	
86	28	
87	26	92	94	107	
88	34	100	110	
89	21	95	98	104	108	
90	26	97	
91	22	110	113	
92	46	114	118	
93	21	99	100	102	104	112	117	
94	15	98	101	111	112	
95	26	114	120	
96	22	107	115	116	119	
97	21	106	110	114	116	
98	28	105	107	113	117	119	120	123	124	
99	40	113	117	119	120	121	123	
100	10	120	121	
101	32	107	114	123	124	125	
102	21	110	117	120	
103	45	107	110	112	119	125	128	
104	12	125	128	
105	13	117	
106	21	113	132	
107	42	113	115	116	117	119	131	
108	12	130	136	
109	25	113	115	123	125	
110	26	115	119	128	130	
111	17	126	136	
112	31	123	
113	19	126	129	138	
114	18	122	131	
115	36	122	127	
116	24	131	133	136	138	143	
117	45	124	142	143	
118	35	121	125	136	142	
119	22	121	131	133	135	136	138	141	143	
120	45	136	138	141	
121	31	133	137	
122	35	129	131	138	
123	19	142	
124	31	144	
125	42	131	134	
126	11	132	141	142	150	
127	31	135	143	
128	46	140	
129	47	158	
130	44	158	
131	21	142	152	
132	42	141	144	153	156	
133	39	147	158	
134	48	138	139	143	144	155	157	
135	37	149	153	155	
136	32	139	147	154	158	
137	36	
138	49	147	149	151	161	
139	16	144	148	156	161	
140	38	146	147	151	154	159	
141	33	149	155	156	162	164	
142	44	145	156	162	
143	12	148	150	158	162	163	
144	13	151	152	153	161	163	167	
145	26	153	157	162	165	168	170	
146	21	154	159	160	165	
147	13	156	170	171	
148	22	157	169	170	
149	39	151	155	165	173	
150	10	153	155	161	171	173	
151	27	177	
152	29	166	167	
153	22	164	174	177	
154	10	161	162	164	
155	39	162	170	174	
156	13	164	171	
157	16	169	
158	27	160	172	178	
159	30	168	180	181	183	
160	48	173	174	177	180	182	187	
161	32	
162	33	169	173	175	
163	31	169	170	175	184	
164	43	179	182	183	
165	45	178	185	186	
166	12	173	180	186	
167	13	179	
168	11	179	187	188	
169	20	174	176	
170	13	189	
171	34	175	180	
172	35	183	186	
173	14	188	189	
174	43	188	
175	18	181	187	
176	24	181	189	
177	36	181	183	184	
178	14	
179	16	
180	13	183	189	
181	47	188	
182	14	
183	12	188	
184	18	
185	35	189	
186	11	
187	20	
188	22	
189	48	
