node	size	children
0	48	10	11	21	22	29	
1	45	8	9	14	16	17	18	25	27	
2	27	9	10	13	14	16	
3	19	10	17	21	
4	41	9	11	13	14	16	17	
5	34	10	14	20	27	28	
6	36	10	11	16	24	26	28	
7	22	10	12	14	17	20	24	
8	29	19	22	27	28	31	
9	19	15	17	21	25	29	
10	37	20	23	31	32	35	
11	33	18	22	23	24	25	27	29	30	37	
12	14	18	19	20	32	
13	44	20	22	29	31	36	38	
14	19	23	
15	35	23	26	27	35	38	44	
16	28	38	39	
17	18	32	34	
18	47	24	26	28	30	32	34	
19	30	24	38	
20	48	27	
21	16	23	44	
22	13	28	32	38	45	
23	28	31	35	38	41	43	51	
24	46	31	
25	13	36	
26	11	44	49	
27	34	33	40	41	42	43	52	
28	35	43	49	
29	22	31	43	52	
30	49	35	46	50	
31	30	45	
32	27	48	52	55	
33	35	45	47	49	59	
34	37	49	
35	36	58	59	
36	37	40	42	57	59	
37	32	47	53	59	
38	24	47	56	
39	46	59	65	
40	49	48	61	66	
41	25	53	
42	32	50	51	54	
43	25	58	65	
44	21	48	58	65	
45	40	47	
46	49	55	58	61	65	68	70	
47	41	53	57	60	61	72	
48	18	57	64	73	75	
49	22	56	60	73	
50	48	64	68	73	
51	47	54	61	63	65	68	
52	30	55	60	66	75	
53	40	75	76	80	
54	20	68	73	74	
55	16	69	74	81	
56	44	71	72	76	78	
57	20	61	67	
58	25	67	70	82	
59	15	64	74	79	80	
60	13	62	69	75	78	
61	19	76	90	
62	28	72	88	
63	15	84	89	
64	46	72	78	
65	10	73	74	84	88	89	
66	31	82	83	
67	34	
68	45	74	
69	27	82	93	97	
70	14	77	88	93	
71	30	78	
72	13	76	77	94	
73	15	77	85	87	
74	40	80	81	82	
75	40	80	94	98	
76	12	90	99	100	101	103	
77	29	86	93	98	100	
78	13	96	
79	30	98	100	
80	23	84	90	95	
81	15	83	88	96	105	
82	29	88	93	96	100	105	
83	16	92	94	100	109	110	
84	40	94	97	99	103	109	112	
85	34	91	93	96	97	105	
86	27	93	94	97	103	110	
87	49	113	
88	24	102	
89	40	97	110	
90	47	97	104	106	108	
91	37	106	109	
92	23	100	106	119	
93	17	
94	36	105	
95	33	105	113	115	
96	43	103	104	113	114	115	116	
97	44	102	106	111	
98	11	120	
99	21	107	112	116	119	120	125	126	128	
100	49	120	
101	47	106	107	116	125	126	
102	46	111	112	113	116	121	
103	40	111	115	119	121	122	
104	36	107	109	114	
105	39	110	113	115	118	121	
106	37	116	117	122	123	
107	25	114	115	125	
108	13	125	127	128	
109	34	129	
110	39	117	123	128	134	
111	29	117	123	127	130	134	
112	30	115	135	
113	43	116	118	119	120	127	130	131	132	
114	39	121	126	136	143	
115	41	123	130	131	140	
116	40	129	135	
117	34	129	135	141	
118	18	124	126	
119	10	122	132	140	
120	46	121	126	133	134	142	143	
121	40	132	133	
122	29	137	148	
123	47	137	138	146	
124	18	132	138	142	145	
125	41	130	
126	37	130	136	137	143	
127	43	
128	14	133	138	141	147	150	
129	24	138	139	148	150	
130	35	139	158	
131	41	136	145	151	156	158	
132	28	139	
133	10	146	
134	40	138	144	145	148	155	
135	36	142	148	151	
136	10	153	158	160	
137	26	
138	18	148	150	151	159	164	
139	28	150	162	
140	26	162	
141	35	147	150	155	157	
142	36	150	157	162	
143	27	149	154	
144	27	160	166	
145	37	159	166	169	
146	28	168	169	
147	26	152	160	163	164	
148	38	151	154	
149	42	153	157	172	
150	41	155	158	164	169	170	
151	47	161	166	174	176	
152	16	159	180	
153	41	164	
154	23	174	176	180	
155	42	171	175	180	
156	23	164	166	173	180	
157	21	165	179	
158	12	164	168	177	
159	30	166	182	
160	33	167	169	
161	18	178	183	
162	13	172	174	177	183	
163	11	170	177	183	
164	36	185	186	187	188	
165	11	169	170	171	177	178	
166	48	174	188	189	190	194	
167	49	183	190	192	
168	28	191	193	
169	46	181	
170	19	180	181	192	195	
171	22	180	181	192	
172	26	181	189	190	
173	13	175	177	183	186	
174	33	181	196	
175	18	185	189	190	196	
176	18	182	184	185	188	193	
177	44	185	188	197	
178	10	193	
179	18	193	195	
180	37	186	196	
181	27	199	
182	34	189	
183	12	189	197	
184	44	192	
185	21	190	194	
186	23	194	
187	17	189	193	196	197	199	
188	11	192	
189	39	198	
190	11	
191	12	
192	23	
193	45	
194	12	
195	48	
196	27	
197	48	
198	32	
199	46	
