node	size	children
0	29	8	10	20	22	25	
1	45	7	10	11	12	27	
2	12	7	11	13	18	19	20	22	
3	38	7	8	9	11	13	14	22	
4	43	7	8	10	11	
5	15	8	9	10	17	18	19	
6	28	8	10	16	17	20	25	
7	31	16	20	
8	37	14	16	33	
9	15	14	16	17	18	28	33	34	
10	48	14	16	34	
11	41	17	22	32	33	36	
12	36	17	23	
13	36	15	
14	32	26	30	32	35	
15	34	37	42	
16	34	21	28	31	38	42	
17	12	21	38	43	44	
18	15	28	33	43	
19	27	24	28	36	
20	19	21	22	35	36	43	
21	43	31	33	39	40	45	48	
22	27	31	40	42	52	
23	30	29	40	42	46	52	
24	36	30	38	51	
25	19	47	
26	15	52	
27	34	34	44	49	
28	27	33	40	50	
29	37	55	56	
30	35	38	46	57	
31	12	41	45	48	49	50	56	
32	11	43	
33	13	41	48	58	
34	36	37	38	39	48	49	54	55	
35	13	41	45	50	52	57	
36	45	52	55	59	
37	43	46	51	55	56	62	
38	10	50	58	
39	34	45	51	54	
40	15	49	51	57	
41	30	51	56	57	59	
42	13	48	50	58	
43	25	58	59	61	65	
44	47	45	51	55	57	59	
45	48	56	68	75	
46	29	53	62	66	69	70	73	
47	44	54	60	
48	14	54	58	70	
49	34	55	68	70	72	
50	45	54	68	75	
51	23	65	75	
52	18	54	65	
53	39	69	70	72	73	74	
54	44	67	75	77	80	
55	35	64	65	67	74	77	
56	27	63	71	73	76	77	81	82	
57	43	63	82	
58	26	82	
59	49	65	75	79	
60	48	82	83	
61	22	73	78	86	
62	29	70	72	73	77	
63	33	69	88	
64	22	69	81	89	
65	27	73	
66	27	89	
67	29	75	83	84	
68	22	87	
69	20	79	83	
70	37	79	93	94	
71	30	79	93	94	
72	22	78	
73	42	78	82	87	90	95	97	
74	36	76	84	93	97	
75	12	82	86	87	88	
76	25	91	100	101	102	
77	13	84	100	
78	32	88	
79	20	83	86	91	
80	35	85	86	89	91	93	102	
81	16	85	86	89	94	99	102	
82	22	83	95	102	
83	35	93	94	100	102	109	
84	26	92	100	
85	14	92	111	
86	15	103	106	110	
87	32	91	97	103	
88	27	94	106	110	
89	20	91	95	96	100	101	
90	28	91	98	101	108	
91	25	99	105	117	
92	48	109	113	116	
93	34	105	115	
94	27	103	104	112	114	
95	33	106	108	109	110	112	117	
96	28	99	106	110	111	112	
97	19	99	110	
98	44	120	123	
99	25	105	109	111	116	118	121	125	
100	13	113	116	118	126	127	
101	44	112	120	
102	28	108	109	120	
103	32	111	115	125	126	
104	44	105	106	107	108	117	121	124	
105	14	121	125	127	
106	10	121	129	
107	26	121	127	
108	31	117	
109	15	116	127	129	130	131	
110	19	116	
111	19	112	114	119	125	
112	30	
113	34	120	
114	20	122	130	137	138	
115	23	122	126	128	140	
116	18	120	125	132	
117	27	127	135	136	
118	38	121	128	
119	45	123	124	125	130	131	133	134	
120	25	128	130	136	148	
121	47	133	137	141	
122	23	135	142	
123	19	128	137	141	143	
124	38	134	
125	33	132	139	145	
126	26	134	142	147	
127	47	
128	27	138	144	148	149	
129	48	143	144	
130	19	139	146	149	154	
131	19	135	137	147	148	150	
132	41	136	
133	32	141	143	153	
134	32	135	136	149	152	153	
135	11	147	149	156	160	
136	49	145	151	152	
137	47	
138	35	159	
139	40	142	146	
140	39	151	153	154	156	
141	44	146	156	159	
142	35	161	165	170	
143	35	
144	30	158	164	166	
145	31	149	153	156	157	
146	49	163	
147	23	151	155	163	
148	42	159	161	163	
149	45	159	161	
150	12	162	167	
151	32	158	171	
152	18	166	
153	38	165	169	171	173	175	176	
154	49	163	165	171	172	176	
155	40	156	159	161	177	
156	34	166	174	177	
157	26	172	174	184	
158	37	174	181	
159	42	165	166	184	
160	15	168	169	176	
161	33	171	180	184	
162	23	163	166	169	184	
163	12	174	175	177	180	
164	14	177	182	
165	11	183	187	
166	12	174	181	189	
167	10	179	183	187	
168	27	176	
169	41	179	184	
170	28	171	181	185	188	190	
171	42	
172	20	183	193	
173	46	178	
174	40	183	189	194	197	
175	30	179	185	189	193	195	
176	43	179	194	197	
177	19	179	183	186	196	
178	24	191	
179	11	189	192	197	
180	29	190	191	
181	12	187	193	194	199	
182	22	191	192	
183	37	185	193	198	
184	12	191	197	199	
185	37	
186	39	
187	38	
188	16	193	195	
189	48	194	195	
190	18	
191	30	194	196	
192	13	
193	28	
194	32	
195	22	
196	41	
197	39	
198	46	
199	26	
