node	size	children
0	13	7	12	14	16	
1	15	7	14	18	27	
2	12	10	22	27	
3	21	11	17	
4	10	8	9	10	11	15	17	19	20	23	
5	47	7	8	9	13	14	17	18	
6	11	9	10	16	21	23	
7	11	28	34	
8	25	14	17	19	30	
9	49	17	23	
10	45	20	23	26	30	31	34	
11	31	18	19	20	22	32	
12	45	18	20	31	
13	23	19	
14	43	21	27	35	36	
15	48	22	30	31	32	35	39	41	
16	12	30	36	41	
17	38	32	33	37	
18	11	22	25	28	29	42	
19	38	24	29	42	
20	31	30	35	40	
21	12	37	44	
22	16	35	
23	46	31	32	
24	24	37	
25	28	32	33	35	
26	14	38	39	43	49	
27	43	28	45	
28	43	38	45	
29	37	39	45	
30	40	52	56	
31	38	39	
32	18	42	52	55	
33	42	53	55	
34	43	36	
35	21	48	57	
36	30	44	
37	16	44	46	48	49	53	57	58	
38	26	44	54	56	
39	10	44	52	63	
40	27	45	48	54	59	63	
41	33	44	45	51	54	57	60	62	
42	18	47	
43	32	57	60	63	64	65	68	
44	14	53	55	63	64	69	
45	47	61	67	71	
46	37	50	52	53	64	71	
47	27	51	54	70	
48	24	54	65	
49	19	56	60	64	66	
50	10	69	70	77	
51	40	57	66	
52	46	58	59	62	63	75	
53	16	60	69	
54	10	59	65	71	
55	30	62	72	74	77	
56	22	59	60	61	65	66	69	70	
57	42	68	71	74	
58	17	67	70	79	
59	26	65	83	
60	19	69	73	81	86	
61	32	67	79	80	
62	22	67	69	86	
63	14	76	77	81	
64	39	66	78	82	
65	41	78	
66	14	74	77	87	88	
67	25	72	76	78	88	
68	38	78	81	83	92	
69	41	77	78	88	90	
70	11	86	88	90	
71	38	79	83	
72	15	85	100	101	
73	26	89	98	
74	34	83	84	94	
75	40	89	
76	32	90	98	
77	49	83	87	90	91	
78	25	79	81	87	89	90	93	
79	13	98	99	101	
80	42	89	99	100	105	
81	11	89	91	98	
82	47	
83	40	96	99	101	
84	32	99	
85	32	108	
86	20	99	101	106	108	
87	27	97	106	109	112	
88	21	97	106	107	
89	26	97	98	100	103	108	111	
90	29	108	
91	23	95	97	100	104	111	
92	20	95	103	105	
93	36	101	113	
94	49	102	103	
95	44	111	
96	40	105	107	114	115	117	119	123	
97	48	111	115	123	
98	26	102	104	116	119	
99	31	104	117	122	123	
100	20	118	119	
101	20	102	105	107	108	112	114	
102	20	110	117	120	
103	14	127	
104	15	113	128	129	
105	14	112	120	129	
106	21	109	112	124	127	
107	22	114	123	126	
108	39	117	121	123	
109	39	120	125	129	131	135	
110	32	127	128	136	
111	16	118	119	
112	15	124	136	
113	27	118	127	133	137	
114	35	124	128	
115	33	116	119	127	128	
116	18	126	135	139	
117	22	128	130	141	
118	27	129	130	144	
119	39	124	131	138	
120	49	129	132	144	
121	40	
122	48	140	
123	11	124	129	
124	22	138	139	141	151	
125	20	135	151	
126	19	132	136	140	146	149	
127	47	135	145	
128	12	132	146	148	
129	33	143	
130	48	134	135	140	145	
131	39	139	160	
132	11	154	159	160	
133	26	140	143	144	155	
134	43	149	150	155	
135	41	138	142	154	157	158	159	160	
136	49	138	145	
137	36	141	149	160	
138	18	147	166	167	
139	31	145	162	164	166	
140	22	145	147	153	166	168	
141	15	146	153	158	159	
142	44	150	153	155	
143	16	149	155	158	
144	18	146	147	151	152	158	164	166	
145	49	158	162	
146	46	160	161	
147	22	156	157	174	
148	39	157	161	164	172	175	176	
149	11	153	173	
150	38	153	158	159	173	
151	34	153	168	174	
152	30	160	171	
153	16	165	168	
154	46	161	162	168	169	
155	40	161	174	183	
156	46	161	165	
157	25	164	165	
158	18	162	180	181	
159	32	164	165	168	169	175	176	177	
160	15	163	164	173	177	182	
161	37	170	172	176	187	
162	13	
163	27	169	173	175	188	
164	39	172	173	175	177	179	187	190	
165	28	172	173	187	
166	15	177	181	182	184	
167	16	174	187	190	
168	29	178	181	188	
169	26	181	193	
170	14	177	179	
171	12	186	190	191	
172	15	179	
173	45	187	
174	25	186	190	191	195	
175	36	179	180	186	193	
176	33	181	186	196	
177	13	191	
178	43	193	196	199	
179	23	189	191	195	198	
180	36	185	197	
181	29	
182	10	185	
183	12	185	192	
184	47	194	196	199	
185	11	199	
186	29	
187	30	192	193	197	
188	49	191	194	
189	15	196	199	
190	32	195	199	
191	37	
192	18	
193	16	
194	12	
195	33	
196	49	
197	34	
198	43	
199	24	
