node	size	children
0	45	8	10	11	16	17	19	
1	39	10	11	13	14	17	20	21	22	
2	43	9	12	13	15	17	20	21	
3	35	7	13	17	19	29	
4	24	7	10	11	14	22	
5	19	11	20	22	29	30	
6	25	8	11	16	20	30	
7	19	16	20	25	27	38	
8	18	23	33	36	
9	16	18	24	37	38	
10	23	24	26	27	33	
11	38	17	
12	35	27	30	33	
13	30	15	24	27	32	
14	36	16	25	27	34	36	
15	43	31	36	41	
16	10	30	36	37	
17	25	29	30	37	44	
18	28	28	33	
19	10	32	41	42	
20	36	45	
21	11	29	42	
22	22	23	
23	39	36	38	41	45	
24	12	31	49	
25	32	47	49	
26	28	37	38	
27	21	37	38	
28	15	35	42	43	52	
29	18	41	51	
30	34	40	41	49	52	
31	49	44	48	52	
32	26	45	
33	28	39	43	44	56	59	
34	19	43	
35	38	39	43	47	52	53	55	
36	14	44	49	53	
37	12	43	44	49	50	54	55	56	
38	41	45	50	
39	36	55	58	62	63	64	67	
40	36	50	52	58	
41	17	59	62	
42	36	46	61	62	
43	48	54	55	60	62	66	
44	19	65	
45	34	47	51	55	61	67	
46	13	
47	40	58	59	68	74	
48	45	61	62	68	70	74	
49	13	56	
50	25	54	56	57	58	59	61	
51	24	59	67	70	
52	37	64	
53	10	61	64	70	75	
54	32	72	77	
55	44	63	65	74	78	
56	42	74	79	
57	38	
58	16	63	64	67	71	78	79	
59	20	68	73	75	78	
60	17	62	65	69	
61	18	81	
62	31	70	81	85	86	88	
63	47	79	
64	30	76	81	83	
65	44	79	80	
66	31	68	71	84	86	87	
67	41	76	80	86	
68	20	86	88	
69	28	88	
70	41	86	
71	25	77	84	91	
72	33	75	79	
73	39	75	78	83	84	92	
74	17	81	84	88	91	
75	30	94	
76	20	
77	18	
78	29	82	83	95	97	103	
79	44	98	102	
80	18	83	87	89	
81	42	83	89	91	93	100	
82	27	96	100	104	111	
83	25	89	91	101	111	
84	14	94	106	
85	10	93	100	111	
86	27	90	93	94	98	
87	14	100	106	107	
88	24	89	107	
89	10	102	109	110	
90	36	103	110	115	
91	49	102	106	115	116	118	
92	12	98	99	107	108	114	115	
93	25	98	115	
94	17	109	111	
95	27	111	
96	10	106	107	126	
97	23	104	105	106	126	
98	36	121	125	126	
99	22	110	121	
100	39	115	124	125	
101	18	105	107	113	124	
102	36	108	113	119	123	125	
103	45	105	112	114	119	127	
104	46	116	124	127	128	129	131	132	
105	45	120	131	
106	36	112	121	124	
107	36	114	117	
108	11	121	128	131	132	135	
109	21	113	133	
110	32	119	132	
111	10	113	115	118	
112	19	129	135	
113	17	120	124	143	
114	41	122	140	141	143	
115	49	121	138	142	143	
116	44	126	130	132	135	136	138	
117	20	125	127	138	139	143	
118	24	131	139	
119	37	135	138	139	141	
120	41	136	149	
121	20	136	144	146	147	
122	13	134	139	145	
123	34	129	137	138	143	144	
124	13	129	132	134	145	146	147	148	
125	42	130	135	140	
126	42	137	149	
127	31	129	138	145	
128	10	143	145	146	148	149	153	155	156	
129	15	136	139	147	154	
130	34	149	156	
131	32	137	142	
132	20	137	139	141	
133	20	145	152	
134	42	136	140	142	147	153	
135	22	137	142	145	146	153	
136	21	146	147	149	150	152	155	159	160	
137	35	155	159	162	
138	12	146	151	156	
139	18	149	152	153	163	
140	47	152	
141	11	155	159	163	
142	49	151	155	157	159	163	
143	38	156	158	162	
144	29	157	
145	22	161	170	
146	23	170	
147	32	152	156	162	164	168	173	
148	40	
149	23	173	
150	26	163	165	167	
151	28	155	172	
152	17	162	169	178	
153	39	159	170	178	180	
154	46	176	181	
155	12	166	171	175	
156	48	162	166	181	
157	44	166	
158	17	167	
159	47	170	171	184	185	
160	38	179	
161	21	174	177	182	186	
162	40	175	176	185	
163	22	166	177	180	182	189	
164	36	167	171	178	183	
165	43	175	185	
166	18	185	187	191	
167	22	175	186	189	191	
168	26	193	
169	30	174	184	185	
170	38	181	182	190	193	
171	42	182	191	195	
172	35	180	187	
173	32	188	191	
174	11	184	186	187	197	199	
175	29	187	194	196	
176	28	187	188	193	
177	22	185	190	194	
178	43	187	194	
179	25	188	192	198	
180	21	188	192	198	
181	12	186	188	191	192	
182	36	193	
183	27	
184	19	190	
185	20	190	
186	30	
187	23	
188	47	190	
189	26	190	193	196	198	199	
190	16	198	
191	12	
192	42	
193	34	
194	23	
195	32	198	199	
196	26	
197	40	
198	49	
199	37	
