node	size	children
0	18	8	9	14	19	22	25	
1	39	10	11	12	17	19	23	26	28	
2	45	8	10	11	12	20	
3	29	9	11	13	16	17	22	25	
4	33	8	9	10	12	15	16	19	21	
5	42	9	10	11	14	17	19	20	21	26	29	
6	27	10	11	12	16	17	27	
7	22	10	11	12	13	18	21	24	26	29	
8	24	30	
9	46	24	30	
10	33	16	22	30	31	
11	16	
12	16	16	18	19	21	34	
13	38	21	34	
14	35	22	32	
15	13	23	
16	35	27	40	
17	29	
18	34	25	29	32	41	
19	41	26	34	43	
20	30	26	30	34	37	39	41	
21	33	41	43	
22	39	24	32	38	42	
23	21	30	46	
24	26	36	40	46	
25	27	39	
26	14	32	
27	43	33	37	49	50	
28	19	40	50	
29	49	35	38	51	
30	25	53	
31	47	37	42	44	46	53	
32	37	42	53	57	
33	47	39	41	51	57	
34	43	50	54	
35	11	45	46	51	52	57	
36	26	40	44	
37	20	56	58	65	
38	27	44	60	63	64	65	
39	49	47	48	56	59	60	64	
40	40	52	56	59	
41	48	53	
42	23	52	54	58	
43	12	55	60	61	
44	26	57	59	
45	41	53	69	70	
46	11	54	59	65	72	
47	17	56	66	68	
48	22	62	70	
49	30	58	
50	10	56	60	
51	22	54	70	71	
52	11	59	65	66	71	72	77	80	
53	30	65	66	77	
54	35	
55	10	80	
56	42	68	72	
57	22	60	64	68	71	
58	42	
59	44	66	73	78	81	
60	26	76	77	79	83	84	86	
61	19	73	78	
62	28	76	79	81	
63	16	66	70	72	82	86	89	
64	44	70	
65	13	67	
66	41	78	80	84	87	90	
67	37	79	87	
68	31	82	85	89	96	
69	31	74	76	88	93	
70	30	75	80	84	95	
71	18	76	77	84	96	
72	15	
73	27	83	88	89	95	96	
74	26	89	92	96	99	100	102	104	
75	18	82	88	90	96	101	
76	40	99	
77	29	84	86	96	97	
78	26	82	92	
79	10	89	92	
80	10	
81	21	87	97	102	104	
82	14	100	104	
83	39	91	104	108	109	
84	34	98	100	101	107	
85	41	91	
86	48	99	101	109	112	
87	32	95	98	104	
88	23	98	101	102	111	
89	48	94	
90	24	101	113	114	117	119	
91	27	102	103	113	
92	21	103	108	113	115	
93	44	100	108	
94	44	100	107	
95	30	98	106	
96	21	111	
97	30	98	
98	47	110	111	114	115	120	125	
99	45	107	109	115	119	123	
100	24	105	113	114	
101	28	105	116	123	
102	19	105	122	123	126	
103	45	107	
104	29	
105	39	115	119	120	121	128	
106	14	114	115	120	
107	10	120	122	130	
108	32	118	119	127	131	
109	17	116	130	
110	41	
111	38	119	123	126	127	
112	24	121	122	124	
113	21	122	132	
114	22	139	142	
115	18	121	127	133	142	
116	25	126	127	128	
117	36	123	128	
118	20	131	134	
119	47	130	137	
120	29	139	141	144	145	148	150	
121	47	143	150	
122	42	138	140	141	143	
123	36	129	131	138	148	
124	24	128	131	137	139	141	145	150	
125	40	127	137	138	141	143	147	149	150	
126	49	136	140	142	149	150	
127	41	135	138	143	146	149	
128	37	138	150	157	
129	30	139	140	151	155	
130	12	151	
131	39	139	144	146	152	
132	26	145	149	
133	27	140	142	157	
134	17	138	144	153	
135	47	145	148	152	155	163	
136	46	154	157	160	
137	37	148	153	159	164	
138	48	
139	13	146	148	149	157	161	165	
140	45	149	153	156	157	
141	23	144	156	163	165	
142	23	159	162	165	
143	16	152	153	158	159	
144	45	151	152	172	
145	18	154	162	
146	26	155	158	162	170	
147	37	151	152	153	157	162	
148	48	151	152	153	154	156	
149	48	155	165	171	
150	40	151	163	
151	13	163	165	166	176	177	
152	42	174	
153	11	171	178	
154	29	163	166	169	172	173	174	180	
155	21	169	173	
156	23	165	179	
157	37	167	
158	44	166	172	177	
159	26	182	185	188	
160	39	169	170	173	182	
161	46	168	173	
162	23	171	177	178	184	187	
163	24	174	176	184	
164	27	170	172	173	181	
165	13	167	172	179	
166	44	174	179	185	
167	41	176	184	196	
168	47	184	185	
169	12	185	186	
170	10	183	187	196	
171	11	178	195	
172	37	175	187	188	192	194	
173	29	175	192	196	
174	12	181	183	190	194	196	198	
175	18	193	
176	19	196	197	
177	11	183	192	193	196	198	
178	22	182	193	195	199	
179	40	181	185	
180	24	189	191	
181	19	
182	30	189	194	
183	18	189	
184	37	189	198	
185	32	195	197	
186	33	
187	15	198	
188	15	189	195	197	199	
189	42	
190	20	
191	34	198	
192	47	
193	21	
194	14	
195	34	
196	15	
197	30	
198	32	
199	12	
