node	size	children
0	41	7	10	13	16	19	
1	16	7	8	9	11	12	15	19	20	23	28	
2	44	9	11	12	14	15	19	20	
3	34	11	12	22	
4	49	10	13	14	18	21	
5	31	8	14	21	27	
6	22	7	14	15	18	26	
7	19	29	35	
8	46	19	24	25	26	28	29	35	
9	17	16	23	27	28	29	
10	37	17	19	32	
11	48	17	26	28	
12	16	20	22	25	26	35	
13	45	14	28	29	
14	20	22	24	26	27	31	33	41	
15	25	25	29	34	
16	15	27	34	38	40	
17	26	25	27	32	40	42	
18	32	27	36	40	42	
19	40	23	25	
20	28	37	38	
21	41	36	
22	23	35	
23	12	30	31	34	48	
24	19	37	42	43	
25	36	39	
26	28	31	
27	33	34	40	44	45	46	
28	26	34	36	45	
29	29	42	43	
30	48	38	45	56	
31	21	41	51	57	
32	39	44	49	
33	28	38	40	48	
34	16	47	57	
35	27	36	42	43	48	50	
36	22	46	52	54	59	
37	16	43	47	
38	43	48	57	61	62	
39	11	53	61	64	
40	11	56	60	64	
41	44	49	55	56	59	
42	21	46	47	60	
43	16	60	64	65	
44	42	59	69	
45	11	59	64	68	70	71	
46	49	60	63	
47	47	61	63	64	
48	42	53	69	
49	29	53	60	62	
50	44	72	
51	19	58	62	71	
52	30	69	
53	34	59	72	74	
54	31	65	66	68	76	
55	42	65	74	78	
56	19	59	61	62	63	65	67	71	78	
57	28	62	67	71	
58	47	74	76	
59	42	65	82	83	
60	16	77	81	82	
61	11	74	
62	17	80	82	85	
63	25	76	78	82	
64	46	67	71	73	79	83	85	
65	19	79	90	
66	31	73	87	
67	49	80	83	85	89	
68	25	81	91	
69	39	72	75	76	79	86	
70	20	76	81	92	
71	14	78	79	80	
72	18	82	93	94	99	
73	34	80	83	88	94	95	100	
74	16	94	95	96	
75	43	79	91	94	95	
76	32	84	85	90	
77	28	81	85	
78	22	83	91	93	95	
79	32	87	88	105	106	107	
80	47	87	106	107	
81	19	92	105	
82	24	88	97	100	103	105	
83	10	89	92	93	105	108	
84	15	93	100	101	106	108	
85	20	87	92	95	98	101	105	106	107	108	
86	30	97	99	100	102	112	114	
87	11	94	99	115	
88	34	102	106	113	
89	27	98	102	103	114	
90	46	101	114	
91	24	99	114	115	
92	13	98	107	
93	10	
94	28	101	104	
95	10	108	112	113	118	121	
96	24	103	113	121	122	
97	45	102	112	121	
98	44	102	117	119	120	
99	14	116	119	121	
100	21	103	111	116	
101	20	110	112	
102	37	111	115	117	126	
103	18	109	126	127	
104	28	112	126	128	129	
105	38	111	119	121	124	
106	24	112	
107	47	
108	38	111	114	122	
109	36	128	129	130	137	
110	27	119	120	
111	46	118	123	
112	40	116	126	133	135	
113	40	126	128	129	
114	48	
115	15	117	120	125	136	
116	34	129	131	134	136	138	139	142	
117	14	144	
118	42	131	139	
119	34	131	135	
120	13	129	134	
121	16	
122	13	134	136	141	
123	48	149	
124	43	141	144	148	
125	49	132	
126	45	135	146	147	
127	48	134	
128	10	136	139	143	
129	35	141	150	
130	14	134	135	
131	18	144	155	
132	14	141	148	156	159	
133	20	139	145	155	
134	36	139	140	145	147	150	152	153	157	
135	40	141	153	156	
136	45	143	144	145	146	155	
137	24	144	147	151	
138	20	146	147	158	161	
139	14	148	156	161	
140	22	145	153	
141	16	145	146	147	
142	26	161	
143	30	151	165	166	
144	28	152	154	156	161	162	
145	36	171	
146	22	159	168	
147	44	154	156	157	163	164	166	170	
148	17	169	172	
149	25	162	170	
150	21	154	161	164	174	
151	18	156	159	
152	24	169	
153	20	162	164	168	178	
154	28	166	170	173	177	179	
155	31	167	171	179	181	
156	42	166	168	171	173	177	178	
157	34	178	182	
158	22	160	163	172	175	180	
159	25	166	178	
160	22	176	179	
161	35	169	170	172	177	178	181	182	184	185	190	
162	47	169	170	171	174	179	181	185	186	187	
163	35	169	172	
164	49	168	171	177	180	184	
165	28	168	174	176	183	
166	16	172	174	
167	16	177	188	
168	11	188	189	191	
169	36	
170	13	188	
171	11	189	190	
172	35	188	190	192	194	
173	20	178	191	
174	32	194	
175	34	188	191	193	195	
176	23	188	
177	14	184	195	196	
178	18	184	186	192	195	
179	32	184	190	195	
180	31	183	187	195	
181	13	183	190	198	
182	46	
183	27	197	198	
184	20	195	196	198	
185	18	198	199	
186	23	191	197	
187	35	
188	32	199	
189	39	
190	15	
191	14	
192	25	199	
193	41	198	
194	42	
195	12	
196	22	199	
197	47	
198	10	
199	33	
