node	size	children
0	48	10	13	14	22	25	
1	14	8	10	11	16	26	
2	30	11	12	14	15	18	26	27	28	29	
3	20	9	10	11	14	20	
4	34	8	11	14	
5	38	10	13	14	15	17	18	19	25	
6	13	10	11	13	19	20	21	28	
7	30	11	13	14	18	20	25	
8	23	31	34	35	
9	20	19	34	36	
10	26	28	
11	30	18	22	28	35	
12	26	22	25	29	
13	21	33	35	
14	25	21	24	
15	10	23	30	37	39	45	
16	12	23	30	42	
17	37	28	30	43	
18	19	23	28	42	
19	47	23	30	32	
20	38	25	45	
21	34	32	35	43	44	
22	39	33	44	
23	19	36	38	40	42	
24	19	37	
25	35	30	34	36	37	43	44	47	50	
26	27	41	49	
27	13	44	
28	46	33	37	41	46	47	
29	47	33	38	40	41	44	46	
30	31	45	50	57	
31	16	48	51	
32	43	46	54	59	
33	42	38	42	48	52	55	56	
34	38	42	46	
35	30	41	44	49	52	
36	17	41	45	52	57	
37	37	53	
38	47	62	
39	31	49	
40	30	48	49	
41	46	48	51	
42	23	46	
43	18	50	51	53	61	65	
44	48	51	59	
45	22	46	51	57	65	
46	48	53	57	60	68	73	
47	19	54	56	66	67	69	71	
48	16	54	65	71	
49	40	53	72	
50	21	54	58	61	64	67	70	
51	35	58	66	69	72	74	
52	42	55	58	70	73	
53	16	63	68	71	
54	24	66	68	71	72	
55	46	62	63	68	80	
56	37	73	
57	25	64	69	70	73	
58	49	68	81	
59	38	72	
60	31	89	
61	15	76	77	78	
62	28	67	72	85	87	
63	25	71	73	76	79	
64	34	77	78	
65	16	70	78	81	
66	37	67	70	76	79	81	84	87	88	
67	14	78	81	83	89	
68	16	86	92	94	95	
69	40	81	82	94	
70	44	83	93	97	
71	31	93	97	
72	21	79	93	
73	40	83	89	91	95	97	
74	46	75	77	79	82	95	
75	10	84	92	100	103	
76	44	100	
77	39	87	97	98	
78	25	100	103	
79	14	103	
80	26	95	
81	22	90	92	93	94	100	105	
82	11	94	98	101	
83	33	92	107	108	
84	27	104	105	109	111	112	
85	29	92	
86	19	90	98	100	107	108	109	
87	17	95	101	105	107	111	
88	49	93	94	98	102	103	110	111	
89	12	96	98	106	108	109	110	
90	40	101	103	109	115	117	
91	24	111	112	116	
92	46	101	108	
93	35	103	107	118	119	
94	30	115	116	117	
95	34	99	107	120	
96	38	105	106	
97	35	120	
98	45	123	124	
99	47	114	
100	44	119	
101	47	113	
102	23	117	
103	49	125	
104	14	119	
105	48	106	113	120	121	122	
106	35	118	126	134	
107	19	132	
108	11	114	115	116	118	119	125	126	128	133	
109	20	
110	16	125	
111	40	125	133	
112	43	118	127	
113	19	118	130	134	
114	18	125	
115	13	
116	41	133	
117	24	129	139	
118	44	127	
119	43	140	141	
120	39	
121	47	132	135	138	142	144	146	
122	33	136	140	142	
123	44	143	145	
124	24	128	130	131	133	136	141	143	146	
125	12	131	133	134	137	140	145	147	149	
126	49	129	138	141	147	
127	24	145	
128	41	144	
129	30	143	144	146	149	
130	11	142	144	145	146	150	
131	22	153	
132	28	138	146	
133	26	147	150	151	152	
134	48	138	140	143	144	153	
135	22	155	
136	37	148	150	158	159	162	163	
137	10	153	154	162	
138	11	149	156	158	160	
139	19	148	149	155	156	158	
140	25	142	147	151	153	158	159	160	161	
141	17	147	155	162	
142	25	151	155	159	160	168	
143	48	151	153	155	159	161	163	164	169	
144	29	151	156	167	
145	11	153	
146	19	160	
147	20	150	156	168	
148	47	150	156	
149	29	164	166	
150	15	162	165	
151	38	163	165	169	170	176	
152	13	161	178	
153	44	159	163	172	177	
154	38	172	174	
155	40	168	173	174	
156	28	157	158	160	161	175	176	
157	34	165	182	
158	11	165	166	167	169	
159	10	164	165	166	167	
160	44	166	167	168	169	172	177	183	184	
161	10	171	172	176	178	
162	23	167	183	
163	46	170	171	177	184	
164	22	186	192	
165	37	172	177	180	182	193	
166	37	179	
167	31	174	185	189	190	192	
168	45	183	
169	11	177	184	186	
170	27	186	187	188	190	
171	10	197	198	
172	41	182	189	
173	36	179	181	183	
174	24	183	
175	33	182	187	193	
176	37	189	190	
177	22	181	193	
178	33	192	
179	11	193	
180	26	190	191	
181	28	
182	42	188	194	195	
183	38	195	
184	42	195	
185	10	187	192	199	
186	40	192	193	195	196	
187	20	199	
188	36	
189	33	
190	45	197	
191	14	199	
192	39	
193	21	196	199	
194	15	
195	26	
196	44	
197	38	
198	24	
199	13	
