node	size	children
0	47	12	13	21	22	
1	48	11	12	13	14	15	16	18	19	20	22	25	
2	29	9	11	14	16	22	
3	39	8	9	10	11	16	
4	33	8	10	11	
5	12	8	11	12	27	
6	27	8	9	12	13	14	20	21	
7	27	8	12	14	18	19	21	23	24	
8	18	22	36	
9	39	17	18	22	27	35	
10	49	24	32	
11	20	31	
12	36	18	
13	13	19	
14	22	20	25	27	28	
15	24	16	36	
16	40	28	32	37	
17	37	30	37	43	
18	12	24	28	38	
19	30	24	26	32	34	36	38	41	
20	33	27	29	36	43	
21	43	25	35	
22	29	28	31	41	
23	45	35	40	
24	29	31	33	35	50	
25	22	33	34	38	42	48	50	
26	13	40	43	46	
27	25	32	40	
28	48	41	51	
29	45	37	38	40	44	45	50	51	
30	14	44	49	
31	31	40	42	56	57	
32	46	43	54	
33	16	39	42	48	49	58	
34	43	49	
35	42	41	43	49	
36	27	38	42	49	52	54	
37	14	45	48	52	56	62	
38	26	53	
39	39	46	56	
40	23	47	51	53	58	61	
41	13	51	53	
42	32	45	51	65	
43	34	46	54	56	59	63	66	
44	14	55	
45	46	60	72	
46	46	65	70	
47	38	58	60	67	69	72	
48	21	54	60	
49	35	64	
50	30	52	54	65	67	72	73	
51	49	52	58	59	71	
52	37	75	78	
53	18	60	67	70	79	80	
54	44	61	67	
55	28	65	71	
56	48	61	65	
57	35	61	63	68	70	75	76	
58	13	61	64	65	69	73	74	
59	23	64	79	
60	27	72	74	76	88	
61	38	70	
62	25	67	76	
63	23	73	74	79	
64	31	72	80	86	
65	42	68	70	77	78	86	
66	35	86	
67	47	85	89	
68	31	74	76	
69	24	74	77	79	82	87	88	89	93	
70	40	76	82	93	
71	47	85	88	92	
72	39	79	81	
73	36	85	90	93	
74	21	84	87	97	100	101	102	
75	27	86	94	101	
76	46	83	94	98	
77	36	86	94	102	
78	12	89	
79	12	92	96	99	
80	38	95	97	
81	30	95	101	110	
82	23	92	109	110	
83	26	94	109	
84	45	95	96	104	
85	17	94	95	96	
86	27	91	92	95	96	98	99	
87	35	94	95	97	
88	33	92	99	102	103	
89	32	98	99	104	106	
90	46	98	107	
91	24	102	112	
92	48	98	112	113	114	116	
93	43	99	
94	28	101	103	117	
95	23	101	106	117	
96	37	99	101	112	
97	20	118	
98	44	108	115	123	
99	19	105	107	108	114	124	
100	33	106	108	111	
101	42	105	106	108	117	123	124	126	
102	18	108	114	117	126	
103	37	126	
104	35	112	122	127	129	
105	35	112	116	117	129	
106	34	116	120	129	130	
107	48	124	126	
108	49	114	129	131	
109	13	119	
110	27	116	
111	25	121	123	139	
112	45	138	
113	48	120	131	136	
114	44	123	130	135	138	
115	37	123	128	135	
116	31	121	123	139	
117	48	125	127	136	
118	41	119	120	
119	14	134	138	141	142	148	
120	42	132	146	148	
121	30	129	131	133	
122	22	130	132	143	
123	28	135	
124	10	143	
125	11	
126	33	129	131	145	
127	35	139	143	145	149	
128	42	147	
129	36	137	139	140	148	
130	20	142	144	152	
131	36	
132	15	139	150	
133	38	145	153	
134	42	143	153	154	155	
135	33	142	143	152	162	
136	39	148	154	157	
137	39	142	152	
138	13	152	153	
139	48	156	159	
140	39	147	151	
141	16	149	158	160	
142	36	150	158	159	164	169	
143	48	157	159	
144	16	158	162	168	
145	45	152	153	157	161	168	
146	36	156	160	162	
147	31	157	158	160	169	
148	29	151	169	
149	11	165	168	
150	38	162	163	168	175	177	178	
151	33	163	173	175	178	
152	18	156	158	171	
153	14	157	161	173	
154	19	159	160	166	167	172	176	177	
155	21	159	165	167	170	171	173	
156	25	172	180	
157	45	169	175	177	181	
158	46	163	171	175	177	178	180	185	186	
159	26	163	164	178	180	181	185	
160	24	165	166	171	173	180	182	186	
161	15	
162	29	178	
163	27	179	189	193	
164	36	176	
165	45	178	184	
166	17	175	186	
167	37	174	183	
168	41	171	174	176	184	189	190	192	
169	46	179	186	
170	32	179	193	
171	22	190	192	
172	28	193	196	198	
173	27	180	192	
174	49	179	184	188	190	196	
175	32	186	
176	30	
177	28	181	183	190	198	
178	25	179	188	190	196	199	
179	32	187	191	
180	22	187	188	
181	22	189	195	199	
182	34	188	195	
183	16	195	196	
184	35	189	
185	27	189	199	
186	33	187	188	190	193	
187	39	198	
188	34	196	197	198	199	
189	36	198	
190	29	
191	36	194	
192	43	
193	37	
194	36	
195	19	
196	28	
197	24	
198	32	
199	33	
