node	size	children
0	32	7	8	9	10	11	13	17	20	21	28	
1	43	7	9	11	13	17	18	22	25	
2	27	7	10	11	12	13	17	25	
3	17	8	11	12	13	17	18	25	
4	44	10	15	16	17	18	
5	11	8	9	10	12	13	14	19	20	
6	29	7	8	9	10	11	12	14	15	18	19	
7	36	15	19	20	26	29	33	35	
8	27	19	30	34	35	
9	25	22	23	28	30	33	
10	10	16	19	22	23	29	32	35	
11	46	31	32	34	
12	20	23	
13	38	21	
14	38	29	31	39	
15	12	22	31	33	34	36	
16	11	22	31	32	39	
17	13	25	28	29	30	31	
18	45	35	
19	48	23	27	32	39	
20	40	24	
21	46	46	
22	11	30	39	41	46	
23	45	32	
24	38	29	30	35	
25	39	37	41	
26	42	
27	30	40	
28	24	33	37	40	42	46	
29	34	49	50	52	53	
30	30	40	43	49	51	
31	39	36	40	42	46	48	51	
32	42	39	
33	27	44	
34	29	40	41	52	56	
35	26	38	53	
36	35	44	47	64	
37	32	46	54	
38	21	46	50	
39	45	44	47	64	
40	29	44	57	
41	21	44	48	51	
42	21	45	52	61	
43	27	48	49	52	55	
44	48	55	
45	43	54	
46	13	51	65	67	68	71	
47	46	53	57	62	65	67	71	
48	29	60	62	65	67	
49	33	52	63	65	67	69	
50	15	64	70	71	
51	43	72	
52	41	58	59	65	68	
53	41	76	
54	29	66	72	73	74	
55	29	63	64	69	73	
56	14	68	78	
57	14	68	72	
58	43	76	
59	12	67	
60	14	66	71	72	74	76	
61	39	70	73	74	
62	19	68	80	
63	11	69	73	76	82	86	
64	46	79	81	82	86	
65	15	84	87	92	
66	33	79	
67	23	74	78	87	
68	37	77	78	84	85	
69	14	75	84	91	
70	47	81	86	87	88	93	
71	31	89	91	92	93	
72	21	83	87	94	97	
73	28	87	98	
74	32	81	94	
75	16	79	84	91	99	
76	46	85	92	
77	43	85	94	
78	25	84	88	91	96	100	
79	10	95	99	106	
80	31	95	96	
81	21	99	102	103	
82	21	89	90	91	92	94	96	97	101	102	103	
83	44	100	101	106	
84	22	91	93	99	106	
85	23	88	93	102	107	
86	34	88	92	107	
87	21	100	106	107	109	112	
88	49	112	
89	29	112	
90	47	95	101	108	
91	28	94	102	105	
92	40	104	105	
93	32	96	108	113	
94	11	105	115	
95	33	115	116	120	121	
96	12	101	108	117	
97	32	112	113	
98	23	107	109	111	115	
99	17	
100	48	105	108	110	113	121	
101	15	121	
102	24	115	119	120	128	
103	47	116	118	121	
104	18	114	117	121	
105	32	119	122	
106	37	111	128	
107	23	113	117	124	128	129	
108	20	120	125	126	127	
109	12	116	120	128	129	
110	48	118	127	
111	18	116	123	
112	25	131	
113	48	115	118	125	128	131	
114	22	134	135	
115	17	123	133	137	
116	20	134	
117	22	124	125	129	138	
118	14	130	133	135	
119	44	131	133	134	135	139	140	141	
120	26	129	132	133	135	141	
121	15	129	132	141	
122	18	
123	44	131	140	142	
124	16	130	131	137	
125	37	142	
126	45	142	147	149	
127	13	131	133	136	140	
128	18	134	136	143	148	150	
129	18	130	140	145	
130	45	142	150	
131	15	153	
132	29	138	158	
133	41	138	144	150	151	
134	17	146	148	150	155	157	
135	20	143	152	
136	37	139	143	147	151	152	
137	38	144	147	153	154	
138	32	144	146	153	159	162	
139	12	151	159	163	
140	39	160	
141	27	144	147	153	156	166	
142	23	152	
143	46	157	
144	30	153	167	170	171	
145	38	156	159	168	
146	44	162	166	169	
147	14	166	
148	49	163	165	172	
149	35	156	167	172	
150	21	152	157	172	
151	44	163	165	170	
152	36	162	163	171	
153	39	163	166	171	178	
154	20	181	
155	13	170	
156	10	162	
157	46	162	180	
158	18	161	164	178	
159	42	163	166	
160	10	172	177	178	184	185	186	
161	43	174	176	181	
162	30	171	180	181	184	
163	27	
164	48	175	181	188	
165	31	173	175	183	
166	27	172	173	179	
167	12	187	193	
168	44	176	177	187	
169	20	176	189	
170	17	178	179	189	192	194	195	
171	40	179	181	182	190	
172	33	177	179	190	
173	23	180	184	188	190	
174	12	182	189	192	194	
175	48	182	192	196	
176	28	196	199	
177	49	185	186	
178	39	182	184	189	
179	30	193	195	196	
180	44	195	
181	46	184	
182	45	192	196	
183	22	195	
184	42	191	198	199	
185	49	197	198	
186	40	192	
187	38	196	
188	11	189	
189	45	199	
190	47	
191	24	
192	28	
193	38	197	198	199	
194	16	
195	28	
196	48	
197	19	
198	13	
199	24	
