node	size	children
0	41	8	9	11	12	16	17	19	22	26	
1	24	11	12	13	14	21	25	26	29	
2	22	9	10	14	15	16	17	
3	22	12	14	15	17	18	27	28	
4	34	9	11	12	13	14	18	27	
5	14	8	11	18	19	21	22	
6	17	8	9	11	12	14	23	
7	43	8	9	10	16	18	22	25	
8	49	28	29	32	33	
9	36	32	
10	37	18	20	25	29	
11	26	22	29	
12	25	16	17	19	
13	36	24	33	
14	33	21	22	31	
15	14	36	
16	15	41	
17	45	33	43	44	
18	16	32	36	43	
19	19	37	39	
20	25	24	28	40	
21	22	27	37	38	42	44	
22	37	25	27	38	
23	23	45	51	
24	37	36	45	48	
25	45	30	35	36	44	47	50	
26	47	38	42	44	46	
27	44	32	40	47	49	
28	44	31	32	34	36	40	45	46	50	
29	36	40	47	48	
30	15	47	
31	14	40	43	48	
32	33	45	50	56	57	
33	44	42	43	45	55	
34	40	46	50	56	
35	48	42	54	
36	10	49	51	
37	34	49	51	59	
38	46	55	63	
39	22	50	58	62	
40	28	47	65	
41	21	63	
42	40	45	46	47	53	58	
43	21	51	52	
44	32	51	62	
45	21	55	56	63	73	
46	22	55	58	59	65	72	
47	13	68	69	
48	21	52	55	68	
49	46	72	
50	16	56	60	64	69	71	
51	36	59	60	65	73	
52	36	61	62	72	74	76	
53	38	70	71	
54	10	59	60	66	76	78	
55	34	76	
56	29	67	70	
57	24	64	71	72	
58	40	59	62	72	
59	21	70	79	81	85	87	89	
60	44	67	71	73	
61	45	69	73	76	80	
62	12	66	78	86	
63	21	81	83	
64	28	67	80	81	89	
65	10	69	75	77	81	83	87	88	89	
66	32	76	78	87	88	95	
67	47	74	83	87	
68	49	83	88	89	92	
69	22	77	89	90	
70	23	87	96	
71	36	81	84	87	94	95	
72	23	78	92	
73	28	75	78	82	93	94	
74	17	89	92	102	
75	44	86	88	95	99	
76	12	101	
77	28	88	92	
78	39	91	92	93	
79	28	90	
80	41	90	
81	15	82	95	
82	35	94	105	109	
83	28	105	112	
84	30	95	101	
85	35	92	94	96	101	108	
86	12	
87	20	91	93	96	
88	16	94	100	
89	46	91	110	
90	47	98	
91	48	103	
92	38	97	112	
93	12	101	104	106	109	115	118	
94	22	100	112	114	
95	37	99	108	109	110	
96	17	101	108	109	110	113	
97	48	107	111	119	
98	27	109	116	117	119	125	
99	22	108	113	119	
100	19	
101	44	109	
102	13	
103	37	106	112	
104	11	106	115	120	
105	36	123	
106	47	123	130	133	
107	18	119	126	128	131	132	
108	39	115	118	132	
109	47	119	131	
110	47	117	121	124	
111	16	131	133	
112	39	118	120	124	125	126	
113	10	123	135	136	
114	38	
115	43	122	125	128	
116	44	125	138	
117	32	139	
118	12	124	129	
119	31	120	
120	22	138	143	
121	41	129	130	135	141	143	
122	38	131	
123	47	127	128	138	140	141	143	144	
124	45	135	138	140	144	148	
125	34	132	133	
126	49	129	130	132	140	
127	21	141	148	149	
128	25	134	139	141	149	153	156	
129	36	134	141	145	
130	48	
131	32	142	147	150	154	
132	32	135	137	142	143	154	
133	38	143	
134	16	142	156	158	
135	31	142	154	156	163	
136	46	147	149	154	164	
137	41	142	148	149	154	159	161	162	
138	32	146	149	159	162	
139	25	144	153	155	
140	44	145	151	159	161	
141	47	151	154	161	162	166	168	
142	36	151	163	167	
143	11	149	155	158	161	
144	23	150	165	166	168	
145	12	
146	21	152	155	158	159	164	170	
147	49	150	151	160	165	
148	35	
149	35	161	168	177	
150	40	157	158	162	166	177	
151	10	175	
152	13	157	159	175	
153	17	162	167	174	
154	13	158	165	166	
155	16	163	174	178	
156	14	161	163	166	169	171	178	
157	45	165	170	173	181	
158	33	176	177	182	183	
159	48	180	
160	42	168	170	177	
161	33	174	
162	12	167	170	179	181	
163	47	165	169	181	186	
164	46	167	170	173	175	180	181	186	
165	11	172	174	184	193	
166	21	180	
167	10	180	182	183	187	
168	36	180	182	187	188	189	
169	23	176	188	190	
170	14	186	190	192	
171	16	
172	37	181	182	185	192	
173	13	184	186	188	
174	31	184	
175	25	189	
176	17	194	195	
177	15	180	186	191	
178	18	189	199	
179	14	186	193	
180	21	190	
181	37	191	192	196	
182	32	187	189	191	
183	45	190	191	
184	36	188	191	
185	39	188	190	195	199	
186	29	192	
187	14	197	198	
188	10	
189	28	194	196	197	
190	32	199	
191	23	199	
192	48	
193	40	196	
194	15	
195	21	
196	25	
197	13	
198	43	
199	13	
