node	size	children
0	23	12	13	14	16	
1	43	8	14	15	16	18	21	
2	39	8	12	15	20	29	
3	41	9	11	15	16	17	18	20	25	
4	34	8	9	12	15	17	18	20	
5	32	8	14	15	17	18	19	20	
6	13	8	10	11	12	14	18	19	
7	33	12	22	28	
8	26	16	18	26	28	34	36	
9	42	21	35	
10	30	19	
11	28	16	37	
12	35	28	36	37	
13	36	30	31	34	
14	28	29	30	31	36	
15	17	20	23	26	
16	12	23	26	34	36	
17	19	27	37	
18	22	24	26	29	32	37	
19	18	27	29	33	37	38	43	
20	45	38	
21	11	32	35	38	42	
22	38	26	38	39	41	
23	19	34	39	46	48	
24	31	30	33	34	39	41	53	
25	19	31	33	35	41	42	43	53	
26	26	33	49	
27	30	47	50	
28	20	30	50	
29	23	30	38	42	52	
30	37	41	42	46	51	52	53	
31	24	43	44	53	54	55	
32	42	52	58	59	
33	47	45	51	
34	24	50	51	61	
35	28	39	51	
36	12	41	45	47	49	53	59	60	61	
37	38	40	46	52	54	57	58	
38	36	46	58	64	66	
39	21	56	58	62	63	66	
40	12	53	54	57	58	60	63	
41	17	57	
42	19	47	49	51	55	59	61	63	
43	30	52	55	56	65	
44	47	57	62	
45	23	46	
46	35	54	
47	20	75	
48	18	59	75	
49	15	70	73	
50	18	60	69	
51	48	54	72	
52	20	61	66	72	
53	46	55	63	64	65	75	
54	21	65	77	78	80	
55	22	
56	42	66	67	75	
57	12	71	78	79	
58	31	67	71	76	80	
59	12	64	66	71	
60	12	65	66	67	68	70	78	
61	45	63	70	79	80	
62	32	69	71	79	89	
63	29	76	86	88	89	
64	33	76	84	
65	32	75	89	
66	17	70	76	
67	27	71	74	78	81	82	
68	15	70	72	81	
69	20	79	81	82	
70	43	79	81	84	97	
71	22	93	94	
72	38	86	87	88	
73	17	78	85	87	
74	16	76	80	90	
75	35	82	93	
76	33	83	88	97	103	
77	14	83	84	95	98	104	
78	43	83	85	89	92	95	104	
79	23	84	85	
80	44	86	89	99	101	
81	37	87	103	
82	25	86	93	101	
83	29	97	98	101	105	107	
84	12	94	95	108	111	
85	39	97	98	106	111	
86	47	96	98	111	112	
87	22	98	106	108	112	
88	23	91	96	
89	42	91	
90	43	101	104	
91	49	98	101	106	
92	38	103	105	115	
93	28	102	
94	34	110	
95	43	100	110	116	119	
96	13	106	115	119	
97	19	101	104	
98	16	111	123	125	126	
99	45	110	112	114	120	123	124	
100	34	105	112	121	126	
101	10	105	109	112	117	121	
102	24	109	117	121	
103	37	108	111	122	124	
104	33	105	108	110	122	
105	17	123	129	133	
106	29	114	120	124	133	
107	40	113	116	122	123	
108	30	113	126	129	131	
109	43	118	127	
110	12	115	122	123	
111	35	128	130	131	
112	46	114	116	118	124	130	131	
113	26	139	140	
114	34	130	
115	33	124	140	
116	18	121	
117	35	120	128	
118	13	128	130	138	141	
119	15	125	131	136	140	
120	41	128	129	131	132	133	146	
121	33	130	141	
122	24	129	134	141	
123	40	144	147	
124	23	131	134	
125	38	
126	13	
127	18	129	133	148	
128	45	137	155	
129	22	140	141	148	155	
130	14	142	151	
131	39	135	
132	38	143	146	147	149	150	154	
133	10	138	143	145	146	
134	41	141	148	
135	18	147	151	152	154	159	160	
136	27	144	152	155	158	
137	28	150	152	157	158	159	
138	13	146	
139	11	146	
140	45	144	154	
141	37	144	148	150	154	159	160	
142	17	151	153	
143	28	151	157	158	
144	10	153	169	
145	36	159	
146	34	156	163	
147	27	150	153	162	163	
148	43	149	157	
149	23	165	166	170	175	
150	45	158	163	164	170	173	
151	28	
152	17	157	
153	11	161	
154	38	
155	36	170	
156	21	181	
157	30	166	167	177	
158	35	184	
159	31	167	177	
160	46	170	176	177	
161	12	163	171	183	
162	31	164	168	173	180	183	184	
163	22	182	189	192	
164	41	170	172	179	183	186	
165	41	176	177	184	185	191	
166	44	175	177	178	182	183	185	
167	27	182	
168	13	181	182	186	
169	37	174	175	178	
170	38	184	191	195	196	197	
171	38	178	179	187	191	192	196	
172	10	178	184	190	195	196	
173	23	
174	43	198	
175	44	188	189	198	
176	11	182	188	194	
177	45	192	
178	41	190	
179	38	186	187	
180	28	
181	42	186	194	195	197	
182	44	194	
183	31	190	
184	33	193	194	199	
185	13	193	194	
186	42	
187	34	
188	19	
189	42	
190	47	197	
191	42	196	197	
192	23	199	
193	18	
194	23	
195	27	
196	44	
197	16	
198	49	
199	14	
