node	size	children
0	30	11	12	13	14	15	18	
1	40	8	10	11	14	20	22	25	29	
2	32	7	8	10	11	13	14	21	22	26	29	
3	30	14	15	16	17	18	20	24	25	
4	29	7	11	13	14	17	20	24	26	
5	49	8	9	12	17	18	20	22	
6	11	26	
7	35	19	23	24	28	35	
8	28	22	26	30	32	
9	11	20	22	23	
10	11	16	22	28	32	
11	10	16	23	25	36	
12	47	20	
13	43	23	32	
14	14	15	19	29	30	33	
15	24	25	27	28	40	43	
16	22	38	
17	28	38	41	
18	29	28	39	43	
19	42	26	
20	35	31	
21	15	23	31	33	37	40	
22	46	25	42	
23	27	30	34	
24	49	32	37	39	50	
25	37	38	46	
26	31	33	38	39	41	
27	24	37	
28	29	31	42	47	50	
29	37	32	46	50	
30	47	39	51	57	
31	36	54	59	
32	27	39	49	
33	13	38	43	44	46	
34	29	38	50	
35	21	52	59	
36	41	45	50	52	53	55	
37	46	40	53	
38	11	46	59	65	
39	17	46	56	
40	49	53	59	62	64	68	
41	49	53	55	56	58	66	
42	49	48	55	63	69	
43	15	56	58	59	61	
44	10	49	51	53	54	58	61	68	69	
45	42	55	59	66	68	69	
46	14	55	67	72	
47	36	63	76	
48	39	60	61	65	70	
49	28	58	61	
50	48	56	66	70	72	
51	20	68	72	
52	35	58	62	67	
53	47	56	61	67	70	
54	18	63	73	
55	45	64	65	69	77	82	
56	47	69	75	76	83	
57	17	67	74	84	
58	15	67	79	
59	22	63	65	66	
60	22	73	74	83	
61	25	73	
62	26	87	
63	47	73	76	79	80	81	
64	29	71	
65	11	72	78	88	
66	35	72	87	
67	45	72	86	88	92	
68	45	77	
69	26	80	86	92	
70	18	78	80	83	96	97	
71	23	92	98	100	
72	26	80	89	97	98	100	
73	45	80	86	87	91	98	99	
74	35	79	86	100	
75	11	79	91	93	95	97	
76	43	81	85	87	88	99	100	
77	21	
78	44	92	100	
79	27	88	93	96	102	
80	20	88	90	91	98	103	
81	35	91	94	
82	44	86	
83	10	87	88	97	99	
84	29	101	105	106	
85	28	112	
86	33	
87	39	101	108	109	
88	13	112	
89	15	95	99	112	
90	39	
91	40	
92	17	99	100	110	
93	41	109	114	117	
94	43	106	117	
95	38	103	107	
96	23	103	105	110	114	117	
97	35	115	
98	34	104	
99	11	118	
100	39	103	106	
101	16	111	120	122	
102	18	108	109	123	124	
103	22	109	113	129	
104	34	129	
105	10	116	
106	24	108	109	118	120	
107	42	110	120	123	129	
108	29	121	124	125	
109	38	137	
110	31	122	125	131	137	
111	24	115	124	131	133	137	
112	34	117	118	131	
113	16	118	122	125	130	131	138	
114	48	119	122	123	126	127	135	
115	18	125	132	141	
116	32	131	132	
117	18	125	128	131	132	144	
118	38	123	128	139	
119	18	125	136	137	139	145	
120	28	123	
121	34	124	130	
122	27	124	128	134	135	142	
123	25	140	145	
124	11	136	
125	25	151	
126	28	132	142	152	
127	20	152	
128	27	138	143	145	150	
129	48	135	136	146	147	150	
130	30	132	136	139	142	148	150	
131	36	144	145	147	150	
132	23	144	151	159	
133	48	141	146	
134	22	139	148	160	
135	28	148	
136	13	153	
137	34	140	157	
138	38	140	142	150	152	
139	16	147	149	157	159	166	168	
140	26	146	147	
141	21	151	154	166	
142	44	149	154	
143	45	146	156	161	162	
144	18	163	168	
145	34	163	166	
146	32	156	
147	16	160	161	166	
148	15	170	176	
149	18	157	158	164	
150	39	155	160	172	
151	35	157	160	
152	37	163	166	172	
153	17	162	163	172	176	
154	19	161	170	171	175	
155	42	162	165	182	
156	38	164	167	170	171	
157	39	164	167	174	178	
158	40	164	167	173	176	
159	13	172	176	179	
160	44	169	179	183	
161	10	174	180	181	184	189	
162	48	186	191	
163	45	177	180	187	
164	40	169	177	
165	24	171	174	179	180	187	191	
166	15	174	181	
167	31	178	179	181	183	
168	21	174	180	184	185	
169	30	178	184	188	
170	20	178	181	186	199	
171	46	186	191	192	195	198	199	
172	14	177	196	198	
173	19	177	180	182	198	
174	32	182	
175	46	180	189	194	
176	37	183	186	189	190	
177	31	185	191	
178	18	185	189	
179	12	187	189	193	
180	12	184	188	192	194	
181	34	186	188	195	
182	13	195	
183	34	195	197	
184	39	197	
185	35	193	196	
186	37	195	
187	32	194	196	199	
188	21	199	
189	45	194	196	
190	42	195	
191	20	
192	47	
193	24	
194	35	
195	49	
196	17	
197	47	
198	43	
199	22	
