node	size	children
0	40	10	12	14	22	26	
1	26	10	12	14	15	16	22	30	
2	28	8	9	10	11	12	13	15	22	
3	18	8	9	10	20	21	
4	40	9	10	11	17	21	24	
5	12	11	12	14	
6	36	8	11	12	13	14	15	17	27	
7	32	8	9	11	13	14	15	16	18	24	29	30	
8	45	22	29	36	
9	10	17	26	34	
10	24	27	28	31	34	
11	22	26	29	30	32	
12	18	18	19	27	36	
13	46	26	
14	11	18	26	29	
15	15	25	30	33	35	
16	33	44	
17	37	
18	38	26	27	30	33	41	
19	32	
20	35	24	32	35	37	
21	28	33	37	40	43	
22	35	23	40	
23	18	31	37	38	
24	20	38	
25	29	42	
26	12	33	51	
27	21	32	40	
28	44	40	
29	48	32	38	48	51	
30	35	35	38	40	42	49	
31	21	45	58	
32	29	46	50	
33	39	38	51	58	
34	15	52	55	
35	45	39	52	53	
36	15	44	51	52	53	57	
37	47	55	
38	13	47	50	55	
39	39	48	50	53	56	66	
40	40	50	61	65	
41	27	60	
42	32	50	51	54	56	58	62	67	
43	33	59	
44	27	47	57	
45	35	63	65	69	72	75	
46	45	54	65	72	
47	28	53	57	60	66	71	72	
48	34	67	71	
49	31	53	63	66	67	71	
50	27	53	69	72	
51	37	62	63	
52	48	56	59	74	
53	12	62	72	77	80	81	
54	32	64	73	
55	20	60	69	70	71	
56	36	60	76	80	
57	32	70	82	
58	45	61	63	71	81	
59	27	67	68	69	79	
60	35	77	82	88	
61	49	77	84	86	87	
62	21	75	77	87	
63	32	77	80	
64	31	69	85	86	
65	15	87	
66	20	75	86	
67	41	70	76	
68	31	79	89	
69	33	76	85	89	
70	45	89	97	
71	30	77	78	83	
72	47	76	78	81	85	88	89	
73	23	79	80	86	98	
74	22	87	90	
75	42	79	83	95	
76	28	90	94	95	104	
77	42	87	89	96	97	
78	27	93	104	
79	47	92	96	105	106	
80	10	101	103	
81	17	91	94	102	106	
82	14	105	
83	29	84	95	98	99	102	105	106	
84	15	93	96	97	112	
85	29	91	94	99	
86	34	97	99	100	111	112	
87	46	109	113	
88	15	
89	40	109	112	
90	10	98	99	104	
91	26	99	101	105	111	119	
92	11	
93	41	113	
94	12	102	103	118	
95	38	100	106	109	118	
96	11	116	
97	41	101	120	121	
98	11	101	119	
99	41	108	111	112	115	
100	17	108	110	118	
101	31	108	
102	27	108	109	117	127	
103	39	108	113	122	
104	18	112	122	127	
105	44	119	128	
106	35	107	108	109	113	119	126	128	
107	47	115	
108	15	123	124	128	134	135	136	
109	10	120	123	127	128	131	133	134	135	136	
110	10	115	120	133	136	
111	49	114	115	120	
112	19	115	119	
113	25	120	121	132	
114	22	123	138	
115	18	133	
116	18	129	137	138	140	
117	13	128	140	
118	33	124	136	
119	28	125	126	143	
120	38	139	
121	15	127	134	138	139	140	
122	32	130	133	137	140	141	147	149	150	
123	46	132	135	141	143	147	
124	10	133	141	148	149	151	
125	21	130	135	140	142	145	152	
126	27	138	146	
127	11	134	139	147	149	152	
128	39	130	142	152	
129	22	146	153	
130	14	142	146	148	159	
131	25	137	138	146	150	
132	21	138	144	152	153	156	
133	34	141	
134	11	139	145	148	154	156	158	
135	31	143	145	148	
136	38	139	142	152	153	
137	21	155	164	
138	31	145	148	155	158	161	
139	10	155	159	
140	46	149	154	164	
141	23	151	157	158	159	
142	41	151	156	157	
143	27	148	149	162	
144	21	150	
145	48	165	172	175	
146	28	163	
147	44	154	161	172	
148	21	163	
149	25	167	
150	37	154	164	172	
151	46	158	169	
152	13	154	157	165	166	169	175	
153	36	171	180	
154	45	166	175	179	180	
155	24	164	167	169	172	174	
156	32	160	169	
157	37	160	168	
158	36	164	168	180	
159	18	168	178	179	
160	39	168	178	182	183	189	
161	31	170	173	175	178	
162	48	176	177	182	
163	19	184	
164	32	172	188	
165	44	176	
166	28	173	177	178	184	188	
167	41	172	
168	34	187	193	
169	32	193	196	
170	14	179	189	191	
171	12	176	182	185	197	
172	41	181	193	
173	44	184	185	186	191	192	193	
174	32	187	193	196	
175	44	181	191	192	
176	13	188	190	191	
177	37	186	195	
178	33	194	195	
179	48	184	195	
180	47	186	187	195	198	
181	35	190	197	
182	30	188	192	194	
183	47	
184	10	191	
185	42	195	
186	32	192	
187	15	192	194	198	
188	29	190	194	198	
189	41	190	194	198	
190	27	199	
191	45	
192	15	
193	12	
194	13	
195	10	
196	49	
197	31	
198	48	
199	43	
