node	size	children
0	46	10	12	20	22	23	27	
1	10	13	14	15	19	22	28	
2	10	10	11	12	13	14	16	17	22	25	27	
3	38	8	12	13	14	15	20	23	27	30	
4	25	8	12	13	14	20	21	
5	49	8	12	13	14	16	19	
6	47	13	15	18	
7	22	8	9	14	16	19	22	
8	30	25	27	30	33	36	37	
9	31	19	28	29	30	37	
10	39	24	28	30	33	35	36	37	
11	23	16	27	35	
12	17	16	23	24	29	37	
13	16	22	29	32	
14	32	23	28	35	
15	42	29	
16	14	25	30	43	
17	36	28	32	33	36	39	40	
18	47	24	38	41	
19	40	32	34	44	
20	13	23	24	31	34	35	39	42	
21	46	32	38	42	
22	23	23	26	27	31	34	37	39	
23	47	32	49	52	
24	32	44	46	52	
25	46	50	
26	19	36	42	49	
27	49	42	45	50	
28	32	45	47	50	
29	22	31	36	38	40	48	50	51	
30	24	34	38	
31	45	40	45	49	55	
32	47	44	56	60	
33	25	60	
34	21	38	40	55	60	
35	45	55	56	
36	45	56	59	
37	34	40	43	48	54	
38	37	51	
39	10	54	60	62	64	67	
40	37	48	53	65	68	
41	16	54	58	63	
42	22	54	55	61	63	64	
43	15	50	59	60	61	
44	16	45	57	
45	32	61	62	72	75	
46	20	54	64	69	72	73	
47	37	53	59	66	
48	49	
49	25	
50	11	66	67	68	
51	15	72	75	
52	17	54	61	67	75	
53	31	66	
54	15	
55	37	71	73	
56	13	65	83	
57	18	61	63	74	75	
58	36	66	78	
59	33	73	76	77	78	80	
60	45	66	70	80	
61	36	73	74	76	77	83	
62	17	82	90	
63	30	82	84	86	
64	15	78	81	84	
65	31	80	84	89	
66	23	72	87	88	
67	36	75	78	
68	13	69	72	74	75	
69	40	89	
70	40	76	83	91	97	
71	33	92	93	
72	31	83	84	92	94	
73	18	76	82	93	
74	36	79	82	89	93	97	
75	49	77	79	89	92	
76	41	93	96	99	
77	25	103	104	
78	15	94	99	
79	22	84	102	
80	40	86	97	
81	39	85	101	105	
82	31	86	89	100	
83	35	89	93	100	
84	11	107	
85	22	101	103	106	
86	12	95	100	103	109	110	
87	11	91	97	98	
88	17	92	95	96	97	101	104	105	110	111	
89	19	105	106	
90	21	92	107	111	
91	48	111	116	120	
92	34	109	110	111	
93	40	101	108	
94	28	103	109	110	115	
95	35	105	106	109	110	
96	28	100	105	115	
97	16	101	104	
98	19	112	118	120	
99	39	
100	15	117	120	124	125	128	
101	40	114	119	
102	43	110	119	
103	21	123	
104	14	113	124	127	
105	26	108	121	
106	22	122	127	132	
107	46	120	
108	38	121	132	
109	33	121	128	134	135	
110	18	116	119	122	
111	16	
112	36	120	127	134	
113	32	122	127	129	136	
114	16	123	142	
115	24	127	130	132	133	134	
116	45	125	133	136	
117	41	126	132	133	
118	31	122	123	125	138	
119	26	133	134	
120	45	121	128	133	139	140	
121	17	134	139	143	
122	14	129	136	
123	26	145	
124	19	138	146	
125	42	129	138	139	144	145	149	
126	31	129	131	144	145	151	
127	30	133	148	
128	23	
129	19	139	141	146	147	150	
130	39	137	144	147	152	158	
131	16	138	145	
132	17	145	
133	15	
134	16	139	140	145	146	148	150	155	
135	27	
136	21	157	166	
137	42	148	149	160	163	
138	13	144	148	151	
139	29	152	156	161	
140	47	144	163	
141	35	
142	34	147	148	153	
143	27	154	161	163	
144	25	152	159	161	171	172	173	
145	42	154	155	156	164	
146	45	155	170	
147	27	165	173	
148	26	155	161	167	172	
149	10	167	173	
150	46	
151	48	155	170	
152	29	175	176	
153	38	163	170	171	172	173	177	178	179	
154	11	165	172	175	179	
155	48	165	173	180	
156	40	180	
157	32	161	162	165	167	169	171	172	175	176	180	
158	15	167	169	171	175	178	
159	23	168	179	186	
160	28	168	171	176	177	187	
161	29	171	174	177	183	187	
162	39	167	170	173	184	
163	16	176	186	
164	18	
165	16	174	
166	47	167	183	
167	23	184	188	189	
168	17	182	184	
169	23	182	188	
170	23	181	188	191	192	194	195	
171	35	175	179	182	189	192	193	
172	40	178	181	182	184	193	
173	12	178	184	187	
174	17	
175	30	182	187	191	195	197	199	
176	31	190	197	
177	43	197	199	
178	25	185	
179	40	187	188	190	
180	24	185	
181	28	185	192	
182	20	194	195	197	
183	11	189	195	199	
184	12	192	199	
185	20	198	
186	16	191	193	
187	32	189	192	
188	15	196	197	
189	24	
190	24	
191	35	196	
192	11	
193	15	
194	10	
195	27	
196	15	
197	14	
198	46	
199	25	
