node	size	children
0	48	13	14	15	20	21	
1	10	15	17	25	26	28	
2	17	8	11	12	14	16	17	22	
3	17	7	8	10	19	23	24	26	
4	37	9	10	12	13	14	19	21	24	
5	12	8	
6	44	8	10	11	15	20	23	
7	23	14	26	28	29	35	
8	34	24	
9	17	19	24	31	32	
10	46	17	20	25	34	
11	35	18	20	25	26	28	32	
12	30	22	26	31	35	
13	38	25	33	
14	40	29	36	37	38	44	
15	37	23	29	30	32	33	34	36	44	
16	12	28	29	33	34	35	
17	39	21	37	
18	42	31	35	37	42	43	
19	41	27	28	35	44	
20	12	21	24	36	44	
21	44	36	
22	28	32	35	
23	17	32	34	41	
24	48	30	37	46	48	50	
25	44	32	38	
26	47	31	43	
27	16	44	
28	31	29	38	39	43	46	
29	16	45	54	
30	46	41	44	45	50	55	57	
31	27	49	50	52	
32	43	58	
33	34	38	43	54	
34	35	37	40	
35	33	47	59	
36	18	37	53	
37	12	45	52	
38	38	50	64	
39	37	53	61	64	
40	20	51	59	
41	24	48	58	62	65	
42	21	59	64	
43	18	47	59	65	
44	21	52	55	62	65	66	
45	34	64	
46	33	56	57	63	68	72	73	
47	47	52	62	68	
48	33	54	70	72	
49	22	54	69	71	
50	32	56	
51	24	59	69	
52	14	
53	26	63	
54	25	60	82	
55	19	64	
56	23	61	63	73	80	81	
57	26	73	79	
58	18	68	79	80	
59	36	61	
60	43	69	75	80	88	
61	15	69	75	88	
62	34	73	74	79	84	89	
63	37	76	80	86	87	
64	21	67	76	78	
65	45	84	85	
66	25	77	82	
67	40	88	92	
68	24	
69	29	75	80	91	
70	35	79	82	
71	15	82	95	
72	35	
73	31	77	79	83	86	92	
74	47	75	85	90	93	94	
75	42	88	
76	23	83	85	98	
77	28	85	91	99	
78	26	83	101	
79	34	84	101	
80	39	83	86	88	91	98	101	102	103	
81	26	85	
82	18	93	95	
83	15	91	95	103	
84	20	98	99	103	108	109	
85	10	99	100	108	
86	14	92	96	100	
87	24	98	100	107	108	
88	17	91	100	
89	15	90	98	103	105	110	
90	23	102	
91	38	100	116	
92	35	99	105	111	112	118	
93	38	102	105	
94	10	107	115	
95	41	103	107	113	115	
96	14	97	101	102	107	
97	26	104	105	109	111	119	124	
98	22	105	121	124	
99	31	111	113	116	123	
100	47	106	113	115	125	
101	24	117	124	
102	27	106	109	110	124	
103	17	108	111	125	
104	10	125	132	133	
105	37	118	121	126	
106	11	114	115	128	131	132	
107	17	120	
108	41	119	120	122	125	133	
109	43	112	114	118	126	128	
110	14	112	116	117	129	
111	47	120	139	
112	13	119	127	
113	27	119	127	130	132	133	
114	49	124	126	127	129	130	131	135	136	137	
115	28	122	139	140	
116	23	127	
117	27	123	128	139	140	
118	41	119	123	126	134	
119	21	128	135	144	145	147	
120	42	141	143	145	
121	22	139	146	148	
122	15	131	136	142	
123	21	135	142	
124	22	130	132	137	143	146	148	
125	38	126	135	143	144	146	147	
126	19	154	
127	40	140	142	
128	30	139	140	145	
129	39	
130	16	148	
131	45	147	154	
132	13	153	
133	19	135	138	142	143	147	
134	42	150	154	156	
135	34	151	154	157	161	
136	45	158	
137	15	156	
138	13	147	150	160	
139	23	152	158	
140	19	145	
141	43	146	153	155	156	161	163	
142	14	149	155	159	168	
143	18	149	155	162	166	171	
144	18	149	155	159	165	
145	17	170	171	
146	18	150	154	165	171	
147	26	163	167	
148	48	151	161	170	
149	38	158	172	174	176	
150	44	158	163	164	170	172	173	175	
151	19	158	161	165	173	
152	43	161	178	
153	15	165	178	
154	40	164	170	172	177	
155	36	157	
156	36	181	185	
157	35	164	181	
158	33	169	176	179	
159	22	170	177	185	
160	30	167	176	180	181	
161	17	175	185	
162	33	171	174	175	178	185	
163	16	175	185	
164	42	179	181	182	187	188	
165	39	172	174	178	
166	25	174	186	187	189	193	
167	13	
168	41	178	
169	36	182	191	194	
170	33	178	183	
171	43	172	183	
172	14	190	194	197	199	
173	49	184	192	196	198	199	
174	45	188	190	194	
175	39	185	186	188	193	195	
176	47	181	186	189	198	199	
177	28	187	189	190	195	196	
178	40	
179	13	187	
180	16	191	193	197	
181	28	191	194	196	
182	11	187	
183	35	191	192	196	198	199	
184	32	188	195	198	
185	36	189	192	194	197	198	
186	12	189	195	
187	11	
188	40	
189	36	196	199	
190	46	
191	21	
192	11	195	
193	34	
194	14	195	196	
195	23	
196	22	
197	36	
198	21	
199	44	
