node	size	children
0	42	7	8	9	11	13	16	17	21	
1	13	7	8	9	19	20	22	
2	15	7	11	12	14	18	19	22	
3	40	8	10	12	15	17	18	23	
4	11	8	9	16	19	20	
5	40	9	10	16	18	19	21	
6	15	7	8	10	12	14	18	19	21	23	24	
7	45	15	18	31	
8	25	22	27	
9	16	26	27	
10	20	16	25	26	31	33	35	
11	37	22	24	32	34	
12	42	31	32	
13	44	15	17	21	26	31	37	
14	43	26	27	31	44	
15	40	30	42	
16	11	27	29	34	41	43	
17	10	39	44	
18	22	28	30	
19	14	24	28	36	41	
20	43	30	34	39	41	
21	26	27	28	38	44	
22	10	32	39	48	
23	15	36	49	
24	13	32	37	39	
25	46	44	
26	29	32	48	
27	22	36	37	48	
28	26	36	38	39	40	
29	15	38	51	
30	40	39	53	59	
31	28	43	46	52	54	
32	21	40	42	47	54	
33	36	48	55	
34	38	38	41	51	59	
35	47	50	53	58	
36	17	49	
37	10	41	43	51	57	
38	18	45	53	54	66	
39	21	52	62	65	
40	17	51	
41	43	51	56	
42	17	56	58	62	
43	33	59	66	67	
44	47	57	62	66	
45	32	55	
46	36	54	55	56	57	59	67	72	
47	46	59	
48	21	57	64	71	
49	13	57	60	61	62	63	
50	14	54	55	60	65	68	69	73	
51	13	53	56	61	63	70	73	74	
52	34	63	64	66	
53	46	63	69	81	
54	36	61	63	64	65	67	69	79	80	
55	18	
56	16	75	
57	20	
58	46	73	78	
59	22	79	81	
60	49	68	81	88	
61	37	85	
62	28	
63	44	75	86	87	89	
64	31	68	73	85	86	88	
65	28	70	71	89	
66	49	71	78	81	83	
67	33	78	85	
68	25	76	94	95	
69	24	78	87	92	95	
70	26	75	77	92	94	
71	28	78	96	
72	28	89	91	
73	43	87	89	
74	24	91	
75	32	88	91	101	
76	35	82	83	86	88	90	96	
77	30	87	88	92	98	103	
78	44	82	101	102	
79	15	86	87	95	100	
80	40	90	91	93	95	
81	15	84	89	97	100	101	103	
82	42	104	105	108	111	
83	21	92	94	98	
84	31	96	98	109	111	
85	21	92	100	101	104	105	109	
86	11	94	
87	16	94	103	106	108	109	
88	19	91	94	106	
89	41	106	
90	12	102	117	
91	49	98	99	109	114	115	117	
92	42	105	111	115	
93	41	108	111	
94	36	98	106	115	
95	21	105	108	109	116	117	118	
96	46	102	103	
97	23	110	111	112	120	123	
98	34	112	115	116	123	
99	26	112	119	
100	36	107	113	119	125	
101	17	120	122	127	
102	17	117	118	120	127	
103	46	120	123	124	126	
104	34	117	120	127	130	133	
105	23	
106	28	116	122	124	133	
107	37	121	127	
108	35	
109	47	121	124	133	
110	27	124	127	129	
111	48	115	
112	19	129	
113	19	128	130	133	137	
114	30	122	130	133	137	142	
115	18	123	126	130	140	
116	19	123	126	128	135	
117	21	134	
118	17	134	137	
119	33	124	127	131	
120	38	132	149	150	
121	35	131	132	140	142	143	
122	44	131	135	143	144	147	
123	39	132	141	149	
124	26	131	140	149	
125	15	129	132	135	140	
126	17	135	137	139	141	146	150	
127	43	132	139	149	
128	11	139	141	142	157	
129	17	152	154	156	
130	10	136	140	141	143	152	154	157	
131	22	138	147	153	
132	25	142	148	149	
133	27	148	
134	26	141	146	148	149	151	153	155	
135	31	150	
136	34	145	150	165	
137	47	143	148	150	155	160	161	
138	48	146	148	159	160	165	
139	42	158	164	165	
140	10	152	158	162	
141	41	146	155	
142	45	157	
143	49	151	154	155	160	167	
144	37	154	159	
145	12	154	155	158	161	166	172	
146	16	158	164	168	172	
147	14	159	165	
148	14	157	160	
149	22	157	159	170	172	
150	46	151	153	154	157	163	170	
151	30	164	176	
152	27	162	176	
153	16	172	
154	48	158	169	
155	46	175	
156	40	163	170	174	
157	16	159	164	167	168	174	
158	33	166	177	178	181	
159	16	166	171	
160	17	
161	48	168	172	
162	47	176	180	185	
163	35	166	168	174	176	177	
164	41	
165	24	168	182	186	
166	46	176	177	183	184	187	
167	14	186	
168	42	173	180	191	
169	30	174	177	179	
170	25	184	190	192	
171	48	180	184	194	
172	16	182	184	185	
173	11	182	190	198	
174	22	181	182	190	
175	11	181	187	195	
176	25	181	193	194	196	197	
177	12	187	188	193	198	
178	45	188	193	
179	40	
180	35	191	
181	49	191	195	
182	28	188	192	
183	17	196	
184	41	
185	30	187	190	
186	37	188	189	190	
187	49	195	
188	14	
189	14	198	
190	41	199	
191	38	
192	46	
193	30	
194	39	
195	48	
196	26	
197	16	
198	33	
199	17	
