node	size	children
0	49	12	14	20	
1	45	10	12	14	16	17	26	
2	42	8	12	14	16	18	20	21	
3	31	9	13	14	16	23	
4	29	12	13	14	17	
5	49	10	11	16	19	
6	46	9	13	16	17	
7	10	12	20	26	
8	31	19	22	24	
9	32	18	20	22	24	27	31	32	
10	10	15	18	23	33	
11	44	25	28	29	31	33	
12	38	30	
13	18	15	30	31	
14	25	15	
15	48	
16	19	23	26	30	
17	38	36	40	
18	47	
19	12	29	34	
20	28	22	27	41	
21	15	23	37	42	
22	36	31	34	
23	18	32	34	35	44	47	
24	12	29	34	38	42	43	
25	22	32	
26	48	32	49	
27	13	45	49	
28	16	37	40	42	43	
29	21	37	55	
30	12	46	52	
31	43	41	49	
32	42	43	45	
33	38	37	39	41	49	51	56	
34	45	43	
35	11	37	53	56	
36	30	48	49	53	54	60	64	
37	29	43	47	52	56	57	60	63	
38	45	47	
39	15	45	
40	34	45	54	57	60	62	
41	17	45	48	60	61	62	64	
42	44	63	
43	42	54	55	56	59	66	
44	17	50	52	53	57	60	64	67	69	
45	41	52	55	58	62	67	71	
46	38	55	62	65	
47	32	53	59	69	
48	37	54	57	66	68	
49	14	52	54	56	65	
50	27	57	69	73	78	
51	34	66	67	78	
52	43	70	78	79	
53	13	65	72	
54	22	64	65	
55	10	64	66	
56	44	66	75	
57	40	84	
58	20	71	83	86	
59	38	72	
60	14	71	74	82	
61	20	65	71	74	81	85	
62	36	65	66	70	71	74	75	
63	17	69	76	83	
64	27	70	71	77	81	
65	34	82	90	93	
66	12	77	87	
67	11	77	81	92	94	
68	39	75	81	83	93	
69	36	
70	21	93	
71	37	
72	33	87	
73	37	86	87	99	100	
74	19	91	94	
75	20	91	102	
76	15	86	95	99	
77	27	81	83	89	91	92	99	
78	21	80	83	
79	37	82	86	90	93	
80	36	87	88	92	93	99	101	109	
81	45	90	92	97	
82	43	88	97	103	105	
83	18	90	99	102	105	109	
84	18	98	99	102	103	106	
85	18	87	91	96	101	105	106	
86	18	92	102	103	108	
87	39	107	110	117	118	
88	30	106	113	118	
89	36	95	96	108	112	113	115	116	
90	41	95	97	103	104	107	110	111	113	
91	16	102	106	109	110	
92	29	110	
93	43	95	103	
94	46	102	109	
95	40	108	109	116	
96	10	104	105	106	112	117	
97	24	108	112	113	117	
98	43	107	108	109	111	114	116	117	
99	38	104	
100	17	106	108	
101	42	107	114	
102	20	103	
103	30	111	119	122	125	130	
104	27	113	
105	39	112	124	
106	15	115	125	132	
107	36	112	117	123	125	126	129	
108	47	114	132	
109	31	127	
110	26	120	124	131	
111	26	136	
112	14	133	138	
113	43	129	139	
114	24	125	131	
115	43	126	
116	24	121	122	125	127	
117	27	127	130	138	
118	22	120	121	130	136	
119	36	127	133	134	135	137	140	141	143	
120	45	126	128	129	133	137	140	
121	48	128	132	140	
122	23	126	131	133	136	142	
123	35	128	139	144	146	
124	39	127	128	132	
125	48	133	134	137	139	140	141	
126	15	139	140	141	143	153	154	
127	43	141	146	150	
128	45	142	151	
129	36	149	154	
130	28	138	
131	42	138	145	
132	27	143	148	153	
133	45	152	156	
134	42	152	153	161	
135	42	153	157	
136	19	149	158	160	161	
137	46	143	147	154	
138	31	149	155	156	159	
139	44	
140	45	152	164	168	
141	43	158	159	168	
142	35	151	152	164	
143	23	154	156	158	
144	45	150	153	154	161	165	167	
145	39	155	162	
146	22	150	168	
147	34	166	
148	36	161	164	
149	11	159	161	165	166	171	173	175	
150	48	160	
151	48	161	171	
152	39	166	175	
153	25	157	164	170	172	175	
154	25	157	169	173	174	
155	37	165	168	180	
156	23	162	171	
157	14	164	170	178	179	
158	48	166	173	179	
159	33	163	170	176	178	182	183	
160	30	165	166	169	
161	34	165	177	
162	30	170	173	187	
163	18	170	172	173	174	180	182	186	187	188	190	
164	47	185	187	190	
165	32	187	190	
166	40	171	174	
167	12	189	
168	32	169	180	183	
169	10	182	184	191	192	196	
170	11	178	184	186	189	
171	23	180	181	
172	29	178	179	182	185	187	
173	13	181	188	194	
174	32	184	186	189	194	197	
175	15	188	197	
176	37	190	195	198	
177	34	184	188	
178	38	193	195	
179	45	186	189	195	
180	21	195	
181	44	196	197	
182	40	188	197	
183	43	188	190	199	
184	28	194	
185	35	194	198	
186	28	
187	12	195	196	199	
188	43	
189	17	198	
190	32	194	198	
191	12	
192	33	
193	37	
194	45	
195	35	
196	33	199	
197	46	198	
198	38	
199	41	
