node	size	children
0	40	8	12	13	18	19	
1	13	9	10	12	15	18	20	21	25	
2	19	10	11	12	13	14	17	23	26	29	
3	24	8	9	12	13	14	16	23	
4	29	9	13	14	17	20	22	
5	14	8	11	14	18	27	
6	21	12	13	18	20	
7	25	9	11	12	13	14	16	20	22	23	
8	38	17	24	29	
9	43	17	20	24	29	
10	25	16	24	25	37	
11	46	24	27	
12	48	16	19	22	32	34	35	37	
13	42	
14	42	16	17	27	30	31	33	35	
15	31	42	
16	25	32	
17	14	24	33	39	
18	48	28	33	35	42	
19	12	34	40	
20	21	28	40	41	
21	33	23	28	30	35	37	43	
22	31	31	41	44	
23	44	40	41	44	45	48	
24	39	33	40	42	44	
25	33	
26	33	34	46	50	
27	38	34	50	
28	28	36	37	
29	21	41	
30	49	33	37	
31	20	48	53	57	
32	24	38	
33	33	47	
34	30	53	
35	12	39	46	52	
36	21	39	44	48	49	52	53	
37	45	39	52	53	58	
38	21	45	54	61	
39	22	58	60	63	66	
40	11	47	51	63	
41	47	45	46	58	60	63	65	66	
42	17	50	54	62	65	
43	19	49	62	64	
44	30	54	
45	21	72	
46	16	53	54	61	65	68	69	
47	48	54	61	62	63	65	68	69	72	73	
48	48	52	61	68	72	73	
49	17	55	62	63	73	
50	29	56	60	64	66	
51	41	59	60	
52	45	60	64	70	
53	35	61	62	71	74	
54	15	65	68	72	80	
55	28	61	66	67	74	77	78	
56	15	74	
57	20	66	74	77	
58	47	69	80	
59	22	
60	44	74	77	79	80	
61	44	70	88	
62	21	71	76	
63	46	68	81	
64	11	73	
65	34	
66	43	78	82	
67	35	76	81	82	87	92	
68	16	75	93	96	
69	13	81	84	89	93	
70	42	78	80	87	91	93	
71	26	87	
72	43	76	78	
73	27	76	78	90	92	96	
74	15	84	86	92	102	
75	11	85	89	98	
76	10	90	101	
77	49	83	88	94	98	102	
78	14	83	85	88	94	102	
79	19	85	89	
80	33	81	92	96	
81	31	95	106	107	
82	18	92	106	
83	39	90	94	102	103	104	105	106	
84	23	91	93	104	105	110	
85	28	100	104	105	106	107	
86	48	97	101	102	
87	23	96	101	105	109	
88	47	89	101	109	
89	36	
90	34	99	111	118	
91	12	108	112	115	116	
92	25	108	109	114	
93	18	104	111	
94	28	101	108	117	
95	16	111	116	
96	15	
97	21	104	109	110	118	
98	18	116	119	
99	26	108	116	125	
100	10	107	
101	39	107	114	124	
102	29	117	
103	38	105	109	110	117	120	
104	18	115	120	
105	10	111	120	124	132	
106	48	125	130	131	133	
107	35	129	
108	43	118	120	121	
109	28	118	
110	39	113	115	118	120	130	
111	12	122	125	129	
112	17	126	130	138	
113	10	122	127	134	136	
114	19	127	134	136	
115	14	123	125	131	136	
116	15	121	125	
117	36	121	124	
118	18	122	124	135	
119	14	139	143	
120	27	127	128	133	136	
121	11	131	134	
122	40	143	
123	14	128	129	131	136	146	
124	20	127	128	132	141	146	
125	29	131	137	138	141	
126	24	136	138	151	153	
127	18	139	140	149	
128	30	137	138	149	
129	28	134	143	144	150	
130	40	138	143	152	
131	12	137	141	142	147	
132	15	
133	44	
134	40	145	151	154	158	161	
135	20	145	149	151	154	158	
136	48	151	154	
137	27	143	146	148	152	156	159	161	
138	15	148	152	155	
139	49	141	
140	35	
141	39	148	149	160	166	167	170	
142	17	149	158	165	166	167	
143	49	148	158	162	
144	48	161	164	169	
145	22	163	168	
146	11	157	160	161	162	168	
147	44	151	156	160	163	167	
148	31	163	175	176	
149	42	164	166	168	169	
150	15	157	169	
151	34	158	160	169	
152	35	156	166	170	176	177	
153	38	156	168	172	
154	33	157	160	
155	18	164	173	183	
156	44	167	173	
157	42	163	166	173	
158	36	170	173	185	
159	33	170	176	
160	43	
161	36	164	174	178	
162	37	173	175	176	183	
163	40	171	179	187	
164	44	175	180	182	190	
165	37	183	185	188	
166	46	179	184	193	
167	41	187	
168	25	179	185	
169	32	180	181	
170	19	183	184	189	191	
171	18	180	181	185	193	195	197	
172	31	184	193	197	
173	12	178	179	192	194	197	
174	12	192	194	
175	43	181	182	186	199	
176	15	195	197	
177	16	179	184	187	189	193	194	195	196	
178	25	187	188	
179	21	191	
180	34	187	
181	40	193	
182	49	191	193	
183	36	189	190	196	
184	18	189	197	198	
185	14	189	194	
186	12	
187	39	
188	19	199	
189	20	
190	15	194	197	
191	20	196	
192	24	
193	30	
194	15	
195	47	
196	38	
197	27	
198	12	
199	41	
