node	size	children
0	20	7	10	14	16	28	
1	32	7	12	16	19	
2	18	7	9	11	14	18	19	
3	17	8	9	11	12	14	16	
4	29	10	13	14	18	20	24	28	
5	16	10	19	22	
6	26	10	14	16	
7	10	31	32	
8	33	19	
9	20	15	29	
10	29	17	28	
11	40	21	22	26	34	
12	33	18	23	24	29	32	
13	11	23	25	28	
14	23	21	23	25	32	
15	45	23	26	27	28	31	
16	35	23	25	29	32	35	
17	27	43	
18	30	24	37	
19	49	43	
20	38	30	33	35	
21	16	41	42	
22	48	33	39	45	
23	41	45	
24	30	
25	37	39	
26	36	
27	12	33	42	
28	35	41	42	45	
29	33	36	40	44	47	52	53	57	
30	35	42	47	56	
31	21	42	47	51	58	
32	36	37	43	53	
33	44	
34	38	45	50	52	
35	16	38	44	46	51	
36	11	52	58	60	
37	35	45	48	51	64	
38	41	50	58	64	
39	26	47	49	
40	26	62	
41	38	
42	35	
43	47	46	51	54	
44	27	58	59	64	
45	25	52	54	63	67	
46	11	52	62	71	
47	40	58	59	60	62	67	70	
48	38	60	61	65	67	
49	25	55	56	64	68	
50	15	53	59	64	73	
51	12	62	67	
52	43	59	78	
53	15	68	74	76	
54	35	59	77	
55	26	71	77	
56	13	60	64	76	80	
57	27	76	78	79	80	
58	14	
59	18	69	79	84	
60	49	68	71	73	74	75	
61	48	73	77	
62	36	70	72	77	81	
63	22	66	68	86	
64	33	68	79	
65	38	66	71	73	76	
66	39	76	77	78	86	90	95	
67	43	78	
68	21	76	87	91	93	94	95	
69	43	80	81	87	89	
70	39	78	79	
71	44	79	85	88	89	
72	31	75	94	
73	46	88	92	
74	21	88	
75	28	82	84	85	86	88	91	95	
76	24	82	84	87	91	92	94	101	
77	26	81	83	86	90	94	98	99	100	
78	27	84	85	
79	49	87	
80	38	86	87	88	94	95	97	
81	33	93	95	96	98	102	104	111	
82	33	89	104	
83	28	90	91	92	101	104	108	
84	39	96	102	108	109	111	
85	49	89	102	
86	32	97	110	
87	17	97	
88	20	101	105	108	111	116	
89	24	97	98	103	111	115	118	
90	25	100	101	102	103	
91	41	104	
92	10	107	114	117	
93	31	98	101	103	105	108	114	115	
94	44	97	98	101	103	108	109	112	115	
95	24	106	117	
96	45	
97	15	
98	13	109	122	
99	11	104	121	122	123	
100	45	112	115	123	
101	42	113	123	
102	49	106	108	111	115	120	
103	16	104	111	
104	14	112	125	129	130	
105	47	114	122	
106	42	112	122	129	131	
107	48	121	127	128	130	132	
108	34	112	124	126	127	131	
109	39	130	131	
110	31	115	124	127	130	
111	32	114	123	124	125	129	
112	49	119	129	
113	19	129	134	
114	18	124	125	135	136	
115	29	125	132	135	
116	15	
117	49	135	136	137	138	
118	10	127	130	131	133	137	140	
119	24	128	138	140	141	
120	14	134	
121	40	136	143	146	
122	47	126	138	147	
123	17	137	139	141	145	148	
124	43	137	
125	40	126	145	
126	46	153	
127	33	
128	46	146	149	
129	29	138	139	141	145	155	
130	19	136	137	141	143	144	
131	44	134	142	152	154	
132	19	135	137	142	147	149	151	
133	37	145	148	152	153	
134	26	142	144	148	150	161	
135	44	149	154	
136	14	141	148	152	155	157	162	163	164	
137	42	160	161	
138	43	146	160	161	
139	36	145	148	149	157	159	160	
140	34	149	154	159	
141	21	153	
142	39	150	154	155	158	159	
143	13	149	150	156	160	166	170	
144	27	154	158	169	171	172	
145	17	158	161	162	170	172	
146	16	150	153	158	170	
147	49	
148	32	153	
149	19	164	180	
150	12	162	164	176	179	
151	20	157	158	
152	32	160	162	164	165	166	170	173	
153	48	160	165	173	
154	41	166	173	179	
155	48	164	166	177	178	
156	49	158	
157	12	167	169	176	178	182	188	
158	39	175	185	186	188	
159	13	165	166	187	
160	19	176	
161	35	165	168	180	
162	49	180	181	187	
163	34	165	169	174	186	
164	36	165	170	171	174	178	
165	30	178	181	190	194	
166	48	173	179	181	
167	13	175	191	192	
168	25	188	191	
169	48	179	180	183	196	
170	49	175	179	195	
171	42	173	194	
172	11	173	193	
173	32	186	190	199	
174	43	182	191	
175	43	186	194	195	
176	43	181	188	192	196	
177	15	187	196	
178	23	189	192	196	
179	20	181	184	188	192	194	
180	10	188	196	
181	16	
182	29	199	
183	35	192	199	
184	25	199	
185	16	191	192	193	194	198	199	
186	13	199	
187	43	
188	27	195	
189	45	
190	10	
191	33	
192	38	
193	43	197	
194	31	
195	47	
196	40	
197	43	
198	43	
199	34	
