node	size	children
0	36	11	14	15	18	20	23	30	
1	23	12	14	23	
2	46	8	10	14	
3	44	9	12	14	16	17	19	25	29	
4	22	8	9	11	12	13	14	16	19	27	
5	43	8	9	17	18	21	22	24	
6	43	8	9	10	13	14	18	20	21	24	25	
7	29	9	11	22	23	
8	14	23	25	26	32	
9	28	20	22	32	
10	21	19	21	23	26	27	28	
11	14	19	26	27	
12	13	21	24	33	35	
13	16	27	
14	39	15	21	22	24	27	36	
15	44	25	38	
16	12	24	33	
17	15	24	29	40	44	
18	39	33	
19	36	30	32	34	37	39	41	
20	35	35	
21	36	25	38	44	
22	17	29	38	42	
23	34	31	37	43	
24	26	32	38	
25	26	35	39	51	
26	11	53	
27	18	32	35	39	42	44	
28	26	35	47	
29	41	35	44	
30	23	48	
31	41	47	
32	30	44	45	49	
33	28	42	45	48	54	
34	16	47	48	53	55	57	
35	43	39	43	45	53	57	
36	26	52	56	
37	12	39	47	51	
38	13	46	47	49	51	52	55	58	68	
39	35	47	50	52	56	64	
40	19	50	56	61	
41	38	56	68	
42	32	48	53	66	67	
43	18	48	50	55	
44	47	50	57	59	
45	20	53	60	66	
46	41	62	69	75	
47	12	54	56	63	70	71	
48	42	54	61	62	71	
49	18	54	58	60	
50	47	57	58	60	75	
51	46	55	75	
52	42	58	59	
53	35	56	58	61	
54	13	68	71	
55	26	63	81	84	
56	14	73	74	76	81	
57	45	62	72	73	77	81	82	
58	33	63	65	67	71	72	73	78	83	
59	11	84	
60	10	66	
61	15	68	76	77	
62	21	75	85	88	91	
63	21	76	
64	38	69	73	85	
65	47	79	
66	21	69	78	79	84	90	
67	38	69	71	72	78	79	80	85	90	
68	18	69	75	90	
69	38	79	83	84	96	99	
70	18	
71	46	80	83	87	89	91	94	98	
72	15	79	90	
73	32	82	85	
74	23	82	89	
75	10	93	
76	22	84	92	98	99	
77	18	92	100	
78	42	85	92	97	100	105	106	
79	15	
80	33	93	95	
81	34	86	91	101	
82	20	91	102	
83	30	90	91	98	100	
84	23	87	98	100	
85	13	92	96	97	105	113	
86	45	93	103	106	
87	42	100	
88	10	96	97	103	109	
89	15	93	97	98	102	104	108	
90	19	95	102	105	109	
91	37	92	95	96	102	105	108	
92	35	104	116	
93	49	107	
94	30	109	118	
95	38	100	102	110	
96	31	110	
97	18	102	105	107	108	119	
98	15	106	115	
99	32	
100	19	115	
101	25	108	111	121	
102	38	108	119	
103	18	112	120	
104	13	113	124	126	
105	22	113	117	125	
106	43	115	127	
107	39	114	126	127	
108	22	119	123	128	131	
109	20	117	122	
110	28	119	124	
111	33	114	119	126	
112	13	114	115	118	121	133	
113	27	
114	18	122	130	133	
115	35	128	136	139	140	141	
116	17	134	138	
117	41	126	128	131	
118	22	122	138	
119	25	122	124	
120	10	124	127	135	
121	24	129	140	
122	25	128	134	135	148	
123	18	
124	22	132	135	145	
125	20	
126	38	
127	39	136	141	
128	40	141	145	146	149	151	155	
129	36	143	144	150	151	
130	14	135	144	147	152	155	
131	36	136	149	155	
132	30	136	137	148	
133	16	137	146	147	
134	22	156	
135	17	154	161	
136	22	142	149	161	163	
137	13	147	150	156	161	164	
138	41	148	160	
139	30	142	145	152	158	161	
140	35	147	149	152	155	
141	43	147	151	162	
142	11	152	153	165	168	170	172	
143	19	149	153	157	161	165	166	
144	13	151	152	163	165	168	
145	21	159	163	167	
146	36	157	160	168	170	
147	24	150	157	169	
148	19	153	168	170	
149	37	178	
150	24	159	161	178	
151	23	173	180	
152	10	166	
153	28	157	174	179	
154	10	157	175	
155	24	164	175	
156	11	162	173	
157	33	165	171	173	177	
158	26	165	171	179	182	
159	41	171	
160	19	173	180	181	
161	49	175	178	185	
162	45	165	170	171	173	175	177	182	
163	25	175	177	183	185	
164	15	170	178	180	184	187	
165	20	174	180	184	188	
166	49	176	177	178	179	
167	27	179	
168	22	177	183	
169	46	177	
170	21	175	180	187	189	190	194	
171	11	185	188	189	
172	26	174	182	187	190	193	
173	40	185	189	191	
174	14	183	187	189	190	195	
175	12	184	197	
176	31	187	199	
177	11	190	198	
178	14	185	188	192	195	196	
179	45	184	192	195	
180	49	186	190	199	
181	42	197	
182	25	188	192	196	197	199	
183	38	188	192	
184	15	
185	38	192	199	
186	28	194	195	
187	17	
188	32	
189	33	
190	15	197	198	
191	47	
192	37	
193	28	
194	37	
195	35	
196	12	
197	18	
198	18	
199	23	
