node	size	children
6	16384	25	60
61	16384	63
32	16384	33
57	16384	61
29	16384	32
8	16384	29	35	42
53	262144	57
35	262144	39
51	65536	53
4	16384	23	35	44
42	262144	51
23	262144	28	40	66
10	65536	20	42
19	262144	23
12	262144	19	74
50	65536	53
74	262144	81
49	65536	57
47	65536	49	77
58	16384	63	74
44	262144	45	58
45	16384	47
43	262144	47
25	262144	28	44	48
38	262144	43	83
24	16384	25	30	52
83	65536	84
21	16384	24
9	16384	21	32	58
84	262144	
15	16384	21
82	16384	84
30	262144	39	60
80	262144	82
39	262144	41
76	16384	80
41	262144	45
68	16384	76
36	16384	41	56	68
75	262144	76
28	262144	29	36	56	79
71	262144	75
56	16384	59
63	65536	71
59	262144	65
70	262144	71
55	65536	59
79	16384	80
52	16384	55
81	262144	82
0	16384	17
48	65536	55
78	262144	81
17	262144	24	50
65	65536	69
77	65536	78
13	16384	17	62	79
54	262144	65
37	16384	49	77
62	16384	69
69	65536	73
34	65536	37
22	262144	31	38	50	62	66	70
73	65536	75
1	16384	22
11	16384	19	34
20	16384	22
67	16384	73
40	262144	43
18	262144	20	46
64	16384	67
7	262144	26
14	65536	18
27	16384	34	40	64	70
66	16384	67
3	262144	27	64
16	65536	18
26	16384	27
46	262144	51	54
2	16384	26	72
72	16384	78
5	16384	31	46
31	262144	33
60	262144	61	72
33	65536	37
