node	size	children
12	16384	15	22
32	16384	35
45	65536	48
1	16384	12	24
30	262144	32
18	262144	20	45
24	65536	25
25	16384	29	30	40
48	262144	51
21	65536	24	36	47
29	16384	31	49
20	16384	21	26	34
46	16384	48
28	65536	29
35	262144	46
5	262144	13	18	20
13	65536	17
31	65536	37
51	262144	52
7	65536	13
26	65536	31
49	262144	51
17	262144	22	28
37	262144	39
52	262144	54
4	16384	17
22	262144	27
34	16384	37
50	16384	52
27	262144	35	42	47
39	262144	41
47	65536	50
0	262144	12
11	262144	27	33
33	16384	39
54	16384	
9	262144	11	23	36
6	65536	16	30	33
53	262144	54
23	262144	25	34
41	65536	50
8	16384	15	23
10	16384	11
38	65536	41	42
15	262144	19
42	262144	44
19	65536	21	28
44	262144	46	53
16	262144	19	26
43	262144	44
14	65536	16	32	38
40	262144	43
3	16384	14
2	16384	14
36	16384	43	45
