node	size	children
0 5 1 2 3 4 5 6 7 8 9 10 11 12 13 14 15 16 17 18 19
1 4 0 2 3 4 5 6 7 8 9 10 11 12 13 14 15 16 17 18 19
2 3 0 1 3 4 5 6 7 8 9 10 11 12 13 14 15 16 17 18 19
3 2 0 1 2 4 5 6 7 8 9 10 11 12 13 14 15 16 17 18 19
4 5 0 1 2 3 5 6 7 8 9 10 11 12 13 14 15 16 17 18 19
5 4 0 1 2 3 4 6 7 8 9 10 11 12 13 14 15 16 17 18 19
6 3 0 1 2 3 4 5 7 8 9 10 11 12 13 14 15 16 17 18 19
7 2 0 1 2 3 4 5 6 8 9 10 11 12 13 14 15 16 17 18 19
8 5 0 1 2 3 4 5 6 7 9 10 11 12 13 14 15 16 17 18 19
9 4 0 1 2 3 4 5 6 7 8 10 11 12 13 14 15 16 17 18 19
10 3 0 1 2 3 4 5 6 7 8 9 11 12 13 14 15 16 17 18 19
11 2 0 1 2 3 4 5 6 7 8 9 10 12 13 14 15 16 17 18 19
12 5 0 1 2 3 4 5 6 7 8 9 10 11 13 14 15 16 17 18 19
13 4 0 1 2 3 4 5 6 7 8 9 10 11 12 14 15 16 17 18 19
14 3 0 1 2 3 4 5 6 7 8 9 10 11 12 13 15 16 17 18 19
15 2 0 1 2 3 4 5 6 7 8 9 10 11 12 13 14 16 17 18 19
16 5 0 1 2 3 4 5 6 7 8 9 10 11 12 13 14 15 17 18 19
17 4 0 1 2 3 4 5 6 7 8 9 10 11 12 13 14 15 16 18 19
18 3 0 1 2 3 4 5 6 7 8 9 10 11 12 13 14 15 16 17 19
19 2 0 1 2 3 4 5 6 7 8 9 10 11 12 13 14 15 16 17 18